raw.x	suc	tot
0.01	8	10
0.01	2	10
0.01	8	10
0.01	9	10
0.01	7	10
0.01	9	10
0.25	8	10
0.25	5	10
0.25	8	10
0.25	9	10
0.25	7	10
0.25	9	10
0.833333333	9	10
0.833333333	4	10
0.833333333	10	10
0.833333333	10	10
0.833333333	9	10
0.833333333	6	10
2.5	8	10
2.5	4	10
2.5	7	10
2.5	8	10
2.5	4	10
2.5	6	10
8.333333333	6	10
8.333333333	7	10
8.333333333	7	10
8.333333333	7	10
8.333333333	7	10
8.333333333	9	10
25	5	10
25	6	10
25	4	10
25	8	10
25	8	10
25	5	10
83.33333333	6	10
83.33333333	5	10
83.33333333	8	10
83.33333333	5	10
83.33333333	5	10
83.33333333	6	10
250	6	10
250	2	10
250	3	10
250	7	10
250	4	10
250	4	10
