raw.x	suc	tot	time
0.01	8	10	t1
0.01	2	10	t1
0.01	8	10	t1
0.01	9	10	t1
0.01	7	10	t1
0.01	9	10	t1
0.25	8	10	t1
0.25	5	10	t1
0.25	8	10	t1
0.25	9	10	t1
0.25	7	10	t1
0.25	9	10	t1
0.833333333	9	10	t1
0.833333333	4	10	t1
0.833333333	10	10	t1
0.833333333	10	10	t1
0.833333333	9	10	t1
0.833333333	6	10	t1
2.5	8	10	t1
2.5	4	10	t1
2.5	7	10	t1
2.5	8	10	t1
2.5	4	10	t1
2.5	6	10	t1
8.333333333	6	10	t1
8.333333333	7	10	t1
8.333333333	7	10	t1
8.333333333	7	10	t1
8.333333333	7	10	t1
8.333333333	9	10	t1
25	5	10	t1
25	6	10	t1
25	4	10	t1
25	8	10	t1
25	8	10	t1
25	5	10	t1
83.33333333	6	10	t1
83.33333333	5	10	t1
83.33333333	8	10	t1
83.33333333	5	10	t1
83.33333333	5	10	t1
83.33333333	6	10	t1
250	6	10	t1
250	2	10	t1
250	3	10	t1
250	7	10	t1
250	4	10	t1
250	4	10	t1
0.01	9	10	t2
0.01	6	10	t2
0.01	8	10	t2
0.01	4	10	t2
0.01	4	10	t2
0.01	6	10	t2
0.25	6	10	t2
0.25	4	10	t2
0.25	5	10	t2
0.25	4	10	t2
0.25	3	10	t2
0.25	5	10	t2
0.833333333	6	10	t2
0.833333333	5	10	t2
0.833333333	5	10	t2
0.833333333	6	10	t2
0.833333333	3	10	t2
0.833333333	4	10	t2
2.5	5	10	t2
2.5	2	10	t2
2.5	4	10	t2
2.5	7	10	t2
2.5	4	10	t2
2.5	7	10	t2
8.333333333	2	10	t2
8.333333333	2	10	t2
8.333333333	4	10	t2
8.333333333	5	10	t2
8.333333333	2	10	t2
8.333333333	5	10	t2
25	na	na	t2
25	4	10	t2
25	6	10	t2
25	4	10	t2
25	2	10	t2
25	7	10	t2
83.33333333	4	10	t2
83.33333333	6	10	t2
83.33333333	6	10	t2
83.33333333	7	10	t2
83.33333333	1	10	t2
83.33333333	0	10	t2
250	1	10	t2
250	1	10	t2
250	6	10	t2
250	4	10	t2
250	6	10	t2
250	4	10	t2
