raw.x	suc	tot	time
0.01	8	10	t1
0.01	5	10	t1
0.01	7	10	t1
0.01	7	10	t1
0.01	9	10	t1
0.3	8	10	t1
0.3	7	10	t1
0.3	6	10	t1
0.3	6	10	t1
0.3	6	10	t1
1	10	10	t1
1	6	10	t1
1	6	10	t1
1	10	10	t1
1	7	10	t1
3	8	10	t1
3	7	10	t1
3	8	10	t1
3	7	10	t1
3	9	10	t1
10	9	10	t1
10	10	10	t1
10	8	10	t1
10	4	10	t1
10	8	10	t1
30	9	10	t1
30	9	10	t1
30	9	10	t1
30	5	10	t1
30	7	10	t1
100	6	10	t1
100	9	10	t1
100	3	10	t1
100	7	10	t1
100	1	10	t1
300	3	10	t1
300	2	10	t1
300	2	10	t1
300	0	10	t1
300	0	10	t1
0.01	4	10	t2
0.01	6	10	t2
0.01	4	10	t2
0.01	6	10	t2
0.01	7	10	t2
0.3	7	10	t2
0.3	4	10	t2
0.3	5	10	t2
0.3	6	10	t2
0.3	7	10	t2
1	7	10	t2
1	7	10	t2
1	2	10	t2
1	9	10	t2
1	4	10	t2
3	5	10	t2
3	7	10	t2
3	6	10	t2
3	2	10	t2
3	10	10	t2
10	7	10	t2
10	7	10	t2
10	6	10	t2
10	2	10	t2
10	10	10	t2
30	8	10	t2
30	7	10	t2
30	4	10	t2
30	9	10	t2
30	7	10	t2
100	8	10	t2
100	6	10	t2
100	4	10	t2
100	6	10	t2
100	8	10	t2
300	1	10	t2
300	1	10	t2
300	3	10	t2
300	6	10	t2
300	4	10	t2
