date	time	date.time	425nm	455nm	485nm	515nm	555nm	615nm	660nm	695nm
43092	0.001967593	43092.00197	0.003	0.002	-0.009	-0.002	-0.001	-0.001	0	0
43092	0.001979167	43092.00198	0.004	-0.001	-0.009	-0.003	-0.002	0	0	0
43092	0.001990741	43092.00199	0.002	0.005	-0.006	-0.003	-0.003	-0.002	0	0
43092	0.002002315	43092.002	0	0.002	-0.004	-0.003	-0.002	-0.001	0.001	-0.001
43092	0.012303241	43092.0123	0	0.004	-0.004	-0.001	-0.001	-0.001	0	0
43092	0.012314815	43092.01231	-0.001	0.003	-0.007	0	0	-0.001	-0.001	0.001
43092	0.012326389	43092.01233	0.002	0	-0.007	-0.002	-0.001	-0.001	-0.002	0.025
43092	0.012337963	43092.01234	-0.002	0.004	0.011	-0.001	-0.001	-0.001	-0.001	0
43092	0.012349537	43092.01235	-0.004	0.002	-0.006	-0.002	-0.001	-0.001	-0.001	0
43092	0.012361111	43092.01236	-0.001	0.003	-0.005	-0.001	-0.001	-0.001	-0.001	0
43092	0.012372685	43092.01237	0.003	0.001	-0.004	-0.004	-0.001	0	-0.001	-0.001
43092	0.022743056	43092.02274	-0.001	0.005	-0.004	-0.003	-0.001	-0.003	0	-0.004
43092	0.02275463	43092.02275	0.002	0.001	0	-0.002	-0.002	-0.002	0	0
43092	0.022766204	43092.02277	0.002	-0.001	-0.003	-0.001	-0.002	-0.001	-0.001	-0.001
43092	0.022777778	43092.02278	0.003	0.003	-0.005	-0.002	-0.002	0	0	0
43092	0.022789352	43092.02279	0.002	0.005	-0.001	-0.002	-0.001	-0.001	-0.001	0
43092	0.022800926	43092.0228	-0.001	0.007	-0.009	-0.003	-0.002	-0.001	-0.001	-0.001
43092	0.0228125	43092.02281	0.001	0.002	-0.006	-0.001	-0.002	-0.001	0	0
43092	0.033136574	43092.03314	-0.001	0.004	-0.001	0	-0.002	-0.001	-0.002	0.001
43092	0.033148148	43092.03315	0	0.004	-0.007	0	-0.001	0	-0.001	0
43092	0.033159722	43092.03316	0.001	0.003	-0.007	-0.002	-0.002	-0.001	0.001	-0.057
43092	0.033171296	43092.03317	0.004	0	-0.014	-0.002	-0.001	-0.002	0	0
43092	0.03318287	43092.03318	0.001	0.003	-0.004	-0.001	0	-0.001	0	0
43092	0.033229167	43092.03323	0.002	0	-0.005	0.003	-0.001	-0.002	0	-0.001
43092	0.043553241	43092.04355	0.003	0.002	-0.003	-0.003	-0.002	0	0	0
43092	0.043564815	43092.04356	-0.001	0.007	-0.008	-0.002	0.001	-0.001	0.001	-0.002
43092	0.043576389	43092.04358	0.004	0.001	-0.004	-0.004	-0.003	-0.001	0	-0.027
43092	0.043587963	43092.04359	0.002	0.002	-0.004	-0.001	-0.001	0	0	0.001
43092	0.043599537	43092.0436	0.001	-0.001	-0.004	-0.001	-0.001	-0.001	0.001	0
43092	0.043611111	43092.04361	0.002	0	-0.008	-0.002	-0.002	-0.002	0	0
43092	0.043622685	43092.04362	0.004	0.002	-0.005	-0.002	-0.003	-0.002	0	0
43092	0.043634259	43092.04363	-0.001	0.003	-0.002	-0.003	-0.003	0	0	0
43092	0.043645833	43092.04365	0.002	0.001	-0.009	-0.002	0	-0.001	0	0
43092	0.053969907	43092.05397	0.001	0.002	-0.006	-0.003	-0.001	-0.002	-0.001	-0.001
43092	0.054050926	43092.05405	0	0.001	-0.005	-0.003	-0.001	-0.002	0.001	0
43092	0.0540625	43092.05406	0.001	0.003	0	-0.001	0	-0.001	0	0
43092	0.064386574	43092.06439	0.001	0.002	-0.002	-0.001	-0.002	-0.001	0	0
43092	0.064398148	43092.0644	-0.001	0.002	-0.005	-0.001	0.001	-0.002	0.001	0
43092	0.064409722	43092.06441	-0.001	0.002	-0.007	-0.002	-0.001	-0.001	-0.002	0.008
43092	0.064421296	43092.06442	-0.001	0.003	-0.005	-0.002	0	0	0	0.001
43092	0.06443287	43092.06443	-0.002	0.004	-0.001	-0.002	-0.002	0	0	0.001
43092	0.064444444	43092.06444	-0.002	0.006	-0.009	-0.002	-0.001	-0.001	0	0
43092	0.064456019	43092.06446	0.001	0.005	-0.005	-0.006	-0.002	-0.002	-0.001	0
43092	0.064467593	43092.06447	0	0.007	-0.007	-0.002	-0.002	0	-0.001	0
43092	0.064479167	43092.06448	0	0	-0.01	-0.001	0	-0.001	0	-0.001
43092	0.074872685	43092.07487	0	0.002	-0.006	-0.004	-0.002	-0.001	0	0
43092	0.074884259	43092.07488	0	0.002	-0.004	-0.002	0	-0.001	0	0.001
43092	0.074895833	43092.0749	-0.001	0.004	-0.006	-0.001	-0.001	-0.004	0	-0.001
43092	0.085219907	43092.08522	0	0	-0.007	-0.003	-0.003	-0.002	0	0
43092	0.085231481	43092.08523	0.001	0.003	-0.005	-0.003	-0.004	0	0.001	-0.002
43092	0.085243056	43092.08524	0	0.002	-0.004	-0.001	-0.001	-0.001	0	0.001
43092	0.08525463	43092.08525	0	-0.001	-0.007	-0.002	-0.003	-0.001	0.001	0
43092	0.085266204	43092.08527	0.002	0.002	-0.003	-0.002	-0.001	0	0.001	0
43092	0.085277778	43092.08528	-0.001	0.003	-0.007	-0.002	-0.002	-0.001	0	-0.001
43092	0.085289352	43092.08529	-0.002	0.002	-0.007	0	0	-0.001	0.001	0
43092	0.085300926	43092.0853	-0.004	0.002	-0.009	-0.002	-0.002	0	0.001	0
43092	0.09568287	43092.09568	-0.001	0.002	-0.006	-0.011	-0.001	-0.001	0	0
43092	0.095694444	43092.09569	0	0.003	-0.001	-0.002	-0.002	-0.002	0.001	0
43092	0.095706019	43092.09571	0.002	0.002	-0.021	-0.002	-0.001	-0.002	0.001	-0.001
43092	0.095717593	43092.09572	-0.001	0.003	-0.007	-0.001	0	-0.001	0	0
43092	0.095729167	43092.09573	0.003	0.004	-0.009	-0.002	-0.001	-0.001	0	0.001
43092	0.106053241	43092.10605	0.002	0	-0.005	0.001	-0.001	-0.001	0	0
43092	0.106064815	43092.10606	0	0.002	-0.008	0	-0.001	0	0.001	0
43092	0.106076389	43092.10608	-0.001	0.001	-0.009	-0.001	-0.005	-0.001	0.001	0.001
43092	0.106087963	43092.10609	-0.003	0.004	-0.007	-0.001	-0.003	-0.001	0	0.006
43092	0.106099537	43092.1061	0.002	0.002	-0.005	-0.002	0	0	0.001	0
43092	0.106111111	43092.10611	0.001	0.003	-0.004	-0.001	-0.001	-0.001	0	0
43092	0.106122685	43092.10612	0.003	-0.001	-0.005	-0.002	-0.002	-0.001	0.001	-0.001
43092	0.11650463	43092.1165	0.003	0.003	-0.008	-0.001	0.002	-0.001	0	0.001
43092	0.116516204	43092.11652	0.002	-0.001	-0.018	0	0	-0.002	0.001	0
43092	0.116527778	43092.11653	0	0.004	-0.004	-0.001	0.001	-0.002	0	0
43092	0.116539352	43092.11654	0.001	0.005	-0.007	-0.002	0	-0.001	0	0
43092	0.116550926	43092.11655	0.003	0.003	-0.009	-0.001	-0.001	0	0	-0.001
43092	0.1165625	43092.11656	0.001	0.003	-0.003	-0.001	-0.001	-0.002	0	0
43092	0.126886574	43092.12689	-0.001	0.003	-0.005	-0.001	0.001	-0.002	0	0
43092	0.126898148	43092.1269	0.002	0.003	-0.007	-0.001	0	-0.001	0	0
43092	0.126909722	43092.12691	0	0.005	-0.005	-0.003	-0.001	-0.001	0.001	-0.001
43092	0.126921296	43092.12692	-0.002	0.003	-0.006	-0.002	0.001	-0.001	0	0
43092	0.12693287	43092.12693	0.001	0.003	-0.006	-0.002	0	0	-0.001	0
43092	0.126944444	43092.12694	0	0.006	-0.001	-0.002	0	-0.002	-0.001	0.001
43092	0.126956019	43092.12696	0	0.005	-0.007	-0.003	0	-0.002	-0.001	0.001
43092	0.126967593	43092.12697	-0.002	0.007	-0.004	0	-0.001	-0.002	0	0
43092	0.126979167	43092.12698	-0.001	0.006	-0.006	0	0	0	-0.001	0.001
43092	0.137314815	43092.13731	0.002	0.005	-0.003	-0.002	-0.001	-0.002	0.001	0
43092	0.137326389	43092.13733	0.004	0	-0.002	-0.001	-0.002	-0.001	0.001	0
43092	0.137337963	43092.13734	-0.003	0.004	-0.007	-0.002	-0.001	-0.001	0	0.019
43092	0.137349537	43092.13735	0.002	0.003	-0.005	-0.001	-0.002	0	-0.001	0
43092	0.137361111	43092.13736	0	0	-0.003	-0.002	0	0	-0.001	-0.001
43092	0.137372685	43092.13737	0.002	0	-0.005	0.001	-0.001	-0.002	-0.001	0
43092	0.137384259	43092.13738	0	0.007	-0.004	-0.002	-0.001	-0.001	0	-0.001
43092	0.137395833	43092.1374	-0.002	0.003	-0.007	-0.001	0.001	0	0	-0.001
43092	0.147719907	43092.14772	-0.002	0.003	-0.009	-0.002	0	-0.001	0	-0.001
43092	0.147731481	43092.14773	0	0.003	-0.001	-0.001	-0.002	-0.001	0	0
43092	0.147743056	43092.14774	0	0.003	-0.005	-0.001	0	-0.002	0.001	0
43092	0.1478125	43092.14781	-0.002	0.001	-0.007	-0.002	-0.001	-0.003	-0.001	0
43092	0.158136574	43092.15814	-0.004	0.003	-0.005	-0.002	0	-0.002	0	-0.001
43092	0.158148148	43092.15815	-0.005	0.002	-0.004	-0.001	0	-0.002	0	-0.001
43092	0.158159722	43092.15816	0.002	0.001	-0.002	-0.002	0	-0.001	0.001	0
43092	0.158171296	43092.15817	-0.001	0.005	-0.004	-0.001	-0.002	-0.001	0	0.026
43092	0.15818287	43092.15818	-0.001	0.002	-0.004	-0.003	0.001	-0.001	0	0
43092	0.158194444	43092.15819	0.001	0.005	-0.001	-0.002	-0.001	-0.001	0.001	0
43092	0.158206019	43092.15821	0.002	0	-0.001	-0.003	-0.001	0	0.001	0.002
43092	0.158217593	43092.15822	0.001	0.001	-0.004	-0.004	-0.001	-0.001	0.001	0
43092	0.158229167	43092.15823	0	0.002	-0.005	-0.003	-0.002	-0.001	0.001	0
43092	0.168553241	43092.16855	0.004	0.003	-0.01	-0.004	-0.001	-0.002	-0.002	0.001
43092	0.168645833	43092.16865	-0.001	0.001	-0.006	0.001	-0.001	-0.002	-0.001	-0.001
43092	0.178969907	43092.17897	-0.001	0.003	-0.007	-0.002	-0.002	-0.001	0.003	0
43092	0.178981481	43092.17898	0	0.003	-0.003	-0.002	-0.001	-0.002	0	0
43092	0.178993056	43092.17899	0.002	0.001	-0.006	0	-0.001	-0.001	-0.001	0
43092	0.17900463	43092.179	-0.001	0.002	-0.008	-0.002	-0.002	-0.001	0	-0.001
43092	0.179016204	43092.17902	-0.001	0.004	-0.005	-0.001	0	-0.001	0	0
43092	0.179027778	43092.17903	-0.002	0.005	-0.006	-0.002	-0.003	-0.002	0	-0.003
43092	0.179039352	43092.17904	-0.001	0.003	-0.002	-0.004	-0.002	-0.002	0.002	0
43092	0.179050926	43092.17905	-0.001	0.005	-0.006	-0.001	0	-0.001	0	0
43092	0.1790625	43092.17906	0.002	0.001	-0.006	-0.001	-0.001	-0.001	0.001	0
43092	0.189386574	43092.18939	0.001	0.005	-0.005	-0.001	-0.001	-0.002	0	0.001
43092	0.189467593	43092.18947	-0.001	0.004	-0.006	-0.003	-0.001	-0.002	0	-0.001
43092	0.189479167	43092.18948	-0.002	0.003	-0.003	-0.001	-0.002	-0.001	0	-0.001
43092	0.199803241	43092.1998	-0.001	-0.001	-0.005	-0.002	-0.002	-0.001	-0.001	-0.001
43092	0.199814815	43092.19981	-0.001	0.004	-0.003	-0.001	-0.002	-0.001	0	0
43092	0.199826389	43092.19983	-0.001	0.002	-0.004	0.008	-0.002	-0.001	0.001	0
43092	0.199837963	43092.19984	-0.001	0.002	-0.002	-0.003	0	-0.001	0	0
43092	0.199849537	43092.19985	-0.001	0.004	-0.006	-0.001	-0.001	-0.001	0	0.001
43092	0.199861111	43092.19986	0	0.003	-0.006	0	0	-0.002	0	0.001
43092	0.199872685	43092.19987	0.001	0.003	0	-0.001	-0.002	-0.001	0	0.001
43092	0.199884259	43092.19988	0	0.002	-0.009	0	0	-0.002	0.001	0
43092	0.199895833	43092.1999	-0.001	0.002	-0.006	0.001	-0.001	-0.001	0	-0.001
43092	0.210289352	43092.21029	0.001	0.003	-0.005	-0.001	-0.003	-0.001	0	0
43092	0.210300926	43092.2103	0.002	0.002	-0.004	0	-0.002	-0.001	0	-0.001
43092	0.2103125	43092.21031	0	0.006	-0.007	-0.001	0	-0.001	-0.001	0
43092	0.220636574	43092.22064	0.001	0.007	0.001	0.003	0.004	0.002	-0.001	0
43092	0.220648148	43092.22065	0.002	0.008	0.001	0.003	0.003	0	0	0
43092	0.220659722	43092.22066	-0.001	0.008	-0.001	0.004	0.001	0	0.001	0.001
43092	0.220671296	43092.22067	0.005	0.009	0	0.005	0.003	-0.001	-0.001	0.001
43092	0.22068287	43092.22068	0.003	0.008	0.001	0.004	0.003	-0.001	0	-0.002
43092	0.220694444	43092.22069	0.001	0.006	0	0.001	0.002	-0.001	0	0.001
43092	0.220706019	43092.22071	0.002	0.006	0	0.004	0	0	0	0
43092	0.220717593	43092.22072	0.004	0.006	0	0.003	0.001	-0.001	0.001	0.001
43092	0.231111111	43092.23111	0.03	0.076	0.083	0.092	0.068	0.007	0.001	0.004
43092	0.231122685	43092.23112	0.028	0.077	0.085	0.093	0.067	0.006	0.003	0.004
43092	0.231134259	43092.23113	0.031	0.073	0.082	0.093	0.067	0.005	0.004	0.004
43092	0.231145833	43092.23115	0.029	0.079	0.09	0.093	0.068	0.005	0.003	0.004
43092	0.241469907	43092.24147	0.115	0.275	0.316	0.33	0.237	0.023	0.01	0.012
43092	0.241481481	43092.24148	0.116	0.279	0.319	0.332	0.239	0.023	0.012	0.012
43092	0.241493056	43092.24149	0.113	0.276	0.319	0.333	0.237	0.023	0.012	0.012
43092	0.24150463	43092.2415	0.112	0.274	0.316	0.332	0.237	0.023	0.012	0.012
43092	0.241516204	43092.24152	0.12	0.272	0.314	0.332	0.237	0.022	0.012	0.013
43092	0.241527778	43092.24153	0.113	0.279	0.319	0.334	0.24	0.022	0.012	0.012
43092	0.241539352	43092.24154	0.112	0.284	0.325	0.337	0.244	0.023	0.011	0.011
43092	0.241550926	43092.24155	0.114	0.28	0.318	0.337	0.243	0.023	0.011	0.013
43092	0.2415625	43092.24156	0.116	0.275	0.319	0.335	0.24	0.023	0.012	0.012
43092	0.251886574	43092.25189	0.235	0.56	0.643	0.666	0.499	0.049	0.022	0.027
43092	0.251979167	43092.25198	0.237	0.56	0.642	0.667	0.5	0.049	0.023	0.025
43092	0.262303241	43092.2623	0.412	0.989	1.22	1.331	1.107	0.106	0.048	0.053
43092	0.262314815	43092.26231	0.409	0.976	1.191	1.309	1.073	0.106	0.048	0.052
43092	0.262326389	43092.26233	0.407	0.969	1.183	1.281	1.061	0.101	0.048	0.052
43092	0.262337963	43092.26234	0.413	0.989	1.218	1.323	1.104	0.105	0.049	0.053
43092	0.262349537	43092.26235	0.415	0.992	1.227	1.34	1.111	0.106	0.048	0.045
43092	0.262361111	43092.26236	0.405	0.967	1.175	1.288	1.049	0.103	0.046	0.051
43092	0.262372685	43092.26237	0.396	0.951	1.162	1.257	1.036	0.099	0.046	0.05
43092	0.262384259	43092.26238	0.411	0.988	1.22	1.32	1.11	0.104	0.049	0.052
43092	0.262395833	43092.2624	0.418	1.002	1.238	1.362	1.129	0.108	0.049	0.054
43092	0.272719907	43092.27272	0.59	1.418	1.788	1.99	1.699	0.165	0.074	0.081
43092	0.27275463	43092.27275	0.589	1.42	1.81	1.998	1.724	0.164	0.074	0.081
43092	0.272766204	43092.27277	0.593	1.428	1.805	2.007	1.722	0.165	0.073	0.091
43092	0.272777778	43092.27278	0.595	1.428	1.787	2.004	1.716	0.166	0.075	0.082
43092	0.272789352	43092.27279	0.598	1.439	1.816	2.014	1.734	0.166	0.075	0.081
43092	0.272800926	43092.2728	0.602	1.447	1.832	2.033	1.748	0.167	0.076	0.083
43092	0.2728125	43092.27281	0.592	1.422	1.785	1.995	1.704	0.165	0.074	0.081
43092	0.283136574	43092.28314	0.335	0.772	0.854	0.874	0.664	0.066	0.03	0.034
43092	0.283148148	43092.28315	0.338	0.771	0.856	0.876	0.664	0.066	0.031	0.036
43092	0.283159722	43092.28316	0.34	0.773	0.856	0.877	0.665	0.067	0.031	0.035
43092	0.283171296	43092.28317	0.339	0.771	0.856	0.876	0.662	0.068	0.031	0.034
43092	0.28318287	43092.28318	0.334	0.767	0.848	0.872	0.662	0.065	0.03	0.048
43092	0.293622685	43092.29362	0.198	0.478	0.601	0.679	0.613	0.066	0.029	0.03
43092	0.293634259	43092.29363	0.2	0.477	0.605	0.685	0.615	0.065	0.029	0.03
43092	0.293645833	43092.29365	0.201	0.486	0.614	0.693	0.625	0.066	0.029	0.03
43092	0.303969907	43092.30397	0.496	1.18	1.493	1.673	1.486	0.155	0.068	0.071
43092	0.303981481	43092.30398	0.491	1.171	1.477	1.659	1.473	0.155	0.07	0.071
43092	0.303993056	43092.30399	0.492	1.173	1.482	1.652	1.475	0.154	0.069	0.071
43092	0.30400463	43092.304	0.496	1.174	1.488	1.671	1.484	0.155	0.068	0.071
43092	0.304016204	43092.30402	0.496	1.175	1.483	1.665	1.481	0.153	0.069	0.11
43092	0.304027778	43092.30403	0.503	1.185	1.49	1.67	1.491	0.156	0.07	0.073
43092	0.304039352	43092.30404	0.499	1.18	1.489	1.672	1.49	0.157	0.07	0.07
43092	0.304050926	43092.30405	0.495	1.174	1.486	1.671	1.481	0.155	0.069	0.071
43092	0.314409722	43092.31441	0.514	1.207	1.514	1.686	1.504	0.16	0.071	0.072
43092	0.314421296	43092.31442	0.509	1.201	1.499	1.68	1.497	0.159	0.07	0.074
43092	0.31443287	43092.31443	0.507	1.193	1.498	1.675	1.493	0.156	0.069	0.072
43092	0.314444444	43092.31444	0.505	1.192	1.499	1.676	1.495	0.157	0.07	0.072
43092	0.314456019	43092.31446	0.51	1.203	1.504	1.683	1.5	0.16	0.07	0.073
43092	0.314467593	43092.31447	0.514	1.213	1.515	1.693	1.513	0.163	0.071	0.074
43092	0.314479167	43092.31448	0.512	1.201	1.507	1.687	1.504	0.161	0.07	0.074
43092	0.324803241	43092.3248	0.807	1.946	2.544	2.917	2.678	0.278	0.123	0.126
43092	0.324814815	43092.32481	0.815	1.952	2.56	2.923	2.693	0.282	0.124	0.127
43092	0.324826389	43092.32483	0.818	1.957	2.56	2.934	2.689	0.286	0.126	0.128
43092	0.324837963	43092.32484	0.814	1.945	2.542	2.906	2.672	0.286	0.125	0.128
43092	0.324849537	43092.32485	0.812	1.943	2.541	2.906	2.674	0.283	0.123	0.125
43092	0.335243056	43092.33524	1.183	2.834	3.711	4.243	3.873	0.401	0.175	0.182
43092	0.33525463	43092.33525	1.175	2.824	3.704	4.23	3.866	0.4	0.176	0.181
43092	0.335266204	43092.33527	1.191	2.842	3.726	4.25	3.889	0.404	0.177	0.183
43092	0.335277778	43092.33528	1.187	2.845	3.726	4.252	3.894	0.405	0.177	0.182
43092	0.335289352	43092.33529	1.19	2.849	3.728	4.259	3.897	0.406	0.178	0.184
43092	0.335300926	43092.3353	1.186	2.841	3.715	4.257	3.889	0.406	0.177	0.182
43092	0.3353125	43092.33531	1.165	2.798	3.662	4.19	3.82	0.399	0.174	0.179
43092	0.345636574	43092.34564	2.844	6.862	9.246	10.774	10.118	1.058	0.457	0.471
43092	0.345648148	43092.34565	2.808	6.796	9.199	10.71	10.075	1.035	0.447	0.466
43092	0.345659722	43092.34566	2.801	6.8	9.22	10.774	10.092	1.022	0.443	0.465
43092	0.345671296	43092.34567	2.808	6.793	9.166	10.665	10.027	1.026	0.447	0.513
43092	0.356064815	43092.35606	1.603	3.837	5.002	5.709	5.226	0.556	0.243	0.247
43092	0.356076389	43092.35608	1.605	3.844	5.013	5.718	5.242	0.553	0.244	0.25
43092	0.356087963	43092.35609	1.616	3.851	5.01	5.718	5.236	0.566	0.248	0.179
43092	0.356099537	43092.3561	1.613	3.845	5	5.7	5.226	0.57	0.249	0.251
43092	0.356111111	43092.35611	1.597	3.818	4.98	5.69	5.201	0.557	0.241	0.246
43092	0.356122685	43092.35612	1.577	3.782	4.938	5.639	5.157	0.543	0.239	0.245
43092	0.356134259	43092.35613	1.591	3.8	4.946	5.641	5.171	0.554	0.243	0.247
43092	0.356145833	43092.35615	1.61	3.845	4.998	5.69	5.222	0.566	0.247	0.25
43092	0.366469907	43092.36647	3.209	7.711	10.23	11.834	10.913	1.153	0.501	0.514
43092	0.366481481	43092.36648	3.302	7.927	10.534	11.983	11.267	1.172	0.515	0.529
43092	0.366493056	43092.36649	3.342	8.049	10.725	12.426	11.469	1.193	0.514	0.536
43092	0.36650463	43092.3665	3.302	7.959	10.577	12.234	11.281	1.175	0.509	0.53
43092	0.376886574	43092.37689	3.707	8.913	11.804	13.547	12.467	1.272	0.553	0.581
43092	0.376898148	43092.3769	3.632	8.7	11.461	13.039	12.059	1.242	0.546	0.567
43092	0.376909722	43092.37691	3.636	8.734	11.51	13.18	12.091	1.254	0.543	0.568
43092	0.376921296	43092.37692	3.62	8.717	11.533	13.162	12.124	1.224	0.534	0.564
43092	0.37693287	43092.37693	3.642	8.756	11.576	13.085	12.202	1.225	0.543	0.568
43092	0.376944444	43092.37694	3.716	8.908	11.745	13.569	12.388	1.301	0.562	0.581
43092	0.376956019	43092.37696	3.713	8.905	11.752	13.342	12.388	1.269	0.557	0.579
43092	0.376967593	43092.37697	3.63	8.709	11.479	13.411	12.037	1.266	0.539	0.564
43092	0.376979167	43092.37698	3.458	8.308	10.953	12.49	11.459	1.173	0.512	0.537
43092	0.387303241	43092.3873	3.735	8.924	11.762	13.533	12.476	1.305	0.567	0.587
43092	0.387314815	43092.38731	3.621	8.634	11.341	12.92	11.957	1.255	0.551	0.566
43092	0.387395833	43092.3874	3.72	8.896	11.751	13.508	12.459	1.306	0.563	0.583
43092	0.397719907	43092.39772	3.944	9.378	12.311	14.142	13.059	1.411	0.606	0.618
43092	0.397731481	43092.39773	3.797	9.082	11.963	14.01	12.644	1.357	0.573	0.595
43092	0.397743056	43092.39774	3.751	8.982	11.85	13.638	12.54	1.31	0.567	0.589
43092	0.39775463	43092.39775	3.749	8.965	11.814	13.79	12.483	1.334	0.565	0.588
43092	0.397766204	43092.39777	4.03	9.602	12.673	14.583	13.516	1.43	0.621	0.635
43092	0.397777778	43092.39778	3.795	9.033	11.841	13.758	12.515	1.357	0.582	0.594
43092	0.397789352	43092.39779	3.976	9.459	12.474	14.07	13.318	1.393	0.616	0.629
43092	0.397800926	43092.3978	3.804	9.1	11.979	14	12.66	1.351	0.574	0.595
43092	0.3978125	43092.39781	3.726	8.908	11.731	13.626	12.403	1.33	0.567	0.585
43092	0.408136574	43092.40814	4.498	10.604	13.854	15.824	14.666	1.585	0.686	0.698
43092	0.418553241	43092.41855	4.695	11.03	14.261	16.636	14.808	1.635	0.686	0.707
43092	0.418564815	43092.41856	5.326	12.482	16.273	18.555	17.204	1.837	0.798	0.816
43092	0.418576389	43092.41858	5.162	12.04	15.634	17.455	16.538	1.748	0.79	0.793
43092	0.418587963	43092.41859	4.866	11.368	14.671	17.091	15.304	1.738	0.727	0.737
43092	0.418599537	43092.4186	5.19	12.19	15.89	18.47	16.744	1.822	0.77	0.839
43092	0.418611111	43092.41861	4.914	11.527	14.939	17.044	15.647	1.661	0.728	0.745
43092	0.418622685	43092.41862	4.892	11.425	14.738	16.983	15.383	1.713	0.732	0.739
43092	0.418634259	43092.41863	5.13	12.01	15.586	18.39	16.384	1.865	0.771	0.781
43092	0.418645833	43092.41865	5.097	11.967	15.605	17.503	16.498	1.712	0.762	0.781
43092	0.428969907	43092.42897	5.059	11.829	15.354	17.954	16.218	1.814	0.767	0.776
43092	0.428981481	43092.42898	4.972	11.648	15.148	17.492	16	1.764	0.753	0.764
43092	0.439398148	43092.4394	5.755	13.381	17.284	19.998	18.133	2.011	0.858	0.869
43092	0.439409722	43092.43941	6.187	14.328	18.544	20.701	19.668	2.106	0.945	0.946
43092	0.439421296	43092.43942	5.49	12.725	16.302	19.633	16.928	2.022	0.816	0.82
43092	0.43943287	43092.43943	5.948	13.797	17.85	19.872	18.873	2.029	0.903	0.916
43092	0.439444444	43092.43944	5.836	13.602	17.66	19.987	18.594	1.967	0.867	0.884
43092	0.439456019	43092.43946	5.682	13.202	17.022	19.559	17.818	1.961	0.847	0.855
43092	0.439467593	43092.43947	6.005	13.887	17.879	20.362	18.827	2.099	0.913	0.91
43092	0.439479167	43092.43948	5.676	13.166	16.949	19.782	17.746	2.028	0.851	0.856
43092	0.449803241	43092.4498	6.133	14.274	18.566	21.091	19.716	2.125	0.935	0.944
43092	0.449814815	43092.44981	5.825	13.556	17.557	19.879	18.502	1.999	0.881	0.89
43092	0.449826389	43092.44983	6.387	14.806	19.187	22.428	20.377	2.36	0.994	0.986
43092	0.449837963	43092.44984	6.744	15.696	20.477	22.72	21.887	2.31	1.038	1.046
43092	0.460277778	43092.46028	6.589	15.37	20.06	22.961	21.449	2.339	1.024	1.027
43092	0.460289352	43092.46029	7.009	16.252	21.177	24.414	22.742	2.573	1.115	1.099
43092	0.460300926	43092.4603	6.768	15.681	20.402	23.895	21.903	2.56	1.088	1.063
43092	0.4603125	43092.46031	6.821	15.905	20.811	23.059	22.36	2.354	1.062	1.066
43092	0.470636574	43092.47064	7.216	16.577	21.322	24.016	22.521	2.512	1.102	1.093
43092	0.470648148	43092.47065	7.164	16.478	21.239	24.222	22.44	2.492	1.089	1.084
43092	0.470659722	43092.47066	6.972	16.029	20.619	23.441	21.68	2.422	1.056	1.051
43092	0.470671296	43092.47067	6.964	16.038	20.624	23.077	21.673	2.347	1.046	1.047
43092	0.481122685	43092.48112	6.867	15.795	20.334	22.986	21.491	2.372	1.051	1.042
43092	0.481134259	43092.48113	6.652	15.339	19.748	22.844	20.804	2.364	1.009	1.008
43092	0.481145833	43092.48115	7.254	16.735	21.661	24.317	23.065	2.486	1.108	1.109
43092	0.491469907	43092.49147	6.831	15.75	20.508	22.936	22.119	2.428	1.094	1.073
43092	0.491481481	43092.49148	6.852	15.818	20.565	23.949	22.105	2.545	1.09	1.071
43092	0.491493056	43092.49149	6.378	14.756	19.128	21.871	20.384	2.284	0.996	0.989
43092	0.49150463	43092.4915	6.691	15.502	20.191	23.24	21.67	2.43	1.047	0.951
43092	0.491516204	43092.49152	6.574	15.225	19.822	23.067	21.234	2.403	1.031	1.025
43092	0.491527778	43092.49153	6.71	15.478	20.126	22.676	21.659	2.408	1.075	1.052
43092	0.491539352	43092.49154	6.612	15.295	19.876	22.997	21.255	2.422	1.032	1.026
43092	0.491550926	43092.49155	6.647	15.394	20.032	23.251	21.455	2.424	1.038	1.034
43092	0.501956019	43092.50196	6.848	15.828	20.675	23.841	22.369	2.474	1.082	1.075
43092	0.501967593	43092.50197	6.308	14.56	18.849	21.646	20.149	2.275	0.99	0.978
43092	0.501979167	43092.50198	6.941	15.978	20.801	24.841	22.482	2.715	1.116	1.091
43092	0.512303241	43092.5123	6.907	15.761	20.381	23.557	21.891	2.483	1.069	1.061
43092	0.512314815	43092.51231	6.58	15.067	19.471	22.86	20.779	2.375	0.999	1.001
43092	0.512326389	43092.51233	6.658	15.235	19.693	23.103	21.063	2.413	1.018	1.018
43092	0.512337963	43092.51234	7.3	16.6	21.49	23.961	23.276	2.537	1.154	1.132
43092	0.512349537	43092.51235	6.341	14.465	18.593	21.747	19.765	2.295	0.972	0.964
43092	0.512361111	43092.51236	7.129	16.273	21.066	23.387	22.698	2.446	1.102	1.098
43092	0.512372685	43092.51237	6.584	15.037	19.412	22.836	20.77	2.387	1.017	1.008
43092	0.512384259	43092.51238	6.785	15.467	19.936	22.055	21.373	2.304	1.046	1.038
43092	0.522777778	43092.52278	6.931	15.778	20.497	24.148	22.284	2.6	1.098	1.078
43092	0.522789352	43092.52279	6.817	15.511	20.167	22.964	21.991	2.459	1.09	1.067
43092	0.522800926	43092.5228	6.436	14.704	19.074	21.977	20.546	2.28	0.988	0.988
43092	0.5228125	43092.52281	6.811	15.523	20.142	23.913	21.816	2.538	1.064	1.054
43092	0.533136574	43092.53314	7.089	16.119	20.795	23.74	22.288	2.481	1.083	1.081
43092	0.533148148	43092.53315	6.71	15.313	19.739	23.451	20.989	2.427	1.006	1.014
43092	0.533159722	43092.53316	6.902	15.729	20.348	23.803	21.83	2.493	1.055	1.031
43092	0.533171296	43092.53317	7.398	16.83	21.806	24.633	23.574	2.569	1.145	1.138
43092	0.53318287	43092.53318	6.493	14.78	19.001	21.978	20.216	2.272	0.984	0.981
43092	0.533194444	43092.53319	7.143	16.236	20.997	23.605	22.633	2.479	1.106	1.097
43092	0.533206019	43092.53321	6.948	15.857	20.506	23.195	21.952	2.351	1.044	1.055
43092	0.543599537	43092.5436	7.235	16.334	20.944	24.057	22.287	2.513	1.09	1.085
43092	0.543611111	43092.54361	6.914	15.618	19.998	23.372	21.209	2.453	1.04	1.035
43092	0.543622685	43092.54362	7.065	16.018	20.592	22.96	21.897	2.338	1.046	1.057
43092	0.543634259	43092.54363	6.685	15.18	19.492	23.052	20.605	2.345	0.984	0.996
43092	0.543645833	43092.54365	7.101	16.037	20.632	23.185	22.087	2.426	1.081	1.074
43092	0.553969907	43092.55397	9.824	21.51	26.339	29.122	26.452	2.953	1.308	1.316
43092	0.553981481	43092.55398	9.809	21.547	26.384	29.598	26.292	2.931	1.263	1.297
43092	0.553993056	43092.55399	9.813	21.506	26.293	29.474	26.241	2.917	1.277	1.298
43092	0.55400463	43092.554	9.083	19.847	24.144	26.549	24.036	2.673	1.194	1.203
43092	0.554016204	43092.55402	9.896	21.697	26.528	29.108	26.524	2.921	1.291	1.314
43092	0.554027778	43092.55403	9.871	21.698	26.598	29.2	26.604	2.858	1.279	1.313
43092	0.56443287	43092.56443	7.656	16.719	20.252	21.296	19.893	2.052	0.955	0.987
43092	0.564444444	43092.56444	7.763	17.037	20.724	25.029	20.271	2.425	0.956	0.999
43092	0.564456019	43092.56446	8.872	19.367	23.625	26.742	23.576	2.677	1.15	1.169
43092	0.564467593	43092.56447	8.145	17.754	21.542	24.055	21.297	2.397	1.048	1.063
43092	0.564479167	43092.56448	8.393	18.358	22.36	24.401	22.173	2.377	1.069	1.097
43092	0.574803241	43092.5748	8.404	18.336	22.187	24.857	21.655	2.428	1.041	1.077
43092	0.574814815	43092.57481	9.65	21.172	25.857	28.875	25.511	2.738	1.193	1.252
43092	0.574826389	43092.57483	8.938	19.508	23.734	27.149	23.417	2.669	1.138	1.164
43092	0.574837963	43092.57484	8.597	18.747	22.671	24.392	22.12	2.348	1.063	1.101
43092	0.574849537	43092.57485	9.692	21.167	25.794	28.811	25.534	2.806	1.228	1.262
43092	0.574861111	43092.57486	9.299	20.268	24.622	26.851	24.347	2.637	1.189	1.214
43092	0.585266204	43092.58527	9.062	19.852	24.373	27.279	24.568	2.745	1.196	1.215
43092	0.585277778	43092.58528	7.646	16.78	20.445	23.038	20.189	2.231	0.962	0.999
43092	0.585289352	43092.58529	8.429	18.534	22.756	24.509	22.803	2.366	1.083	1.122
43092	0.585300926	43092.5853	7.774	17.126	21.033	24.342	20.939	2.358	0.993	1.028
43092	0.5853125	43092.58531	8.633	18.97	23.301	24.587	23.396	2.364	1.114	1.15
43092	0.595636574	43092.59564	6.397	14.223	17.717	20.784	17.862	2.007	0.842	0.873
43092	0.595648148	43092.59565	6.903	15.332	19.173	20.81	19.592	2.023	0.926	0.959
43092	0.595659722	43092.59566	7.243	16.144	20.351	23.501	20.969	2.276	0.976	1.012
43092	0.595671296	43092.59567	6.654	14.819	18.533	19.942	18.853	1.877	0.88	0.916
43092	0.59568287	43092.59568	6.616	14.735	18.381	21.224	18.58	2.035	0.864	0.902
43092	0.595694444	43092.59569	6.808	15.144	18.927	21.304	19.231	2.054	0.9	0.934
43092	0.595706019	43092.59571	6.79	15.12	18.94	22.237	19.268	2.166	0.9	0.935
43092	0.595717593	43092.59572	7.161	15.926	19.959	21.947	20.437	2.112	0.96	0.992
43092	0.606099537	43092.6061	5.101	11.522	14.689	16.96	15.213	1.618	0.696	0.73
43092	0.606111111	43092.60611	5.545	12.512	16.04	18.145	16.909	1.766	0.787	0.812
43092	0.606122685	43092.60612	5.047	11.392	14.496	16.534	15.031	1.581	0.694	0.722
43092	0.606134259	43092.60613	5.403	12.202	15.614	17.623	16.331	1.686	0.747	0.781
43092	0.606145833	43092.60615	5.373	12.11	15.457	18.12	16.167	1.761	0.752	0.778
43092	0.616469907	43092.61647	5.45	12.298	15.65	17.577	16.204	1.666	0.744	0.776
43092	0.616481481	43092.61648	5.326	12.047	15.351	17.762	15.866	1.684	0.724	0.759
43092	0.616493056	43092.61649	5.317	12.03	15.367	17.499	15.921	1.647	0.722	0.76
43092	0.61650463	43092.6165	5.395	12.199	15.58	17.608	16.133	1.639	0.729	0.769
43092	0.616516204	43092.61652	5.44	12.251	15.582	17.698	16.133	1.69	0.746	0.777
43092	0.616527778	43092.61653	5.355	12.052	15.299	17.79	15.818	1.729	0.736	0.763
43092	0.62693287	43092.62693	2.429	5.429	6.699	7.493	6.497	0.661	0.291	0.315
43092	0.626944444	43092.62694	2.505	5.584	6.882	7.612	6.712	0.679	0.303	0.326
43092	0.626956019	43092.62696	2.497	5.578	6.89	7.757	6.728	0.696	0.305	0.326
43092	0.626967593	43092.62697	2.384	5.34	6.576	7.359	6.368	0.647	0.284	0.308
43092	0.626979167	43092.62698	2.531	5.676	7.04	7.813	6.876	0.684	0.305	0.332
43092	0.637303241	43092.6373	3.188	7.074	8.625	9.367	8.244	0.821	0.372	0.404
43092	0.637314815	43092.63731	3.185	7.084	8.666	9.691	8.275	0.844	0.37	0.404
43092	0.637326389	43092.63733	3.157	7.018	8.563	9.391	8.159	0.815	0.366	0.399
43092	0.637337963	43092.63734	3.187	7.095	8.674	9.661	8.297	0.845	0.371	0.405
43092	0.637349537	43092.63735	3.144	7.008	8.563	9.374	8.161	0.807	0.364	0.397
43092	0.637361111	43092.63736	3.232	7.21	8.841	9.791	8.452	0.84	0.373	0.41
43092	0.637372685	43092.63737	3.302	7.342	8.991	9.924	8.631	0.869	0.389	0.421
43092	0.647789352	43092.64779	2.627	5.6	6.479	6.905	5.761	0.587	0.263	0.289
43092	0.647800926	43092.6478	2.568	5.483	6.327	6.766	5.603	0.57	0.255	0.282
43092	0.6478125	43092.64781	2.576	5.524	6.39	6.823	5.654	0.571	0.256	0.285
43092	0.658136574	43092.65814	4.534	9.743	11.389	12.512	10.184	1.049	0.46	0.483
43092	0.658148148	43092.65815	4.378	9.375	10.888	11.272	9.67	0.94	0.438	0.486
43092	0.658159722	43092.65816	4.44	9.526	11.101	12.193	9.863	1.018	0.444	0.493
43092	0.658171296	43092.65817	4.403	9.457	11.05	11.839	9.866	0.988	0.444	0.493
43092	0.65818287	43092.65818	4.163	8.914	10.337	10.829	9.115	0.889	0.408	0.458
43092	0.658194444	43092.65819	4.449	9.538	11.119	11.895	9.933	0.994	0.451	0.498
43092	0.658206019	43092.65821	4.14	8.837	10.242	10.975	9.112	0.938	0.421	0.461
43092	0.658217593	43092.65822	4.141	8.845	10.255	11.087	9.208	0.939	0.413	0.457
43092	0.668611111	43092.66861	7.183	15.345	17.813	19.114	15.619	1.543	0.691	0.78
43092	0.668622685	43092.66862	8.03	17.241	20.227	21.326	18.091	1.735	0.798	0.898
43092	0.668634259	43092.66863	7.488	16.012	18.633	19.943	16.448	1.624	0.735	0.824
43092	0.668645833	43092.66865	7.587	16.16	18.851	20.162	16.744	1.652	0.744	0.835
43092	0.678969907	43092.67897	2.644	5.385	5.895	6.071	4.774	0.478	0.219	0.25
43092	0.678981481	43092.67898	2.728	5.554	6.114	6.281	4.995	0.502	0.232	0.26
43092	0.678993056	43092.67899	2.675	5.441	5.97	6.179	4.866	0.495	0.226	0.252
43092	0.67900463	43092.679	2.694	5.482	6.014	6.173	4.911	0.493	0.227	0.257
43092	0.679016204	43092.67902	2.71	5.53	6.084	6.269	4.967	0.495	0.227	0.257
43092	0.679027778	43092.67903	2.661	5.418	5.942	6.147	4.829	0.485	0.223	0.252
43092	0.679039352	43092.67904	2.682	5.457	5.994	6.181	4.897	0.492	0.227	0.255
43092	0.689444444	43092.68944	2.593	5.385	6.017	6.295	4.94	0.479	0.218	0.253
43092	0.689456019	43092.68946	2.537	5.264	5.859	5.993	4.772	0.452	0.211	0.245
43092	0.689467593	43092.68947	2.605	5.415	6.058	6.274	4.955	0.469	0.215	0.253
43092	0.689479167	43092.68948	2.628	5.436	6.072	6.28	4.955	0.469	0.216	0.253
43092	0.699803241	43092.6998	2.606	5.326	5.86	6.005	4.726	0.469	0.215	0.247
43092	0.699814815	43092.69981	2.595	5.292	5.82	5.995	4.706	0.469	0.216	0.245
43092	0.699826389	43092.69983	2.583	5.258	5.774	5.932	4.678	0.473	0.219	0.244
43092	0.699837963	43092.69984	2.565	5.216	5.722	5.903	4.64	0.473	0.216	0.242
43092	0.699849537	43092.69985	2.554	5.202	5.704	5.864	4.609	0.465	0.212	0.241
43092	0.699861111	43092.69986	2.554	5.217	5.738	5.916	4.636	0.461	0.211	0.241
43092	0.699872685	43092.69987	2.533	5.161	5.668	5.858	4.582	0.459	0.21	0.239
43092	0.699884259	43092.69988	2.501	5.091	5.584	5.735	4.51	0.453	0.208	0.236
43092	0.710277778	43092.71028	1.519	3.157	3.503	3.638	2.869	0.288	0.132	0.149
43092	0.710289352	43092.71029	1.54	3.205	3.552	3.671	2.92	0.293	0.135	0.151
43092	0.710300926	43092.7103	1.529	3.179	3.523	3.664	2.894	0.295	0.135	0.15
43092	0.7103125	43092.71031	1.522	3.166	3.502	3.62	2.897	0.288	0.132	0.15
43092	0.720636574	43092.72064	1.312	2.727	3.001	3.098	2.414	0.24	0.111	0.125
43092	0.720648148	43092.72065	1.308	2.713	2.987	3.064	2.402	0.237	0.11	0.162
43092	0.720659722	43092.72066	1.328	2.763	3.061	3.141	2.467	0.244	0.113	0.128
43092	0.720671296	43092.72067	1.301	2.692	2.97	3.079	2.393	0.239	0.11	0.124
43092	0.72068287	43092.72068	1.298	2.686	2.954	3.025	2.369	0.232	0.108	0.123
43092	0.720694444	43092.72069	1.334	2.776	3.066	3.156	2.472	0.242	0.112	0.129
43092	0.720706019	43092.72071	1.305	2.701	2.981	3.086	2.4	0.241	0.11	0.125
43092	0.731134259	43092.73113	0.821	1.799	2.068	2.197	1.763	0.172	0.079	0.089
43092	0.731145833	43092.73115	0.818	1.796	2.062	2.175	1.754	0.172	0.08	0.088
43092	0.741469907	43092.74147	0.913	1.95	2.184	2.271	1.771	0.176	0.081	0.091
43092	0.741481481	43092.74148	0.911	1.944	2.172	2.257	1.762	0.171	0.081	0.074
43092	0.741493056	43092.74149	0.907	1.934	2.164	2.248	1.754	0.174	0.081	0.091
43092	0.74150463	43092.7415	0.91	1.937	2.163	2.239	1.753	0.176	0.082	0.092
43092	0.741516204	43092.74152	0.923	1.966	2.183	2.269	1.781	0.177	0.082	0.091
43092	0.741527778	43092.74153	0.923	1.967	2.197	2.284	1.786	0.178	0.083	0.093
43092	0.741539352	43092.74154	0.909	1.94	2.172	2.259	1.762	0.176	0.083	0.092
43092	0.741550926	43092.74155	0.905	1.929	2.161	2.241	1.749	0.174	0.081	0.09
43092	0.7415625	43092.74156	0.906	1.935	2.166	2.248	1.756	0.172	0.079	0.09
43092	0.751967593	43092.75197	0.808	1.801	2.149	2.298	1.866	0.171	0.079	0.092
43092	0.751979167	43092.75198	0.802	1.798	2.144	2.306	1.864	0.171	0.08	0.092
43092	0.762303241	43092.7623	0.388	0.854	0.951	0.974	0.712	0.067	0.033	0.037
43092	0.762314815	43092.76231	0.396	0.861	0.958	0.974	0.719	0.068	0.034	0.036
43092	0.762326389	43092.76233	0.396	0.87	0.962	0.986	0.723	0.067	0.034	0.038
43092	0.762337963	43092.76234	0.398	0.872	0.966	0.986	0.727	0.069	0.035	0.038
43092	0.762349537	43092.76235	0.396	0.874	0.963	0.987	0.725	0.07	0.034	0.039
43092	0.762361111	43092.76236	0.395	0.868	0.959	0.985	0.726	0.069	0.033	0.038
43092	0.762372685	43092.76237	0.394	0.871	0.966	0.986	0.728	0.068	0.033	0.039
43092	0.762384259	43092.76238	0.393	0.87	0.966	0.991	0.727	0.07	0.033	0.038
43092	0.762395833	43092.7624	0.386	0.861	0.955	0.978	0.61	0.069	0.033	0.038
43092	0.772719907	43092.77272	0.254	0.565	0.635	0.659	0.482	0.046	0.023	0.024
43092	0.772731481	43092.77273	0.255	0.563	0.635	0.659	0.482	0.045	0.023	0.029
43092	0.772743056	43092.77274	0.254	0.567	0.639	0.663	0.484	0.045	0.023	0.026
43092	0.77275463	43092.77275	0.249	0.565	0.635	0.656	0.481	0.046	0.021	0.026
43092	0.772766204	43092.77277	0.25	0.562	0.629	0.653	0.476	0.046	0.022	0.025
43092	0.772777778	43092.77278	0.254	0.563	0.635	0.656	0.479	0.046	0.022	0.025
43092	0.772789352	43092.77279	0.249	0.564	0.633	0.66	0.482	0.046	0.022	0.025
43092	0.772800926	43092.7728	0.248	0.558	0.631	0.655	0.476	0.045	0.022	0.025
43092	0.7728125	43092.77281	0.251	0.564	0.633	0.655	0.374	0.045	0.022	0.025
43092	0.783136574	43092.78314	0.077	0.186	0.204	0.216	0.157	0.014	0.007	0.008
43092	0.783148148	43092.78315	0.079	0.185	0.202	0.217	0.155	0.014	0.008	0.017
43092	0.783159722	43092.78316	0.076	0.185	0.205	0.217	0.154	0.015	0.006	0.008
43092	0.783171296	43092.78317	0.076	0.185	0.203	0.214	0.155	0.014	0.007	0.009
43092	0.78318287	43092.78318	0.078	0.184	0.205	0.217	0.155	0.015	0.008	0.009
43092	0.783194444	43092.78319	0.08	0.182	0.204	0.214	0.152	0.015	0.008	0.008
43092	0.783206019	43092.78321	0.078	0.178	0.203	0.214	0.154	0.014	0.008	0.008
43092	0.783217593	43092.78322	0.078	0.183	0.204	0.215	0.153	0.015	0.007	0.008
43092	0.783229167	43092.78323	0.08	0.184	0.202	0.213	0.138	0.013	0.008	0.008
43092	0.793553241	43092.79355	0.008	0.024	0.024	0.024	0.016	0.001	0.001	0.001
43092	0.793564815	43092.79356	0.006	0.024	0.018	0.025	0.016	0.001	0.001	0.002
43092	0.793576389	43092.79358	0.006	0.024	0.019	0.022	0.016	0	0	0.001
43092	0.793587963	43092.79359	0.009	0.025	0.016	0.025	0.017	0	0.001	0.001
43092	0.793599537	43092.7936	0.01	0.021	0.022	0.02	0.016	0	0.001	0
43092	0.803969907	43092.80397	0.001	0.003	-0.002	-0.001	-0.001	-0.002	0	0.001
43092	0.803981481	43092.80398	0.003	0.005	-0.005	-0.001	-0.001	-0.001	0	-0.002
43092	0.803993056	43092.80399	-0.002	0.002	-0.007	0.004	-0.003	-0.002	0.002	0
43092	0.80400463	43092.804	0	0.004	-0.004	-0.001	-0.003	-0.001	0	0
43092	0.804016204	43092.80402	-0.001	0.004	-0.007	-0.001	-0.002	-0.001	0	0
43092	0.804027778	43092.80403	0.001	0.001	-0.006	-0.001	-0.002	-0.001	-0.001	0
43092	0.804039352	43092.80404	0.001	0.002	-0.002	0	-0.003	-0.002	0	0
43092	0.804050926	43092.80405	0	-0.001	-0.006	0	0	-0.002	0	0.001
43092	0.8040625	43092.80406	0.001	0.003	-0.004	-0.001	-0.046	-0.001	0	-0.001
43092	0.814386574	43092.81439	0.001	-0.001	-0.003	0	-0.003	-0.001	0	0
43092	0.824803241	43092.8248	0	0.002	-0.004	-0.003	-0.001	0	0	0
43092	0.824814815	43092.82481	0	-0.001	-0.007	-0.001	-0.001	0	0.001	-0.064
43092	0.8353125	43092.83531	0.004	0.003	-0.005	-0.001	0.001	-0.002	0	0
43092	0.845636574	43092.84564	-0.001	0.006	0.006	-0.006	0	-0.002	0.001	0.001
43092	0.845648148	43092.84565	0.002	0.003	-0.011	0.001	-0.003	-0.001	0	0.001
43092	0.845659722	43092.84566	0.003	0.001	-0.008	-0.001	-0.003	-0.002	0.001	0.001
43092	0.845671296	43092.84567	0	0.001	-0.005	0	-0.001	-0.001	0.001	0
43092	0.84568287	43092.84568	0.004	0.002	-0.002	-0.001	-0.001	-0.001	0	-0.001
43092	0.845694444	43092.84569	0	0.002	0	-0.001	0.001	-0.001	0	0.001
43092	0.845706019	43092.84571	0.001	-0.001	-0.007	0	-0.004	-0.001	0	0
43092	0.845717593	43092.84572	0.002	0.004	-0.006	-0.001	-0.001	-0.001	0.001	0
43092	0.845729167	43092.84573	0.002	0.003	-0.007	0	-0.002	0	0	0
43092	0.856053241	43092.85605	0.004	0.001	-0.008	-0.001	-0.001	-0.001	0	0
43092	0.866469907	43092.86647	-0.002	0.002	-0.007	0.002	0.001	-0.002	0	0
43092	0.866481481	43092.86648	0	0.003	-0.006	-0.001	-0.002	-0.001	0	0.001
43092	0.866493056	43092.86649	0.002	0	-0.001	0	-0.002	-0.002	-0.001	0
43092	0.86650463	43092.8665	0	0.004	-0.007	-0.001	-0.001	-0.001	0.001	0
43092	0.866516204	43092.86652	0.001	0.002	-0.004	0	-0.002	-0.002	0	0.002
43092	0.866527778	43092.86653	-0.002	0.001	-0.008	-0.001	-0.003	-0.001	0	0
43092	0.866539352	43092.86654	-0.002	0.002	-0.002	-0.002	-0.002	-0.003	0	0
43092	0.866550926	43092.86655	0.005	0	-0.004	0	-0.002	-0.001	-0.001	-0.001
43092	0.8665625	43092.86656	0.003	0.003	-0.005	-0.001	-0.003	-0.002	-0.001	0.001
43092	0.876886574	43092.87689	-0.003	0.004	-0.004	0	-0.001	0	0	0
43092	0.876898148	43092.8769	0	0.002	-0.004	-0.001	-0.002	-0.001	-0.001	-0.001
43092	0.887303241	43092.8873	-0.004	0.006	-0.003	-0.002	-0.001	-0.001	0	-0.001
43092	0.887314815	43092.88731	0.001	0.001	-0.005	0	-0.001	-0.001	0	0.001
43092	0.887326389	43092.88733	0.002	0.002	-0.003	-0.001	0	-0.001	-0.001	0.001
43092	0.887337963	43092.88734	-0.002	0.005	-0.004	-0.003	-0.001	-0.001	0.001	-0.001
43092	0.887349537	43092.88735	-0.002	0.004	-0.003	0	-0.002	-0.001	0	0
43092	0.887361111	43092.88736	0.001	-0.001	-0.007	-0.002	0	-0.001	0	0
43092	0.887372685	43092.88737	-0.001	0.002	-0.006	0	0	-0.002	-0.001	0
43092	0.887384259	43092.88738	0.001	0.002	-0.006	-0.001	-0.001	-0.001	0.002	0
43092	0.887395833	43092.8874	0	0.004	-0.004	0	-0.002	-0.003	0	0
43092	0.897719907	43092.89772	0.002	0.001	-0.003	0	-0.002	-0.001	0	0
43092	0.897731481	43092.89773	0.001	0.005	-0.006	-0.002	0	-0.002	0.001	0.001
43092	0.908148148	43092.90815	0.002	0.004	-0.009	-0.001	0	-0.001	0.001	0
43092	0.908159722	43092.90816	0.001	0.005	-0.005	0	0	-0.001	0.001	0.001
43092	0.908171296	43092.90817	0.001	0.004	-0.002	-0.002	-0.001	-0.001	-0.002	0
43092	0.90818287	43092.90818	0.001	0.003	-0.009	-0.001	-0.001	-0.002	0	0.001
43092	0.908194444	43092.90819	0.001	0.003	-0.002	0.001	-0.002	-0.001	0	-0.001
43092	0.908206019	43092.90821	-0.001	0.007	-0.007	-0.001	0	-0.001	0	0
43092	0.908217593	43092.90822	-0.001	0.003	-0.007	-0.001	0	-0.001	0.002	0
43092	0.908229167	43092.90823	0	0.003	-0.004	-0.002	-0.005	-0.001	0	0
43092	0.918553241	43092.91855	0.001	0.001	-0.008	-0.001	-0.002	-0.004	0	0
43092	0.918564815	43092.91856	-0.002	0.002	-0.008	0	-0.002	-0.001	-0.001	0
43092	0.918576389	43092.91858	-0.005	0.004	-0.008	0	-0.003	-0.001	-0.001	-0.003
43092	0.918587963	43092.91859	0.001	0.003	-0.007	-0.007	0	-0.001	-0.002	-0.001
43092	0.918599537	43092.9186	0.002	0.002	-0.004	0	-0.001	-0.001	0	0
43092	0.918611111	43092.91861	0.002	0	-0.003	-0.002	-0.003	-0.001	0	0.001
43092	0.918622685	43092.91862	0.003	0.003	-0.004	0	-0.003	-0.002	0	0
43092	0.918634259	43092.91863	0.001	0.001	-0.003	-0.002	-0.001	-0.001	0	0
43092	0.918645833	43092.91865	0	0.004	-0.005	-0.001	-0.001	-0.001	0.001	0
43092	0.928969907	43092.92897	0.001	0.003	-0.006	-0.002	0	-0.002	0	0
43092	0.928981481	43092.92898	-0.004	0.002	-0.008	-0.001	0	-0.001	-0.001	0
43092	0.928993056	43092.92899	-0.005	0.005	-0.003	-0.002	0	-0.002	0	-0.003
43092	0.92900463	43092.929	0.001	0.001	-0.006	0	0	0	-0.001	0
43092	0.929016204	43092.92902	-0.001	0.003	-0.009	-0.001	-0.001	-0.001	-0.001	0.001
43092	0.929027778	43092.92903	0.001	0.006	-0.004	-0.003	0.001	-0.001	0	-0.001
43092	0.929039352	43092.92904	0.003	-0.001	-0.008	-0.003	-0.001	-0.001	0	-0.001
43092	0.929050926	43092.92905	0.001	0.003	-0.006	-0.002	-0.001	0	0	0
43092	0.9290625	43092.92906	-0.002	0.004	-0.006	-0.002	-0.001	-0.001	0	0
43092	0.939386574	43092.93939	0.003	0	-0.006	-0.004	-0.001	-0.002	0	0.001
43092	0.939398148	43092.9394	0.001	0.003	-0.007	-0.003	0	0	0	0
43092	0.939409722	43092.93941	-0.003	0.005	-0.005	-0.002	0	-0.001	-0.001	0.034
43092	0.949803241	43092.9498	0.004	0.001	-0.001	-0.001	0	-0.001	-0.001	0
43092	0.949814815	43092.94981	-0.001	0.004	-0.008	-0.002	0	-0.002	-0.001	0
43092	0.949826389	43092.94983	0.002	0.004	-0.005	-0.001	-0.002	-0.002	0.001	-0.016
43092	0.949837963	43092.94984	-0.002	0.004	-0.006	-0.001	0	-0.001	-0.001	0.001
43092	0.949849537	43092.94985	0.002	0.003	-0.006	-0.002	-0.002	-0.001	0	-0.001
43092	0.949861111	43092.94986	0.004	0.005	-0.005	0.003	0	-0.001	0	-0.001
43092	0.949872685	43092.94987	0.002	0	-0.01	-0.004	-0.002	-0.002	-0.001	-0.001
43092	0.949884259	43092.94988	0.004	-0.001	-0.005	-0.002	0	-0.001	0	0
43092	0.949895833	43092.9499	-0.001	0.003	-0.008	-0.001	0	-0.002	0	0
43092	0.960219907	43092.96022	-0.001	-0.002	-0.006	-0.001	0	-0.001	0.001	0
43092	0.960231481	43092.96023	0.001	0.003	-0.003	-0.002	0	-0.001	0	-0.001
43092	0.9603125	43092.96031	0.003	0.004	-0.005	-0.002	0	-0.002	0	-0.001
43092	0.970636574	43092.97064	0.003	0.003	-0.006	-0.001	0	-0.001	0	0
43092	0.970648148	43092.97065	0	0.004	-0.004	-0.004	0	-0.001	0	0.002
43092	0.970659722	43092.97066	0.002	0	-0.006	-0.002	-0.002	-0.001	0	-0.013
43092	0.970671296	43092.97067	0.001	0.001	-0.003	-0.002	0	-0.001	0	0
43092	0.97068287	43092.97068	-0.002	0.003	-0.006	-0.001	-0.003	-0.002	0	0
43092	0.970694444	43092.97069	0.002	0.003	-0.007	0.001	-0.002	0	0.001	0
43092	0.970706019	43092.97071	0.001	0.004	-0.004	-0.001	-0.001	-0.001	0.002	0
43092	0.970717593	43092.97072	0.003	0.003	-0.008	-0.002	-0.001	-0.001	0.001	0
43092	0.970729167	43092.97073	0.001	0.005	-0.008	-0.002	0.001	-0.001	0.001	-0.001
43092	0.981053241	43092.98105	0.001	-0.002	-0.009	-0.002	-0.002	-0.001	0.001	-0.001
43092	0.981064815	43092.98106	0.003	0.004	-0.006	-0.001	0	-0.001	0.001	0
43092	0.981076389	43092.98108	0.001	0.002	-0.006	-0.003	-0.001	0	0.001	0.046
43092	0.981087963	43092.98109	0.001	0.004	-0.005	-0.002	-0.002	-0.001	0.001	-0.001
43092	0.981099537	43092.9811	-0.001	0.002	-0.005	-0.002	-0.002	-0.001	0	0.001
43092	0.981111111	43092.98111	-0.001	0.002	-0.007	0	0	-0.002	0	0
43092	0.981122685	43092.98112	0.001	0.003	-0.001	-0.003	-0.002	-0.001	0	-0.001
43092	0.981134259	43092.98113	0	0.004	-0.007	-0.002	-0.002	-0.001	0	-0.001
43092	0.981145833	43092.98115	0.002	0.003	-0.011	-0.001	-0.002	-0.001	0.001	0
43092	0.991469907	43092.99147	-0.002	0	-0.004	-0.003	-0.001	-0.002	0	0.001
43092	0.991481481	43092.99148	0.002	0	-0.008	-0.001	-0.001	-0.001	0	-0.001
43092	0.991493056	43092.99149	0	0	-0.003	-0.001	0	0	0	-0.022
43092	0.99150463	43092.9915	-0.001	0.003	-0.002	-0.001	0.001	-0.002	0.001	0
43092	0.991516204	43092.99152	0.004	0.003	-0.011	-0.001	0.001	-0.002	-0.001	0.001
43092	0.991527778	43092.99153	0.002	0.002	-0.007	-0.001	0.001	-0.003	0	0
43092	0.991539352	43092.99154	0	0.001	-0.003	-0.004	-0.003	-0.001	0.001	0
43092	0.991550926	43092.99155	-0.002	0.003	-0.005	-0.002	-0.002	-0.002	0	0
43092	0.9915625	43092.99156	0	0.006	-0.007	-0.002	-0.001	-0.001	0	0.001
