tank	surface	dep.sed	dli	t0	t1	t2	t3	t4	t5
1	down	4.274880118	dli.1	63	62	57	55	55	54
5	down	42.0251334	dli.1	45	43	43	42	41	41
7	down	0.064095052	dli.1	51	50	49	46	46	44
8	down	10.54233682	dli.1	66	66	64	58	50	45
11	down	48.17877761	dli.1	34	34	34	33	32	31
12	down	12.40810913	dli.1	39	36	33	33	33	31
13	down	1.268908798	dli.1	36	36	35	35	33	33
14	down	0.046772065	dli.1	55	55	55	54	52	51
15	down	1.329972327	dli.1	69	68	68	68	64	63
24	down	8.266976006	dli.1	57	53	48	44	41	41
2	down	2.070096947	dli.3	48	48	48	48	48	46
3	down	56.59723006	dli.3	72	70	70	66	65	65
4	down	1.586785609	dli.3	54	51	51	50	49	49
6	down	0.194363914	dli.3	71	71	69	67	65	63
9	down	17.87688951	dli.3	20	20	19	19	19	18
17	down	7.388687032	dli.3	63	62	59	55	54	54
18	down	0.232128026	dli.3	34	32	31	31	30	29
20	down	5.150990185	dli.3	24	24	22	21	19	18
21	down	15.32824505	dli.3	22	22	22	22	22	22
23	down	37.06512914	dli.3	38	37	36	34	32	32
1	top	4.274880118	dli.1	31	31	31	31	25	9
5	top	42.0251334	dli.1	41	27	24	19	5	5
7	top	0.064095052	dli.1	42	38	31	28	28	28
8	top	10.54233682	dli.1	93	90	70	60	11	5
11	top	48.17877761	dli.1	30	30	25	25	15	11
12	top	12.40810913	dli.1	37	37	36	33	15	7
13	top	1.268908798	dli.1	39	38	38	38	37	8
14	top	0.046772065	dli.1	45	44	41	41	38	38
15	top	1.329972327	dli.1	36	35	35	34	34	34
24	top	8.266976006	dli.1	35	33	32	18	1	0
2	top	2.070096947	dli.3	51	51	49	34	21	20
3	top	56.59723006	dli.3	58	5	2	2	0	0
4	top	1.586785609	dli.3	73	52	34	34	33	30
6	top	0.194363914	dli.3	53	49	32	20	5	2
9	top	17.87688951	dli.3	24	20	20	18	17	12
17	top	7.388687032	dli.3	41	41	40	40	39	37
18	top	0.232128026	dli.3	85	84	82	81	77	24
20	top	5.150990185	dli.3	10	10	10	10	10	10
21	top	15.32824505	dli.3	42	39	35	35	33	32
23	top	37.06512914	dli.3	41	9	7	7	7	7
1	vert	4.274880118	dli.1	54	47	45	44	41	36
5	vert	42.0251334	dli.1	84	83	77	77	77	73
7	vert	0.064095052	dli.1	58	57	56	53	53	51
8	vert	10.54233682	dli.1	79	72	65	47	30	18
11	vert	48.17877761	dli.1	46	45	43	43	43	43
12	vert	12.40810913	dli.1	24	22	22	22	22	22
13	vert	1.268908798	dli.1	29	29	28	28	28	23
14	vert	0.046772065	dli.1	34	32	32	32	31	31
15	vert	1.329972327	dli.1	45	45	45	43	43	41
24	vert	8.266976006	dli.1	37	36	33	31	16	15
2	vert	2.070096947	dli.3	56	56	55	52	48	45
3	vert	56.59723006	dli.3	55	53	53	53	53	51
4	vert	1.586785609	dli.3	39	38	38	38	35	33
6	vert	0.194363914	dli.3	59	59	53	48	19	11
9	vert	17.87688951	dli.3	39	37	37	35	34	32
17	vert	7.388687032	dli.3	36	35	34	34	34	34
18	vert	0.232128026	dli.3	85	59	59	57	53	28
20	vert	5.150990185	dli.3	20	19	16	14	13	13
21	vert	15.32824505	dli.3	18	17	16	13	13	13
23	vert	37.06512914	dli.3	46	46	43	40	36	36
