tank	light	ntu	rep	9/12/17	20/12/2017	24/12/2017	27/12/2017	6/01/2017	10/01/2017	22/01/2018	24/01/2018
1	l	100	1	3.70538692	2.343800142	6.394780652	5.425559529	5.675010542	5.295637127	3.203886446	6.394780652
2	h	30	1	0.966622675	0.672998045	1.766944674	2.154113434	3.006404394	4.536890296	1.083552837	1.766944674
3	h	1000	1	68.73154938	23.32107125	45.43126571	76.5736656	108.2955194	20.98506646	41.67650828	45.43126571
4	h	30	2	1.930646902	1.083552837	1.231664376	2.55947133	1.811118291	1.104340421	1.031583876	1.231664376
5	l	1000	1	58.10389686	15.32824505	7.254866957	43.33691659	61.34676002	20.63167752	53.40330433	7.254866957
6	h	0	1	0.197482052	0.145513091	0.262443253	0.291026182	na	0.166300675	0.171497571	0.262443253
7	l	0	1	0.023386032	na	0.330002902	na	0.070158097	0.098741026	na	0.330002902
8	l	300	1	5.22547903	9.614257787	na	10.76277183	13.75098708	8.187709807	15.71281536	na
9	h	300	1	8.086370333	8.587870807	25.84156586	19.30387057	36.72646475	17.73440794	16.82235268	25.84156586
11	l	1000	2	49.5	34.87117284	68.27162408	na	78.4341544	44.58417165	33.50438916	68.27162408
12	l	300	2	2.980419914	na	na	7.478333489	26.46259495	7.384789359	17.73440794	na
13	l	30	1	2.242460668	0.711974766	6.036194821	0.849692513	2.18529481	0.446933065	1.177096967	6.036194821
14	l	0	2	0.08055189	na	0.116930162	na	0.023386032	0.002598448	0.08055189	0.116930162
15	l	30	2	2.426950479	1.070560597	8.962047326	0.743156142	1.967025174	0.696384078	1.075757493	8.962047326
17	h	100	1	3.154515933	5.396976601	na	19.24150781	6.316827211	3.245461615	6.976833016	na
18	h	0	2	na	na	1.257648856	na	0.161103779	0.109134818	0.42614548	1.257648856
20	h	100	2	5.768554672	3.51829866	3.253256959	4.794136653	7.556286931	2.219074635	7.049589561	3.253256959
21	h	300	2	8.95685043	8.595666151	15.1255661	32.88076163	na	12.94027129	13.26767575	15.1255661
23	h	1000	2	49.15744022	16.38581341	13.8601219	45.74827638	46.12505134	30.73964044	34.23455307	13.8601219
24	l	100	2	5.932256899	3.848301563	11.76837122	4.321219108	14.05760395	8.725669755	12.71680476	11.76837122
