date.time	date	time	temp	lux
43423.70156	43423	0.7015625	30.03	11.59
43423.71198	43423	0.711979167	27.97	1.96
43423.7224	43423	0.722395833	27.71	5.25
43423.73281	43423	0.7328125	27.63	5.25
43423.74323	43423	0.743229167	27.58	5.03
43423.75365	43423	0.753645833	27.58	5.25
43423.76406	43423	0.7640625	27.63	4.81
43423.77448	43423	0.774479167	27.41	9.84
43423.7849	43423	0.784895833	27.37	10.28
43423.79531	43423	0.7953125	27.41	9.84
43423.80573	43423	0.805729167	27.84	20.13
43423.81615	43423	0.816145833	28.05	21.00
43423.82656	43423	0.8265625	28.05	19.25
43423.83698	43423	0.836979167	28.05	20.56
43423.8474	43423	0.847395833	28.05	19.69
43423.85781	43423	0.8578125	28.10	20.13
43423.86823	43423	0.868229167	28.05	6.34
43423.87865	43423	0.878645833	28.10	6.34
43423.88906	43423	0.8890625	28.10	6.34
43423.89948	43423	0.899479167	28.14	6.34
43423.9099	43423	0.909895833	28.18	6.34
43423.92031	43423	0.9203125	28.14	6.34
43423.93073	43423	0.930729167	28.18	6.34
43423.94115	43423	0.941145833	28.14	6.34
43423.95156	43423	0.9515625	28.14	6.12
43423.96198	43423	0.961979167	28.18	6.12
43423.9724	43423	0.972395833	28.05	6.12
43423.98281	43423	0.9828125	28.01	0.00
43423.99323	43423	0.993229167	28.01	0.00
43424.00365	43424	0.003645833	28.05	0.00
43424.01406	43424	0.0140625	28.05	0.00
43424.02448	43424	0.024479167	28.10	0.00
43424.0349	43424	0.034895833	28.10	0.00
43424.04531	43424	0.0453125	28.10	0.00
43424.05573	43424	0.055729167	28.10	0.00
43424.06615	43424	0.066145833	28.18	0.00
43424.07656	43424	0.0765625	28.18	0.00
43424.08698	43424	0.086979167	28.14	0.00
43424.0974	43424	0.097395833	28.14	0.00
43424.10781	43424	0.1078125	28.05	0.00
43424.11823	43424	0.118229167	28.10	0.00
43424.12865	43424	0.128645833	28.14	0.00
43424.13906	43424	0.1390625	28.18	0.00
43424.14948	43424	0.149479167	28.14	0.00
43424.1599	43424	0.159895833	28.14	0.21
43424.17031	43424	0.1703125	28.14	0.00
43424.18073	43424	0.180729167	28.14	0.00
43424.19115	43424	0.191145833	28.18	0.00
43424.20156	43424	0.2015625	28.14	0.00
43424.21198	43424	0.211979167	28.14	0.00
43424.2224	43424	0.222395833	28.14	0.00
43424.23281	43424	0.2328125	28.18	0.00
43424.24323	43424	0.243229167	28.18	0.00
43424.25365	43424	0.253645833	28.18	0.00
43424.26406	43424	0.2640625	28.23	0.00
43424.27448	43424	0.274479167	28.35	2.18
43424.2849	43424	0.284895833	28.48	2.18
43424.29531	43424	0.2953125	28.65	2.18
43424.30573	43424	0.305729167	28.44	2.18
43424.31615	43424	0.316145833	28.40	2.18
43424.32656	43424	0.3265625	28.31	2.18
43424.33698	43424	0.336979167	28.31	2.18
43424.3474	43424	0.347395833	28.53	2.18
43424.35781	43424	0.3578125	28.48	2.18
43424.36823	43424	0.368229167	28.35	2.40
43424.37865	43424	0.378645833	28.18	2.40
43424.38906	43424	0.3890625	28.18	2.40
43424.39948	43424	0.399479167	28.10	2.40
43424.4099	43424	0.409895833	28.27	2.18
43424.42031	43424	0.4203125	28.18	7.65
43424.43073	43424	0.430729167	28.23	22.75
43424.44115	43424	0.441145833	28.23	23.19
43424.45156	43424	0.4515625	28.18	23.63
43424.46198	43424	0.461979167	28.14	24.06
43424.4724	43424	0.472395833	28.18	23.63
43424.48281	43424	0.4828125	28.31	23.63
43424.49323	43424	0.493229167	28.27	23.63
43424.50365	43424	0.503645833	28.31	23.63
43424.51406	43424	0.5140625	28.14	24.06
43424.52448	43424	0.524479167	28.05	24.50
43424.5349	43424	0.534895833	28.01	24.94
43424.54531	43424	0.5453125	27.97	24.50
43424.55573	43424	0.555729167	27.93	24.50
43424.56615	43424	0.566145833	27.93	24.06
43424.57656	43424	0.5765625	27.88	25.38
43424.58698	43424	0.586979167	27.88	24.06
43424.5974	43424	0.597395833	27.88	24.06
43424.60781	43424	0.6078125	27.80	24.50
43424.61823	43424	0.618229167	27.84	24.50
43424.62865	43424	0.628645833	27.84	24.06
43424.63906	43424	0.6390625	27.84	24.94
43424.64948	43424	0.649479167	27.84	24.50
43424.6599	43424	0.659895833	27.93	25.38
43424.67031	43424	0.6703125	27.97	31.07
43424.68073	43424	0.680729167	28.01	25.82
43424.69115	43424	0.691145833	27.97	22.31
43424.70156	43424	0.7015625	27.93	22.75
43424.71198	43424	0.711979167	27.93	22.75
43424.7224	43424	0.722395833	27.84	22.31
43424.73281	43424	0.7328125	27.80	22.31
43424.74323	43424	0.743229167	27.75	22.75
43424.75365	43424	0.753645833	27.75	22.75
43424.76406	43424	0.7640625	27.71	22.75
43424.77448	43424	0.774479167	27.80	22.75
43424.7849	43424	0.784895833	27.80	22.31
43424.79531	43424	0.7953125	27.75	21.88
43424.80573	43424	0.805729167	27.71	22.31
43424.81615	43424	0.816145833	27.75	21.00
43424.82656	43424	0.8265625	27.84	22.75
43424.83698	43424	0.836979167	27.93	22.31
43424.8474	43424	0.847395833	27.88	21.88
43424.85781	43424	0.8578125	27.88	21.00
43424.86823	43424	0.868229167	27.93	22.75
43424.87865	43424	0.878645833	28.01	22.31
43424.88906	43424	0.8890625	27.93	1.96
43424.89948	43424	0.899479167	27.97	1.96
43424.9099	43424	0.909895833	27.97	2.40
43424.92031	43424	0.9203125	27.93	1.96
43424.93073	43424	0.930729167	27.84	1.96
43424.94115	43424	0.941145833	27.88	1.96
43424.95156	43424	0.9515625	27.93	1.96
43424.96198	43424	0.961979167	27.93	2.18
43424.9724	43424	0.972395833	27.93	1.96
43424.98281	43424	0.9828125	27.93	1.96
43424.99323	43424	0.993229167	27.84	1.96
43425.00365	43425	0.003645833	27.93	1.96
43425.01406	43425	0.0140625	27.88	1.96
43425.02448	43425	0.024479167	27.93	1.96
43425.0349	43425	0.034895833	27.93	1.96
43425.04531	43425	0.0453125	27.97	1.96
43425.05573	43425	0.055729167	28.05	1.96
43425.06615	43425	0.066145833	28.01	1.96
43425.07656	43425	0.0765625	28.05	1.96
43425.08698	43425	0.086979167	28.01	1.96
43425.0974	43425	0.097395833	28.01	1.96
43425.10781	43425	0.1078125	28.01	1.96
43425.11823	43425	0.118229167	28.10	1.96
43425.12865	43425	0.128645833	28.10	1.96
43425.13906	43425	0.1390625	28.01	1.96
43425.14948	43425	0.149479167	28.05	1.96
43425.1599	43425	0.159895833	28.05	1.96
43425.17031	43425	0.1703125	28.01	1.96
43425.18073	43425	0.180729167	28.05	1.96
43425.19115	43425	0.191145833	28.05	1.96
43425.20156	43425	0.2015625	28.05	1.96
43425.21198	43425	0.211979167	28.10	1.96
43425.2224	43425	0.222395833	28.05	1.96
43425.23281	43425	0.2328125	28.05	1.96
43425.24323	43425	0.243229167	28.10	1.96
43425.25365	43425	0.253645833	28.10	1.96
43425.26406	43425	0.2640625	28.10	1.96
43425.27448	43425	0.274479167	28.14	1.96
43425.2849	43425	0.284895833	28.10	2.40
43425.29531	43425	0.2953125	32.34	19440.64
43425.30573	43425	0.305729167	34.02	19317.76
43425.31615	43425	0.316145833	32.00	12574.72
43425.32656	43425	0.3265625	37.45	80486.40
43425.33698	43425	0.336979167	34.36	64491.52
43425.3474	43425	0.347395833	34.32	1482.24
43425.35781	43425	0.3578125	35.26	18754.56
43425.36823	43425	0.368229167	37.28	22200.32
43425.37865	43425	0.378645833	38.22	17003.52
43425.38906	43425	0.3890625	31.36	5568.00
43425.39948	43425	0.399479167	32.60	11760.64
43425.4099	43425	0.409895833	35.05	15344.64
43425.42031	43425	0.4203125	34.92	51978.24
43425.43073	43425	0.430729167	30.03	14279.68
43425.44115	43425	0.441145833	28.65	17208.32
43425.45156	43425	0.4515625	28.83	11555.84
43425.46198	43425	0.461979167	28.78	11243.52
43425.4724	43425	0.472395833	28.78	10618.88
43425.48281	43425	0.4828125	28.91	11632.64
43425.49323	43425	0.493229167	28.95	10355.20
43425.50365	43425	0.503645833	28.91	10690.56
43425.51406	43425	0.5140625	28.95	9710.08
43425.52448	43425	0.524479167	29.00	10045.44
43425.5349	43425	0.534895833	28.91	9326.08
43425.54531	43425	0.5453125	28.91	2067.20
43425.55573	43425	0.555729167	29.04	6835.20
43425.56615	43425	0.566145833	29.08	6289.92
43425.57656	43425	0.5765625	29.17	5568.00
43425.58698	43425	0.586979167	29.13	5139.20
43425.5974	43425	0.597395833	29.00	4883.20
43425.60781	43425	0.6078125	29.08	4372.48
43425.61823	43425	0.618229167	29.08	4263.68
43425.62865	43425	0.628645833	28.95	4007.68
43425.63906	43425	0.6390625	28.91	3479.04
43425.64948	43425	0.649479167	28.91	3010.56
43425.6599	43425	0.659895833	28.83	2653.44
43425.67031	43425	0.6703125	28.91	2303.36
43425.68073	43425	0.680729167	28.83	1958.40
43425.69115	43425	0.691145833	28.78	1639.68
43425.70156	43425	0.7015625	28.74	1376.64
43425.71198	43425	0.711979167	28.74	1133.44
43425.7224	43425	0.722395833	28.74	896.64
43425.73281	43425	0.7328125	28.74	664.96
43425.74323	43425	0.743229167	28.70	465.60
43425.75365	43425	0.753645833	28.65	276.80
43425.76406	43425	0.7640625	28.65	120.20
43425.77448	43425	0.774479167	28.65	19.25
43425.7849	43425	0.784895833	28.61	0.43
43425.79531	43425	0.7953125	28.57	0.00
43425.80573	43425	0.805729167	28.65	0.00
43425.81615	43425	0.816145833	28.65	0.00
43425.82656	43425	0.8265625	28.70	0.00
43425.83698	43425	0.836979167	28.70	0.00
43425.8474	43425	0.847395833	28.70	0.00
43425.85781	43425	0.8578125	28.65	0.00
43425.86823	43425	0.868229167	28.65	0.00
43425.87865	43425	0.878645833	28.61	0.00
43425.88906	43425	0.8890625	28.61	0.00
43425.89948	43425	0.899479167	28.57	0.00
43425.9099	43425	0.909895833	28.61	0.00
43425.92031	43425	0.9203125	28.53	0.00
43425.93073	43425	0.930729167	28.57	0.00
43425.94115	43425	0.941145833	28.65	0.00
43425.95156	43425	0.9515625	28.65	0.00
43425.96198	43425	0.961979167	28.65	0.00
43425.9724	43425	0.972395833	28.70	0.00
43425.98281	43425	0.9828125	28.70	0.00
43425.99323	43425	0.993229167	28.70	0.00
43426.00365	43426	0.003645833	28.65	0.00
43426.01406	43426	0.0140625	28.65	0.00
43426.02448	43426	0.024479167	28.61	0.00
43426.0349	43426	0.034895833	28.61	0.00
43426.04531	43426	0.0453125	28.57	0.00
43426.05573	43426	0.055729167	28.48	0.00
43426.06615	43426	0.066145833	28.35	0.00
43426.07656	43426	0.0765625	28.35	0.00
43426.08698	43426	0.086979167	28.35	0.00
43426.0974	43426	0.097395833	28.44	0.00
43426.10781	43426	0.1078125	28.44	0.00
43426.11823	43426	0.118229167	28.53	0.00
43426.12865	43426	0.128645833	28.57	0.00
43426.13906	43426	0.1390625	28.70	0.00
43426.14948	43426	0.149479167	28.78	0.00
43426.1599	43426	0.159895833	28.48	0.00
43426.17031	43426	0.1703125	28.53	0.00
43426.18073	43426	0.180729167	28.48	0.00
43426.19115	43426	0.191145833	28.53	0.00
43426.20156	43426	0.2015625	28.57	0.00
43426.21198	43426	0.211979167	28.57	0.43
43426.2224	43426	0.222395833	28.53	21.44
43426.23281	43426	0.2328125	28.44	126.44
43426.24323	43426	0.243229167	28.48	324.88
43426.25365	43426	0.253645833	28.48	666.24
43426.26406	43426	0.2640625	28.53	1680.00
43426.27448	43426	0.274479167	28.53	1727.36
43426.2849	43426	0.284895833	28.48	1299.52
43426.29531	43426	0.2953125	28.53	1608.32
43426.30573	43426	0.305729167	28.48	4903.68
43426.31615	43426	0.316145833	28.57	5198.08
43426.32656	43426	0.3265625	28.53	2101.76
43426.33698	43426	0.336979167	28.65	5862.40
43426.3474	43426	0.347395833	28.74	6238.72
43426.35781	43426	0.3578125	28.65	7708.16
43426.36823	43426	0.368229167	28.74	3006.72
43426.37865	43426	0.378645833	28.74	9648.64
43426.38906	43426	0.3890625	28.70	8491.52
43426.39948	43426	0.399479167	28.57	2424.32
43426.4099	43426	0.409895833	28.74	9164.80
43426.42031	43426	0.4203125	28.61	2950.40
43426.43073	43426	0.430729167	28.61	2773.76
43426.44115	43426	0.441145833	28.61	3011.84
43426.45156	43426	0.4515625	28.57	3297.28
43426.46198	43426	0.461979167	28.65	10880.00
43426.4724	43426	0.472395833	28.65	4725.76
43426.48281	43426	0.4828125	28.65	2767.36
43426.49323	43426	0.493229167	28.74	9710.08
43426.50365	43426	0.503645833	28.87	3741.44
43426.51406	43426	0.5140625	29.00	6138.88
43426.52448	43426	0.524479167	29.13	8547.84
43426.5349	43426	0.534895833	29.04	3654.40
43426.54531	43426	0.5453125	29.04	2625.28
43426.55573	43426	0.555729167	29.08	3395.84
43426.56615	43426	0.566145833	29.08	2877.44
43426.57656	43426	0.5765625	29.21	5496.32
43426.58698	43426	0.586979167	29.26	5352.96
43426.5974	43426	0.597395833	29.17	4554.24
43426.60781	43426	0.6078125	29.17	4298.24
43426.61823	43426	0.618229167	29.17	3735.04
43426.62865	43426	0.628645833	29.17	3514.88
43426.63906	43426	0.6390625	29.08	3301.12
43426.64948	43426	0.649479167	28.91	2920.96
43426.6599	43426	0.659895833	28.87	2616.96
43426.67031	43426	0.6703125	28.91	603.36
43426.68073	43426	0.680729167	29.00	543.04
43426.69115	43426	0.691145833	29.00	449.76
43426.70156	43426	0.7015625	28.95	286.40
43426.71198	43426	0.711979167	29.00	296.88
43426.7224	43426	0.722395833	28.95	463.84
43426.73281	43426	0.7328125	28.87	478.72
43426.74323	43426	0.743229167	28.87	295.12
43426.75365	43426	0.753645833	28.91	199.28
43426.76406	43426	0.7640625	28.87	55.24
43426.77448	43426	0.774479167	28.83	6.78
43426.7849	43426	0.784895833	28.87	0.00
43426.79531	43426	0.7953125	28.87	0.00
43426.80573	43426	0.805729167	28.83	0.00
43426.81615	43426	0.816145833	28.83	0.00
43426.82656	43426	0.8265625	28.78	0.00
43426.83698	43426	0.836979167	28.83	0.00
43426.8474	43426	0.847395833	28.83	0.00
43426.85781	43426	0.8578125	28.74	0.00
43426.86823	43426	0.868229167	28.74	0.00
43426.87865	43426	0.878645833	28.70	0.00
43426.88906	43426	0.8890625	28.61	0.00
43426.89948	43426	0.899479167	28.65	0.00
43426.9099	43426	0.909895833	28.70	0.00
43426.92031	43426	0.9203125	28.83	0.00
43426.93073	43426	0.930729167	28.83	0.00
43426.94115	43426	0.941145833	28.87	0.00
43426.95156	43426	0.9515625	28.87	0.00
43426.96198	43426	0.961979167	28.87	0.00
43426.9724	43426	0.972395833	28.87	0.00
43426.98281	43426	0.9828125	28.83	0.00
43426.99323	43426	0.993229167	28.83	0.00
43427.00365	43427	0.003645833	28.83	0.00
43427.01406	43427	0.0140625	28.78	0.00
43427.02448	43427	0.024479167	28.78	0.00
43427.0349	43427	0.034895833	28.87	0.00
43427.04531	43427	0.0453125	28.83	0.00
43427.05573	43427	0.055729167	28.74	0.00
43427.06615	43427	0.066145833	28.74	0.00
43427.07656	43427	0.0765625	28.74	0.00
43427.08698	43427	0.086979167	28.61	0.00
43427.0974	43427	0.097395833	28.65	0.00
43427.10781	43427	0.1078125	28.70	0.00
43427.11823	43427	0.118229167	28.65	0.00
43427.12865	43427	0.128645833	28.70	0.00
43427.13906	43427	0.1390625	28.83	0.00
43427.14948	43427	0.149479167	29.04	0.21
43427.1599	43427	0.159895833	28.91	0.00
43427.17031	43427	0.1703125	28.91	0.00
43427.18073	43427	0.180729167	28.91	0.00
43427.19115	43427	0.191145833	28.65	0.00
43427.20156	43427	0.2015625	28.70	0.00
43427.21198	43427	0.211979167	28.74	0.00
43427.2224	43427	0.222395833	28.70	7.87
43427.23281	43427	0.2328125	28.70	51.74
43427.24323	43427	0.243229167	28.65	93.96
43427.25365	43427	0.253645833	28.65	234.56
43427.26406	43427	0.2640625	28.61	622.72
43427.27448	43427	0.274479167	28.61	872.96
43427.2849	43427	0.284895833	28.65	2795.52
43427.29531	43427	0.2953125	28.65	4035.84
43427.30573	43427	0.305729167	28.70	4547.84
43427.31615	43427	0.316145833	28.74	5222.40
43427.32656	43427	0.3265625	28.70	5480.96
43427.33698	43427	0.336979167	28.74	2048.00
43427.3474	43427	0.347395833	28.83	6673.92
43427.35781	43427	0.3578125	28.83	7534.08
43427.36823	43427	0.368229167	28.91	7736.32
43427.37865	43427	0.378645833	28.91	8010.24
43427.38906	43427	0.3890625	29.00	5393.92
43427.39948	43427	0.399479167	28.95	3100.16
43427.4099	43427	0.409895833	29.00	3854.08
43427.42031	43427	0.4203125	28.91	2840.32
43427.43073	43427	0.430729167	29.08	8680.96
43427.44115	43427	0.441145833	29.08	8995.84
43427.45156	43427	0.4515625	29.13	8906.24
43427.46198	43427	0.461979167	29.21	9011.20
43427.4724	43427	0.472395833	29.21	9080.32
43427.48281	43427	0.4828125	29.21	7022.08
43427.49323	43427	0.493229167	29.34	8394.24
43427.50365	43427	0.503645833	29.34	5281.28
43427.51406	43427	0.5140625	29.43	8281.60
43427.52448	43427	0.524479167	29.43	7011.84
43427.5349	43427	0.534895833	29.47	6553.60
43427.54531	43427	0.5453125	29.47	6479.36
43427.55573	43427	0.555729167	29.47	5529.60
43427.56615	43427	0.566145833	29.43	5918.72
43427.57656	43427	0.5765625	29.47	5030.40
43427.58698	43427	0.586979167	29.47	4512.00
43427.5974	43427	0.597395833	29.56	4263.68
43427.60781	43427	0.6078125	29.56	4053.76
43427.61823	43427	0.618229167	29.56	3688.96
43427.62865	43427	0.628645833	29.60	3526.40
43427.63906	43427	0.6390625	29.56	3159.04
43427.64948	43427	0.649479167	29.60	2762.24
43427.6599	43427	0.659895833	29.60	2606.08
43427.67031	43427	0.6703125	29.30	2464.64
43427.68073	43427	0.680729167	29.21	2174.08
43427.69115	43427	0.691145833	29.26	1739.52
43427.70156	43427	0.7015625	29.30	1212.80
43427.71198	43427	0.711979167	29.30	995.84
43427.7224	43427	0.722395833	29.26	833.60
43427.73281	43427	0.7328125	29.26	592.96
43427.74323	43427	0.743229167	29.26	428.00
43427.75365	43427	0.753645833	29.26	265.20
43427.76406	43427	0.7640625	29.26	121.08
43427.77448	43427	0.774479167	29.13	28.00
43427.7849	43427	0.784895833	29.17	0.87
43427.79531	43427	0.7953125	29.17	0.00
43427.80573	43427	0.805729167	29.08	0.00
43427.81615	43427	0.816145833	29.08	0.00
43427.82656	43427	0.8265625	29.17	0.00
43427.83698	43427	0.836979167	29.21	0.00
43427.8474	43427	0.847395833	29.17	0.00
43427.85781	43427	0.8578125	29.21	0.00
43427.86823	43427	0.868229167	29.21	0.00
43427.87865	43427	0.878645833	29.17	0.00
43427.88906	43427	0.8890625	29.13	0.00
43427.89948	43427	0.899479167	29.08	0.21
43427.9099	43427	0.909895833	29.04	0.00
43427.92031	43427	0.9203125	29.04	0.00
43427.93073	43427	0.930729167	29.04	0.00
43427.94115	43427	0.941145833	29.08	0.00
43427.95156	43427	0.9515625	29.04	0.00
43427.96198	43427	0.961979167	29.04	0.00
43427.9724	43427	0.972395833	29.04	0.00
43427.98281	43427	0.9828125	29.04	0.00
43427.99323	43427	0.993229167	29.04	0.00
43428.00365	43428	0.003645833	29.04	0.00
43428.01406	43428	0.0140625	29.08	0.00
43428.02448	43428	0.024479167	29.04	0.00
43428.0349	43428	0.034895833	29.04	0.00
43428.04531	43428	0.0453125	29.08	0.00
43428.05573	43428	0.055729167	29.08	0.00
43428.06615	43428	0.066145833	29.08	0.00
43428.07656	43428	0.0765625	29.08	0.00
43428.08698	43428	0.086979167	29.04	0.00
43428.0974	43428	0.097395833	28.91	0.00
43428.10781	43428	0.1078125	28.91	0.00
43428.11823	43428	0.118229167	28.95	0.00
43428.12865	43428	0.128645833	29.26	0.00
43428.13906	43428	0.1390625	29.43	0.00
43428.14948	43428	0.149479167	29.56	0.00
43428.1599	43428	0.159895833	29.64	0.00
43428.17031	43428	0.1703125	29.64	0.00
43428.18073	43428	0.180729167	29.60	0.00
43428.19115	43428	0.191145833	29.51	0.00
43428.20156	43428	0.2015625	29.26	0.00
43428.21198	43428	0.211979167	29.00	0.43
43428.2224	43428	0.222395833	29.13	25.38
43428.23281	43428	0.2328125	29.13	139.60
43428.24323	43428	0.243229167	29.08	331.20
43428.25365	43428	0.253645833	29.08	857.92
43428.26406	43428	0.2640625	29.08	1569.92
43428.27448	43428	0.274479167	29.13	2520.32
43428.2849	43428	0.284895833	29.08	3383.04
43428.29531	43428	0.2953125	29.08	4256.00
43428.30573	43428	0.305729167	29.08	5044.48
43428.31615	43428	0.316145833	29.13	5962.24
43428.32656	43428	0.3265625	29.13	6725.12
43428.33698	43428	0.336979167	29.21	7196.16
43428.3474	43428	0.347395833	29.26	7203.84
43428.35781	43428	0.3578125	29.21	8079.36
43428.36823	43428	0.368229167	29.21	8317.44
43428.37865	43428	0.378645833	29.30	8611.84
43428.38906	43428	0.3890625	29.30	8092.16
43428.39948	43428	0.399479167	29.30	8225.28
43428.4099	43428	0.409895833	29.43	8442.88
43428.42031	43428	0.4203125	29.47	7982.08
43428.43073	43428	0.430729167	29.51	7982.08
43428.44115	43428	0.441145833	29.51	8023.04
43428.45156	43428	0.4515625	29.60	7462.40
43428.46198	43428	0.461979167	29.60	7385.60
43428.4724	43428	0.472395833	29.64	7006.72
43428.48281	43428	0.4828125	29.68	6763.52
43428.49323	43428	0.493229167	29.68	6556.16
43428.50365	43428	0.503645833	29.64	6451.20
43428.51406	43428	0.5140625	29.73	5785.60
43428.52448	43428	0.524479167	29.68	5911.04
43428.5349	43428	0.534895833	29.68	5739.52
43428.54531	43428	0.5453125	29.64	5593.60
43428.55573	43428	0.555729167	29.68	5155.84
43428.56615	43428	0.566145833	29.68	4949.76
43428.57656	43428	0.5765625	29.68	4711.68
43428.58698	43428	0.586979167	29.73	4382.72
43428.5974	43428	0.597395833	29.73	4165.12
43428.60781	43428	0.6078125	29.90	3793.92
43428.61823	43428	0.618229167	29.94	3544.32
43428.62865	43428	0.628645833	29.94	3301.12
43428.63906	43428	0.6390625	29.94	2894.08
43428.64948	43428	0.649479167	29.90	2624.00
43428.6599	43428	0.659895833	29.94	2333.44
43428.67031	43428	0.6703125	29.90	2077.44
43428.68073	43428	0.680729167	30.20	1738.24
43428.69115	43428	0.691145833	30.16	1457.92
43428.70156	43428	0.7015625	29.94	1322.24
43428.71198	43428	0.711979167	29.64	1144.64
43428.7224	43428	0.722395833	29.60	925.76
43428.73281	43428	0.7328125	29.77	704.32
43428.74323	43428	0.743229167	29.81	447.20
43428.75365	43428	0.753645833	29.77	290.80
43428.76406	43428	0.7640625	29.73	144.84
43428.77448	43428	0.774479167	29.64	37.19
43428.7849	43428	0.784895833	29.64	1.75
43428.79531	43428	0.7953125	29.64	0.00
43428.80573	43428	0.805729167	29.60	0.00
43428.81615	43428	0.816145833	29.64	0.00
43428.82656	43428	0.8265625	29.56	0.00
43428.83698	43428	0.836979167	29.60	0.00
43428.8474	43428	0.847395833	29.56	0.00
43428.85781	43428	0.8578125	29.56	0.00
43428.86823	43428	0.868229167	29.56	0.00
43428.87865	43428	0.878645833	29.60	0.00
43428.88906	43428	0.8890625	29.68	0.00
43428.89948	43428	0.899479167	29.68	0.00
43428.9099	43428	0.909895833	29.64	0.00
43428.92031	43428	0.9203125	29.60	0.00
43428.93073	43428	0.930729167	29.60	0.00
43428.94115	43428	0.941145833	29.51	0.00
43428.95156	43428	0.9515625	29.56	0.00
43428.96198	43428	0.961979167	29.56	0.00
43428.9724	43428	0.972395833	29.51	0.00
43428.98281	43428	0.9828125	29.56	0.00
43428.99323	43428	0.993229167	29.51	0.00
43429.00365	43429	0.003645833	29.51	0.00
43429.01406	43429	0.0140625	29.47	0.00
43429.02448	43429	0.024479167	29.47	0.00
43429.0349	43429	0.034895833	29.47	0.00
43429.04531	43429	0.0453125	29.38	0.00
43429.05573	43429	0.055729167	29.38	0.00
43429.06615	43429	0.066145833	29.34	0.00
43429.07656	43429	0.0765625	29.21	0.00
43429.08698	43429	0.086979167	29.17	0.00
43429.0974	43429	0.097395833	29.17	0.00
43429.10781	43429	0.1078125	29.17	0.00
43429.11823	43429	0.118229167	29.21	0.00
43429.12865	43429	0.128645833	29.38	0.00
43429.13906	43429	0.1390625	29.64	0.00
43429.14948	43429	0.149479167	29.86	0.00
43429.1599	43429	0.159895833	29.90	0.00
43429.17031	43429	0.1703125	29.98	0.00
43429.18073	43429	0.180729167	29.98	0.00
43429.19115	43429	0.191145833	29.86	0.00
43429.20156	43429	0.2015625	29.73	0.00
43429.21198	43429	0.211979167	29.64	0.65
43429.2224	43429	0.222395833	29.47	28.00
43429.23281	43429	0.2328125	29.47	144.96
43429.24323	43429	0.243229167	29.51	327.68
43429.25365	43429	0.253645833	29.56	569.28
43429.26406	43429	0.2640625	29.60	1556.48
43429.27448	43429	0.274479167	29.51	2462.72
43429.2849	43429	0.284895833	29.51	3528.96
43429.29531	43429	0.2953125	29.56	4963.84
43429.30573	43429	0.305729167	29.51	1820.16
43429.31615	43429	0.316145833	29.56	6405.12
43429.32656	43429	0.3265625	29.56	6786.56
43429.33698	43429	0.336979167	29.47	1487.36
43429.3474	43429	0.347395833	29.56	8325.12
43429.35781	43429	0.3578125	29.51	3134.72
43429.36823	43429	0.368229167	29.60	7575.04
43429.37865	43429	0.378645833	29.64	7946.24
43429.38906	43429	0.3890625	29.68	7482.88
43429.39948	43429	0.399479167	29.68	7057.92
43429.4099	43429	0.409895833	29.73	7203.84
43429.42031	43429	0.4203125	29.73	7232.00
43429.43073	43429	0.430729167	29.77	6940.16
43429.44115	43429	0.441145833	29.77	6720.00
43429.45156	43429	0.4515625	29.81	6210.56
43429.46198	43429	0.461979167	29.94	6031.36
43429.4724	43429	0.472395833	30.03	5911.04
43429.48281	43429	0.4828125	30.03	5793.28
43429.49323	43429	0.493229167	29.90	5253.12
43429.50365	43429	0.503645833	29.81	5054.72
43429.51406	43429	0.5140625	29.68	5079.04
43429.52448	43429	0.524479167	29.77	4760.32
43429.5349	43429	0.534895833	29.77	4586.24
43429.54531	43429	0.5453125	29.81	4239.36
43429.55573	43429	0.555729167	29.81	4168.96
43429.56615	43429	0.566145833	29.77	3846.40
43429.57656	43429	0.5765625	29.81	3710.72
43429.58698	43429	0.586979167	29.86	3767.04
43429.5974	43429	0.597395833	29.86	3536.64
43429.60781	43429	0.6078125	29.90	3304.96
43429.61823	43429	0.618229167	29.86	3179.52
43429.62865	43429	0.628645833	29.86	2973.44
43429.63906	43429	0.6390625	29.86	2688.00
43429.64948	43429	0.649479167	29.86	2455.68
43429.6599	43429	0.659895833	29.86	2261.12
43429.67031	43429	0.6703125	29.86	1984.64
43429.68073	43429	0.680729167	29.81	1710.08
43429.69115	43429	0.691145833	29.81	1409.92
43429.70156	43429	0.7015625	29.81	1196.16
43429.71198	43429	0.711979167	29.81	936.32
43429.7224	43429	0.722395833	29.81	715.84
43429.73281	43429	0.7328125	29.77	506.72
43429.74323	43429	0.743229167	29.77	357.44
43429.75365	43429	0.753645833	29.77	233.68
43429.76406	43429	0.7640625	29.73	113.20
43429.77448	43429	0.774479167	29.73	31.07
43429.7849	43429	0.784895833	29.68	1.31
43429.79531	43429	0.7953125	29.64	0.00
43429.80573	43429	0.805729167	29.64	0.00
43429.81615	43429	0.816145833	29.64	0.00
43429.82656	43429	0.8265625	29.60	0.00
43429.83698	43429	0.836979167	29.68	0.00
43429.8474	43429	0.847395833	29.60	0.00
43429.85781	43429	0.8578125	29.60	0.00
43429.86823	43429	0.868229167	29.60	0.00
43429.87865	43429	0.878645833	29.64	0.00
43429.88906	43429	0.8890625	29.68	0.00
43429.89948	43429	0.899479167	29.73	0.00
43429.9099	43429	0.909895833	29.68	0.00
43429.92031	43429	0.9203125	29.68	0.00
43429.93073	43429	0.930729167	29.68	0.00
43429.94115	43429	0.941145833	29.68	0.00
43429.95156	43429	0.9515625	29.73	0.00
43429.96198	43429	0.961979167	29.68	0.00
43429.9724	43429	0.972395833	29.73	0.00
43429.98281	43429	0.9828125	29.73	0.00
43429.99323	43429	0.993229167	29.77	0.00
43430.00365	43430	0.003645833	29.81	0.00
43430.01406	43430	0.0140625	29.86	0.00
43430.02448	43430	0.024479167	29.86	0.00
43430.0349	43430	0.034895833	29.86	0.00
43430.04531	43430	0.0453125	29.90	0.00
43430.05573	43430	0.055729167	29.90	0.00
43430.06615	43430	0.066145833	29.90	0.00
43430.07656	43430	0.0765625	29.94	0.00
43430.08698	43430	0.086979167	29.90	0.00
43430.0974	43430	0.097395833	29.90	0.00
43430.10781	43430	0.1078125	29.90	0.00
43430.11823	43430	0.118229167	29.90	0.00
43430.12865	43430	0.128645833	29.90	0.00
43430.13906	43430	0.1390625	29.86	0.21
43430.14948	43430	0.149479167	29.81	0.00
43430.1599	43430	0.159895833	29.81	0.00
43430.17031	43430	0.1703125	29.81	0.00
43430.18073	43430	0.180729167	29.81	0.00
43430.19115	43430	0.191145833	29.90	0.00
43430.20156	43430	0.2015625	29.98	0.00
43430.21198	43430	0.211979167	29.94	0.21
43430.2224	43430	0.222395833	29.94	13.56
43430.23281	43430	0.2328125	30.03	88.60
43430.24323	43430	0.243229167	30.11	328.64
43430.25365	43430	0.253645833	30.11	794.24
43430.26406	43430	0.2640625	29.94	1556.48
43430.27448	43430	0.274479167	29.81	2515.20
43430.2849	43430	0.284895833	29.81	3207.68
43430.29531	43430	0.2953125	29.94	4441.60
43430.30573	43430	0.305729167	29.94	4679.68
43430.31615	43430	0.316145833	29.98	5657.60
43430.32656	43430	0.3265625	29.98	6412.80
43430.33698	43430	0.336979167	30.03	7034.88
43430.3474	43430	0.347395833	30.07	7022.08
43430.35781	43430	0.3578125	30.07	7091.20
43430.36823	43430	0.368229167	30.07	7252.48
43430.37865	43430	0.378645833	30.11	7349.76
43430.38906	43430	0.3890625	30.16	7175.68
43430.39948	43430	0.399479167	30.16	6881.28
43430.4099	43430	0.409895833	30.20	6745.60
43430.42031	43430	0.4203125	30.16	5890.56
43430.43073	43430	0.430729167	30.20	6182.40
43430.44115	43430	0.441145833	30.24	5962.24
43430.45156	43430	0.4515625	30.24	5601.28
43430.46198	43430	0.461979167	30.28	5621.76
43430.4724	43430	0.472395833	30.28	5114.88
43430.48281	43430	0.4828125	30.24	4893.44
43430.49323	43430	0.493229167	30.33	4445.44
43430.50365	43430	0.503645833	30.33	4407.04
43430.51406	43430	0.5140625	30.28	4281.60
43430.52448	43430	0.524479167	30.37	4106.24
43430.5349	43430	0.534895833	30.41	3749.12
43430.54531	43430	0.5453125	30.46	3616.00
43430.55573	43430	0.555729167	30.46	3553.28
43430.56615	43430	0.566145833	30.41	3267.84
43430.57656	43430	0.5765625	30.37	3063.04
43430.58698	43430	0.586979167	30.24	2977.28
43430.5974	43430	0.597395833	30.24	2826.24
43430.60781	43430	0.6078125	30.20	2615.04
43430.61823	43430	0.618229167	30.24	2453.76
43430.62865	43430	0.628645833	30.24	2324.48
43430.63906	43430	0.6390625	30.20	2079.36
43430.64948	43430	0.649479167	30.20	1851.52
43430.6599	43430	0.659895833	30.20	1658.88
43430.67031	43430	0.6703125	30.20	1391.36
43430.68073	43430	0.680729167	30.20	1206.72
43430.69115	43430	0.691145833	30.20	1030.08
43430.70156	43430	0.7015625	30.16	878.08
43430.71198	43430	0.711979167	30.16	729.92
43430.7224	43430	0.722395833	30.16	572.80
43430.73281	43430	0.7328125	30.11	454.24
43430.74323	43430	0.743229167	30.11	325.76
43430.75365	43430	0.753645833	30.11	165.04
43430.76406	43430	0.7640625	30.11	92.96
43430.77448	43430	0.774479167	30.11	24.94
43430.7849	43430	0.784895833	30.07	1.09
43430.79531	43430	0.7953125	30.07	0.00
43430.80573	43430	0.805729167	30.11	0.00
43430.81615	43430	0.816145833	30.11	0.00
43430.82656	43430	0.8265625	30.11	0.00
43430.83698	43430	0.836979167	30.16	0.00
43430.8474	43430	0.847395833	30.16	0.00
43430.85781	43430	0.8578125	30.16	0.00
43430.86823	43430	0.868229167	30.16	0.00
43430.87865	43430	0.878645833	30.11	0.00
43430.88906	43430	0.8890625	30.16	0.21
43430.89948	43430	0.899479167	30.16	0.00
43430.9099	43430	0.909895833	30.11	0.00
43430.92031	43430	0.9203125	30.20	0.00
43430.93073	43430	0.930729167	30.11	0.00
43430.94115	43430	0.941145833	30.11	0.00
43430.95156	43430	0.9515625	30.11	0.00
43430.96198	43430	0.961979167	30.11	0.00
43430.9724	43430	0.972395833	30.16	0.00
43430.98281	43430	0.9828125	30.16	0.00
43430.99323	43430	0.993229167	30.16	0.00
43431.00365	43431	0.003645833	30.11	0.00
43431.01406	43431	0.0140625	30.07	0.00
43431.02448	43431	0.024479167	30.07	0.00
43431.0349	43431	0.034895833	30.11	0.00
43431.04531	43431	0.0453125	30.07	0.00
43431.05573	43431	0.055729167	30.11	0.00
43431.06615	43431	0.066145833	30.07	0.00
43431.07656	43431	0.0765625	30.11	0.00
43431.08698	43431	0.086979167	30.07	0.00
43431.0974	43431	0.097395833	30.07	0.00
43431.10781	43431	0.1078125	30.03	0.00
43431.11823	43431	0.118229167	30.07	0.00
43431.12865	43431	0.128645833	30.07	0.00
43431.13906	43431	0.1390625	30.03	0.00
43431.14948	43431	0.149479167	29.98	0.00
43431.1599	43431	0.159895833	30.03	0.00
43431.17031	43431	0.1703125	30.03	0.00
43431.18073	43431	0.180729167	29.98	0.00
43431.19115	43431	0.191145833	29.94	0.00
43431.20156	43431	0.2015625	29.98	0.00
43431.21198	43431	0.211979167	30.03	0.21
43431.2224	43431	0.222395833	30.11	17.06
43431.23281	43431	0.2328125	30.11	98.32
43431.24323	43431	0.243229167	30.24	315.28
43431.25365	43431	0.253645833	30.41	845.76
43431.26406	43431	0.2640625	30.33	1874.56
43431.27448	43431	0.274479167	30.28	3112.96
43431.2849	43431	0.284895833	30.20	1802.88
43431.29531	43431	0.2953125	30.16	962.56
43431.30573	43431	0.305729167	30.20	5450.24
43431.31615	43431	0.316145833	30.20	5783.04
43431.32656	43431	0.3265625	30.16	2128.00
43431.33698	43431	0.336979167	30.20	4911.36
43431.3474	43431	0.347395833	30.20	2032.00
43431.35781	43431	0.3578125	30.24	1806.08
43431.36823	43431	0.368229167	30.20	1514.88
43431.37865	43431	0.378645833	30.20	2175.36
43431.38906	43431	0.3890625	30.24	2830.08
43431.39948	43431	0.399479167	30.20	2331.52
43431.4099	43431	0.409895833	30.20	2398.08
43431.42031	43431	0.4203125	30.20	2748.16
43431.43073	43431	0.430729167	30.24	3269.12
43431.44115	43431	0.441145833	30.28	4463.36
43431.45156	43431	0.4515625	30.28	3269.12
43431.46198	43431	0.461979167	30.37	4029.44
43431.4724	43431	0.472395833	30.37	3952.64
43431.48281	43431	0.4828125	30.37	4098.56
43431.49323	43431	0.493229167	30.37	2522.24
43431.50365	43431	0.503645833	30.41	4483.84
43431.51406	43431	0.5140625	30.37	1708.16
43431.52448	43431	0.524479167	30.37	2301.44
43431.5349	43431	0.534895833	30.46	3700.48
43431.54531	43431	0.5453125	30.41	1621.76
43431.55573	43431	0.555729167	30.54	2474.88
43431.56615	43431	0.566145833	30.50	3357.44
43431.57656	43431	0.5765625	30.50	888.64
43431.58698	43431	0.586979167	30.59	2382.08
43431.5974	43431	0.597395833	30.54	2167.04
43431.60781	43431	0.6078125	30.59	1300.48
43431.61823	43431	0.618229167	30.63	2282.24
43431.62865	43431	0.628645833	30.63	1012.48
43431.63906	43431	0.6390625	30.63	960.96
43431.64948	43431	0.649479167	30.63	794.24
43431.6599	43431	0.659895833	30.63	666.88
43431.67031	43431	0.6703125	30.63	743.68
43431.68073	43431	0.680729167	30.67	1178.88
43431.69115	43431	0.691145833	30.63	926.72
43431.70156	43431	0.7015625	30.63	765.76
43431.71198	43431	0.711979167	30.59	640.16
43431.7224	43431	0.722395833	30.50	344.32
43431.73281	43431	0.7328125	30.46	223.12
43431.74323	43431	0.743229167	30.41	129.08
43431.75365	43431	0.753645833	30.46	79.86
43431.76406	43431	0.7640625	30.37	46.88
43431.77448	43431	0.774479167	30.37	12.03
43431.7849	43431	0.784895833	30.37	0.43
43431.79531	43431	0.7953125	30.41	0.00
43431.80573	43431	0.805729167	30.41	0.00
43431.81615	43431	0.816145833	30.41	0.00
43431.82656	43431	0.8265625	30.33	0.00
43431.83698	43431	0.836979167	30.37	0.00
43431.8474	43431	0.847395833	30.41	0.00
43431.85781	43431	0.8578125	30.41	0.00
43431.86823	43431	0.868229167	30.46	0.00
43431.87865	43431	0.878645833	30.46	0.00
43431.88906	43431	0.8890625	30.54	0.00
43431.89948	43431	0.899479167	30.54	0.00
43431.9099	43431	0.909895833	30.59	0.00
43431.92031	43431	0.9203125	30.50	0.00
43431.93073	43431	0.930729167	30.46	0.00
43431.94115	43431	0.941145833	30.41	0.00
43431.95156	43431	0.9515625	30.46	0.00
43431.96198	43431	0.961979167	30.41	0.00
43431.9724	43431	0.972395833	30.37	0.00
43431.98281	43431	0.9828125	30.41	0.00
43431.99323	43431	0.993229167	30.41	0.00
43432.00365	43432	0.003645833	30.37	0.00
43432.01406	43432	0.0140625	30.41	0.21
43432.02448	43432	0.024479167	30.37	0.00
43432.0349	43432	0.034895833	30.41	0.00
43432.04531	43432	0.0453125	30.41	0.00
43432.05573	43432	0.055729167	30.41	0.00
43432.06615	43432	0.066145833	30.41	0.00
43432.07656	43432	0.0765625	30.41	0.00
43432.08698	43432	0.086979167	30.37	0.00
43432.0974	43432	0.097395833	30.33	0.00
43432.10781	43432	0.1078125	30.28	0.00
43432.11823	43432	0.118229167	30.33	0.00
43432.12865	43432	0.128645833	30.28	0.00
43432.13906	43432	0.1390625	30.28	0.00
43432.14948	43432	0.149479167	30.33	0.00
43432.1599	43432	0.159895833	30.28	0.00
43432.17031	43432	0.1703125	30.20	0.00
43432.18073	43432	0.180729167	30.24	0.00
43432.19115	43432	0.191145833	30.24	0.00
43432.20156	43432	0.2015625	30.24	0.00
43432.21198	43432	0.211979167	30.24	0.21
43432.2224	43432	0.222395833	30.20	16.41
43432.23281	43432	0.2328125	30.24	90.44
43432.24323	43432	0.243229167	30.20	269.76
43432.25365	43432	0.253645833	30.24	583.36
43432.26406	43432	0.2640625	30.24	1095.68
43432.27448	43432	0.274479167	30.28	1664.64
43432.2849	43432	0.284895833	30.24	2016.00
43432.29531	43432	0.2953125	30.33	3107.84
43432.30573	43432	0.305729167	30.37	3115.52
43432.31615	43432	0.316145833	30.41	3587.84
43432.32656	43432	0.3265625	30.50	4158.72
43432.33698	43432	0.336979167	30.54	3409.92
43432.3474	43432	0.347395833	30.67	6584.32
43432.35781	43432	0.3578125	30.59	3162.88
43432.36823	43432	0.368229167	30.59	5002.24
43432.37865	43432	0.378645833	30.54	2277.12
43432.38906	43432	0.3890625	30.54	6041.60
43432.39948	43432	0.399479167	30.54	5754.88
43432.4099	43432	0.409895833	30.63	5442.56
43432.42031	43432	0.4203125	30.63	5093.12
43432.43073	43432	0.430729167	30.67	4719.36
43432.44115	43432	0.441145833	30.63	4410.88
43432.45156	43432	0.4515625	30.59	4334.08
43432.46198	43432	0.461979167	30.50	2650.88
43432.4724	43432	0.472395833	30.50	2959.36
43432.48281	43432	0.4828125	30.54	3822.08
43432.49323	43432	0.493229167	30.54	2026.88
43432.50365	43432	0.503645833	30.63	3393.28
43432.51406	43432	0.5140625	30.63	2650.88
43432.52448	43432	0.524479167	30.59	2231.68
43432.5349	43432	0.534895833	30.54	1469.44
43432.54531	43432	0.5453125	30.54	1119.36
43432.55573	43432	0.555729167	30.54	1329.92
43432.56615	43432	0.566145833	30.63	1779.84
43432.57656	43432	0.5765625	30.71	1765.76
43432.58698	43432	0.586979167	30.71	1213.76
43432.5974	43432	0.597395833	30.67	669.76
43432.60781	43432	0.6078125	30.71	303.04
43432.61823	43432	0.618229167	30.59	23.63
43432.62865	43432	0.628645833	30.63	28.00
43432.63906	43432	0.6390625	30.54	188.80
43432.64948	43432	0.649479167	30.54	494.40
43432.6599	43432	0.659895833	30.54	534.72
43432.67031	43432	0.6703125	30.50	173.84
43432.68073	43432	0.680729167	30.50	71.98
43432.69115	43432	0.691145833	30.46	61.42
43432.70156	43432	0.7015625	30.41	177.44
43432.71198	43432	0.711979167	30.41	329.44
43432.7224	43432	0.722395833	30.46	155.44
43432.73281	43432	0.7328125	30.46	61.86
43432.74323	43432	0.743229167	30.46	42.44
43432.75365	43432	0.753645833	30.41	38.51
43432.76406	43432	0.7640625	30.41	10.06
43432.77448	43432	0.774479167	30.41	1.09
43432.7849	43432	0.784895833	30.41	0.00
43432.79531	43432	0.7953125	30.41	0.00
43432.80573	43432	0.805729167	30.41	0.00
43432.81615	43432	0.816145833	30.37	0.00
43432.82656	43432	0.8265625	30.37	0.00
43432.83698	43432	0.836979167	30.33	0.00
43432.8474	43432	0.847395833	30.37	0.00
43432.85781	43432	0.8578125	30.37	0.00
43432.86823	43432	0.868229167	30.41	0.00
43432.87865	43432	0.878645833	30.37	0.00
43432.88906	43432	0.8890625	30.59	0.00
43432.89948	43432	0.899479167	30.67	0.00
43432.9099	43432	0.909895833	30.71	0.00
43432.92031	43432	0.9203125	30.80	0.00
43432.93073	43432	0.930729167	30.80	0.00
43432.94115	43432	0.941145833	30.76	0.00
43432.95156	43432	0.9515625	30.76	0.00
43432.96198	43432	0.961979167	30.76	0.00
43432.9724	43432	0.972395833	30.76	0.00
43432.98281	43432	0.9828125	30.59	0.00
43432.99323	43432	0.993229167	30.28	0.00
43433.00365	43433	0.003645833	30.28	0.00
43433.01406	43433	0.0140625	30.28	0.00
43433.02448	43433	0.024479167	30.28	0.00
43433.0349	43433	0.034895833	30.33	0.00
43433.04531	43433	0.0453125	30.41	0.00
43433.05573	43433	0.055729167	30.50	0.00
43433.06615	43433	0.066145833	30.46	0.00
43433.07656	43433	0.0765625	30.41	0.00
43433.08698	43433	0.086979167	30.46	0.00
43433.0974	43433	0.097395833	30.41	0.00
43433.10781	43433	0.1078125	30.37	0.00
43433.11823	43433	0.118229167	30.37	0.00
43433.12865	43433	0.128645833	30.33	0.00
43433.13906	43433	0.1390625	30.28	0.21
43433.14948	43433	0.149479167	30.33	0.00
43433.1599	43433	0.159895833	30.37	0.00
43433.17031	43433	0.1703125	30.24	0.00
43433.18073	43433	0.180729167	30.16	0.00
43433.19115	43433	0.191145833	30.16	0.00
43433.20156	43433	0.2015625	30.11	0.00
43433.21198	43433	0.211979167	30.11	0.21
43433.2224	43433	0.222395833	30.11	15.53
43433.23281	43433	0.2328125	30.07	92.12
43433.24323	43433	0.243229167	30.11	269.52
43433.25365	43433	0.253645833	30.07	597.28
43433.26406	43433	0.2640625	30.11	1013.44
43433.27448	43433	0.274479167	30.16	1489.28
43433.2849	43433	0.284895833	30.16	2252.80
43433.29531	43433	0.2953125	30.16	2668.80
43433.30573	43433	0.305729167	30.16	3097.60
43433.31615	43433	0.316145833	30.16	4217.60
43433.32656	43433	0.3265625	30.20	5957.12
43433.33698	43433	0.336979167	30.20	5734.40
43433.3474	43433	0.347395833	30.24	7357.44
43433.35781	43433	0.3578125	30.28	7582.72
43433.36823	43433	0.368229167	30.33	6348.80
43433.37865	43433	0.378645833	30.41	6842.88
43433.38906	43433	0.3890625	30.33	7029.76
43433.39948	43433	0.399479167	30.37	5739.52
43433.4099	43433	0.409895833	30.41	6136.32
43433.42031	43433	0.4203125	30.46	5772.80
43433.43073	43433	0.430729167	30.46	4901.12
43433.44115	43433	0.441145833	30.50	5957.12
43433.45156	43433	0.4515625	30.54	5012.48
43433.46198	43433	0.461979167	30.50	4596.48
43433.4724	43433	0.472395833	30.50	4295.68
43433.48281	43433	0.4828125	30.54	3983.36
43433.49323	43433	0.493229167	30.59	3640.32
43433.50365	43433	0.503645833	30.59	3420.16
43433.51406	43433	0.5140625	30.59	2914.56
43433.52448	43433	0.524479167	30.63	3055.36
43433.5349	43433	0.534895833	30.63	2644.48
43433.54531	43433	0.5453125	30.63	2462.72
43433.55573	43433	0.555729167	30.63	2378.88
43433.56615	43433	0.566145833	30.63	2308.48
43433.57656	43433	0.5765625	30.67	2186.24
43433.58698	43433	0.586979167	30.67	1900.80
43433.5974	43433	0.597395833	30.71	1822.08
43433.60781	43433	0.6078125	30.71	1738.24
43433.61823	43433	0.618229167	30.71	1436.80
43433.62865	43433	0.628645833	30.67	1169.92
43433.63906	43433	0.6390625	30.63	988.16
43433.64948	43433	0.649479167	30.63	743.04
43433.6599	43433	0.659895833	30.67	887.04
43433.67031	43433	0.6703125	30.63	599.84
43433.68073	43433	0.680729167	30.54	519.84
43433.69115	43433	0.691145833	30.46	404.00
43433.70156	43433	0.7015625	30.41	468.16
43433.71198	43433	0.711979167	30.33	343.52
43433.7224	43433	0.722395833	30.41	390.72
43433.73281	43433	0.7328125	30.37	238.88
43433.74323	43433	0.743229167	30.37	216.80
43433.75365	43433	0.753645833	30.33	156.32
43433.76406	43433	0.7640625	30.28	85.96
43433.77448	43433	0.774479167	30.24	22.31
43433.7849	43433	0.784895833	30.24	1.09
43433.79531	43433	0.7953125	30.20	0.00
43433.80573	43433	0.805729167	30.20	0.00
43433.81615	43433	0.816145833	30.20	0.00
43433.82656	43433	0.8265625	30.20	0.00
43433.83698	43433	0.836979167	30.24	0.00
43433.8474	43433	0.847395833	30.24	0.00
43433.85781	43433	0.8578125	30.20	0.00
43433.86823	43433	0.868229167	30.16	0.00
43433.87865	43433	0.878645833	30.11	0.00
43433.88906	43433	0.8890625	30.11	0.21
43433.89948	43433	0.899479167	30.11	0.00
43433.9099	43433	0.909895833	30.11	0.00
43433.92031	43433	0.9203125	30.11	0.00
43433.93073	43433	0.930729167	30.16	0.00
43433.94115	43433	0.941145833	30.28	0.00
43433.95156	43433	0.9515625	30.33	0.00
43433.96198	43433	0.961979167	30.54	0.00
43433.9724	43433	0.972395833	30.63	0.00
43433.98281	43433	0.9828125	30.63	0.00
43433.99323	43433	0.993229167	30.50	0.00
43434.00365	43434	0.003645833	30.46	0.00
43434.01406	43434	0.0140625	30.28	0.00
43434.02448	43434	0.024479167	30.24	0.00
43434.0349	43434	0.034895833	30.24	0.00
43434.04531	43434	0.0453125	30.28	0.00
43434.05573	43434	0.055729167	30.28	0.00
43434.06615	43434	0.066145833	30.28	0.00
43434.07656	43434	0.0765625	30.28	0.00
43434.08698	43434	0.086979167	30.28	0.00
43434.0974	43434	0.097395833	30.28	0.00
43434.10781	43434	0.1078125	30.28	0.00
43434.11823	43434	0.118229167	30.24	0.00
43434.12865	43434	0.128645833	30.28	0.00
43434.13906	43434	0.1390625	30.24	0.00
43434.14948	43434	0.149479167	30.24	0.00
43434.1599	43434	0.159895833	30.20	0.00
43434.17031	43434	0.1703125	30.20	0.00
43434.18073	43434	0.180729167	30.24	0.00
43434.19115	43434	0.191145833	30.20	0.00
43434.20156	43434	0.2015625	30.16	0.00
43434.21198	43434	0.211979167	30.16	0.00
43434.2224	43434	0.222395833	30.16	6.56
43434.23281	43434	0.2328125	30.11	53.88
43434.24323	43434	0.243229167	30.11	184.40
43434.25365	43434	0.253645833	30.07	348.64
43434.26406	43434	0.2640625	30.03	584.96
43434.27448	43434	0.274479167	30.03	826.56
43434.2849	43434	0.284895833	30.03	1456.00
43434.29531	43434	0.2953125	30.07	1912.96
43434.30573	43434	0.305729167	30.07	1527.04
43434.31615	43434	0.316145833	30.07	1034.24
43434.32656	43434	0.3265625	30.11	3006.72
43434.33698	43434	0.336979167	30.11	4197.12
43434.3474	43434	0.347395833	30.11	4053.76
43434.35781	43434	0.3578125	30.11	4760.32
43434.36823	43434	0.368229167	30.20	4851.20
43434.37865	43434	0.378645833	30.24	4903.68
43434.38906	43434	0.3890625	30.24	5050.88
43434.39948	43434	0.399479167	30.28	5089.28
43434.4099	43434	0.409895833	30.28	5391.36
43434.42031	43434	0.4203125	30.33	5181.44
43434.43073	43434	0.430729167	30.33	4663.04
43434.44115	43434	0.441145833	30.41	4508.16
43434.45156	43434	0.4515625	30.50	4467.20
43434.46198	43434	0.461979167	30.59	3886.08
43434.4724	43434	0.472395833	30.59	3801.60
43434.48281	43434	0.4828125	30.67	3644.16
43434.49323	43434	0.493229167	30.63	2938.88
43434.50365	43434	0.503645833	30.54	2795.52
43434.51406	43434	0.5140625	30.50	2527.36
43434.52448	43434	0.524479167	30.54	2343.68
43434.5349	43434	0.534895833	30.63	2144.00
43434.54531	43434	0.5453125	30.59	2072.32
43434.55573	43434	0.555729167	30.54	1872.64
43434.56615	43434	0.566145833	30.54	1837.44
43434.57656	43434	0.5765625	30.59	1715.20
43434.58698	43434	0.586979167	30.67	1606.40
43434.5974	43434	0.597395833	30.67	1483.52
43434.60781	43434	0.6078125	30.71	1367.04
43434.61823	43434	0.618229167	30.71	1052.80
43434.62865	43434	0.628645833	30.71	1181.44
43434.63906	43434	0.6390625	30.67	1069.44
43434.64948	43434	0.649479167	30.67	1000.32
43434.6599	43434	0.659895833	30.67	855.36
43434.67031	43434	0.6703125	30.71	909.12
43434.68073	43434	0.680729167	30.67	787.52
43434.69115	43434	0.691145833	30.71	872.00
43434.70156	43434	0.7015625	30.67	744.64
43434.71198	43434	0.711979167	30.63	573.60
43434.7224	43434	0.722395833	30.63	474.24
43434.73281	43434	0.7328125	30.54	375.84
43434.74323	43434	0.743229167	30.59	251.12
43434.75365	43434	0.753645833	30.63	152.72
43434.76406	43434	0.7640625	30.63	82.48
43434.77448	43434	0.774479167	30.63	23.63
43434.7849	43434	0.784895833	30.54	1.96
43434.79531	43434	0.7953125	30.54	0.00
43434.80573	43434	0.805729167	30.54	0.00
43434.81615	43434	0.816145833	30.59	0.00
43434.82656	43434	0.8265625	30.54	0.00
43434.83698	43434	0.836979167	30.63	0.00
43434.8474	43434	0.847395833	30.59	0.00
43434.85781	43434	0.8578125	30.63	0.00
43434.86823	43434	0.868229167	30.59	0.00
43434.87865	43434	0.878645833	30.67	0.00
43434.88906	43434	0.8890625	30.63	0.00
43434.89948	43434	0.899479167	30.59	0.00
43434.9099	43434	0.909895833	30.59	0.00
43434.92031	43434	0.9203125	30.63	0.00
43434.93073	43434	0.930729167	30.63	0.00
43434.94115	43434	0.941145833	30.63	0.00
43434.95156	43434	0.9515625	30.59	0.00
43434.96198	43434	0.961979167	30.63	0.00
43434.9724	43434	0.972395833	30.46	0.00
43434.98281	43434	0.9828125	30.33	0.00
43434.99323	43434	0.993229167	30.41	0.00
43435.00365	43435	0.003645833	30.71	0.00
43435.01406	43435	0.0140625	30.67	0.21
43435.02448	43435	0.024479167	30.71	0.00
43435.0349	43435	0.034895833	30.71	0.00
43435.04531	43435	0.0453125	30.63	0.00
43435.05573	43435	0.055729167	30.54	0.00
43435.06615	43435	0.066145833	30.46	0.00
43435.07656	43435	0.0765625	30.54	0.00
43435.08698	43435	0.086979167	30.54	0.00
43435.0974	43435	0.097395833	30.50	0.00
43435.10781	43435	0.1078125	30.54	0.00
43435.11823	43435	0.118229167	30.54	0.00
43435.12865	43435	0.128645833	30.50	0.00
43435.13906	43435	0.1390625	30.46	0.00
43435.14948	43435	0.149479167	30.46	0.00
43435.1599	43435	0.159895833	30.46	0.00
43435.17031	43435	0.1703125	30.41	0.00
43435.18073	43435	0.180729167	30.41	0.00
43435.19115	43435	0.191145833	30.41	0.00
43435.20156	43435	0.2015625	30.37	0.00
43435.21198	43435	0.211979167	30.41	0.00
43435.2224	43435	0.222395833	30.41	7.65
43435.23281	43435	0.2328125	30.37	47.74
43435.24323	43435	0.243229167	30.41	127.32
43435.25365	43435	0.253645833	30.41	236.24
43435.26406	43435	0.2640625	30.41	429.28
43435.27448	43435	0.274479167	30.41	1047.68
43435.2849	43435	0.284895833	30.50	1398.40
43435.29531	43435	0.2953125	30.46	2096.64
43435.30573	43435	0.305729167	30.46	2220.80
43435.31615	43435	0.316145833	30.50	2814.72
43435.32656	43435	0.3265625	30.50	1250.56
43435.33698	43435	0.336979167	30.54	3601.92
43435.3474	43435	0.347395833	30.54	3664.64
43435.35781	43435	0.3578125	30.63	4624.64
43435.36823	43435	0.368229167	30.63	5291.52
43435.37865	43435	0.378645833	30.59	1420.16
43435.38906	43435	0.3890625	30.63	5680.64
43435.39948	43435	0.399479167	30.71	5911.04
43435.4099	43435	0.409895833	30.76	5806.08
43435.42031	43435	0.4203125	30.76	5757.44
43435.43073	43435	0.430729167	30.80	5870.08
43435.44115	43435	0.441145833	30.84	5212.16
43435.45156	43435	0.4515625	30.89	4691.20
43435.46198	43435	0.461979167	30.89	4743.68
43435.4724	43435	0.472395833	31.06	4533.76
43435.48281	43435	0.4828125	31.10	3598.08
43435.49323	43435	0.493229167	31.19	3567.36
43435.50365	43435	0.503645833	31.23	3296.00
43435.51406	43435	0.5140625	31.36	3202.56
43435.52448	43435	0.524479167	31.31	3173.12
43435.5349	43435	0.534895833	31.19	3091.20
43435.54531	43435	0.5453125	31.01	2744.32
43435.55573	43435	0.555729167	31.06	2531.20
43435.56615	43435	0.566145833	31.01	2346.88
43435.57656	43435	0.5765625	31.01	2245.76
43435.58698	43435	0.586979167	31.01	2079.36
43435.5974	43435	0.597395833	31.14	1927.04
43435.60781	43435	0.6078125	31.10	1790.72
43435.61823	43435	0.618229167	31.06	1655.04
43435.62865	43435	0.628645833	30.97	1520.00
43435.63906	43435	0.6390625	30.97	1381.76
43435.64948	43435	0.649479167	30.93	1236.48
43435.6599	43435	0.659895833	30.93	1128.96
43435.67031	43435	0.6703125	30.93	994.24
43435.68073	43435	0.680729167	30.89	869.44
43435.69115	43435	0.691145833	30.89	750.08
43435.70156	43435	0.7015625	30.93	640.16
43435.71198	43435	0.711979167	30.89	532.96
43435.7224	43435	0.722395833	30.89	417.92
43435.73281	43435	0.7328125	30.93	312.64
43435.74323	43435	0.743229167	31.06	206.32
43435.75365	43435	0.753645833	31.06	141.32
43435.76406	43435	0.7640625	31.01	71.98
43435.77448	43435	0.774479167	31.01	24.06
43435.7849	43435	0.784895833	31.10	1.75
43435.79531	43435	0.7953125	31.06	0.00
43435.80573	43435	0.805729167	31.06	0.00
43435.81615	43435	0.816145833	31.01	0.00
43435.82656	43435	0.8265625	31.01	0.00
43435.83698	43435	0.836979167	30.97	0.00
43435.8474	43435	0.847395833	31.01	0.00
43435.85781	43435	0.8578125	31.01	0.00
43435.86823	43435	0.868229167	31.10	0.00
43435.87865	43435	0.878645833	31.10	0.00
43435.88906	43435	0.8890625	31.10	0.00
43435.89948	43435	0.899479167	31.06	0.00
43435.9099	43435	0.909895833	31.06	0.00
43435.92031	43435	0.9203125	31.01	0.00
43435.93073	43435	0.930729167	30.93	0.00
43435.94115	43435	0.941145833	30.93	0.00
43435.95156	43435	0.9515625	30.97	0.00
43435.96198	43435	0.961979167	30.97	0.00
43435.9724	43435	0.972395833	30.97	0.00
43435.98281	43435	0.9828125	30.93	0.00
43435.99323	43435	0.993229167	30.97	0.00
43436.00365	43436	0.003645833	30.97	0.00
43436.01406	43436	0.0140625	31.06	0.00
43436.02448	43436	0.024479167	31.14	0.00
43436.0349	43436	0.034895833	31.49	0.00
43436.04531	43436	0.0453125	31.83	0.00
43436.05573	43436	0.055729167	31.44	0.00
43436.06615	43436	0.066145833	31.27	0.00
43436.07656	43436	0.0765625	30.97	0.00
43436.08698	43436	0.086979167	30.76	0.00
43436.0974	43436	0.097395833	30.76	0.00
43436.10781	43436	0.1078125	30.84	0.00
43436.11823	43436	0.118229167	30.89	0.00
43436.12865	43436	0.128645833	30.89	0.00
43436.13906	43436	0.1390625	30.89	0.00
43436.14948	43436	0.149479167	30.93	0.00
43436.1599	43436	0.159895833	30.97	0.00
43436.17031	43436	0.1703125	30.93	0.00
43436.18073	43436	0.180729167	30.97	0.00
43436.19115	43436	0.191145833	30.93	0.00
43436.20156	43436	0.2015625	30.93	0.00
43436.21198	43436	0.211979167	30.89	0.00
43436.2224	43436	0.222395833	30.93	5.68
43436.23281	43436	0.2328125	30.89	33.25
43436.24323	43436	0.243229167	30.89	75.48
43436.25365	43436	0.253645833	30.89	142.20
43436.26406	43436	0.2640625	30.80	406.40
43436.27448	43436	0.274479167	30.76	725.44
43436.2849	43436	0.284895833	30.80	1080.64
43436.29531	43436	0.2953125	30.76	311.76
43436.30573	43436	0.305729167	30.76	1619.84
43436.31615	43436	0.316145833	30.76	2787.84
43436.32656	43436	0.3265625	30.76	769.92
43436.33698	43436	0.336979167	30.89	3168.00
43436.3474	43436	0.347395833	30.93	3555.84
43436.35781	43436	0.3578125	31.01	4253.44
43436.36823	43436	0.368229167	30.97	4336.64
43436.37865	43436	0.378645833	30.97	4806.40
43436.38906	43436	0.3890625	30.97	1566.08
43436.39948	43436	0.399479167	30.97	5777.92
43436.4099	43436	0.409895833	31.06	6310.40
43436.42031	43436	0.4203125	31.06	6850.56
43436.43073	43436	0.430729167	31.10	6443.52
43436.44115	43436	0.441145833	31.14	5107.20
43436.45156	43436	0.4515625	31.10	1943.04
43436.46198	43436	0.461979167	31.14	6481.92
43436.4724	43436	0.472395833	31.14	5440.00
43436.48281	43436	0.4828125	31.19	5034.24
43436.49323	43436	0.493229167	31.19	4826.88
43436.50365	43436	0.503645833	31.23	4467.20
43436.51406	43436	0.5140625	31.14	1268.16
43436.52448	43436	0.524479167	31.31	1058.88
43436.5349	43436	0.534895833	31.44	3188.48
43436.54531	43436	0.5453125	31.53	2858.24
43436.55573	43436	0.555729167	31.49	2429.44
43436.56615	43436	0.566145833	31.44	2604.16
43436.57656	43436	0.5765625	31.36	2611.20
43436.58698	43436	0.586979167	31.36	2350.72
43436.5974	43436	0.597395833	31.31	2082.56
43436.60781	43436	0.6078125	31.31	1832.32
43436.61823	43436	0.618229167	31.27	1719.68
43436.62865	43436	0.628645833	31.31	1522.56
43436.63906	43436	0.6390625	31.31	1463.04
43436.64948	43436	0.649479167	31.27	1293.44
43436.6599	43436	0.659895833	31.31	1135.04
43436.67031	43436	0.6703125	31.27	1001.92
43436.68073	43436	0.680729167	31.27	854.40
43436.69115	43436	0.691145833	31.23	736.96
43436.70156	43436	0.7015625	31.23	616.48
43436.71198	43436	0.711979167	31.23	505.76
43436.7224	43436	0.722395833	31.19	406.40
43436.73281	43436	0.7328125	31.19	300.40
43436.74323	43436	0.743229167	31.23	221.20
43436.75365	43436	0.753645833	31.23	142.20
43436.76406	43436	0.7640625	31.23	76.36
43436.77448	43436	0.774479167	31.19	25.38
43436.7849	43436	0.784895833	31.27	2.40
43436.79531	43436	0.7953125	31.27	0.00
43436.80573	43436	0.805729167	31.27	0.00
43436.81615	43436	0.816145833	31.23	0.00
43436.82656	43436	0.8265625	31.23	0.00
43436.83698	43436	0.836979167	31.19	0.00
43436.8474	43436	0.847395833	31.14	0.00
43436.85781	43436	0.8578125	31.19	0.00
43436.86823	43436	0.868229167	31.14	0.00
43436.87865	43436	0.878645833	31.14	0.00
43436.88906	43436	0.8890625	31.14	0.00
43436.89948	43436	0.899479167	31.10	0.00
43436.9099	43436	0.909895833	31.10	0.00
43436.92031	43436	0.9203125	31.10	0.00
43436.93073	43436	0.930729167	31.01	0.00
43436.94115	43436	0.941145833	31.06	0.00
43436.95156	43436	0.9515625	31.06	0.00
43436.96198	43436	0.961979167	31.01	0.00
43436.9724	43436	0.972395833	31.01	0.00
43436.98281	43436	0.9828125	30.97	0.00
43436.99323	43436	0.993229167	30.93	0.00
43437.00365	43437	0.003645833	30.93	0.00
43437.01406	43437	0.0140625	30.97	0.00
43437.02448	43437	0.024479167	30.89	0.00
43437.0349	43437	0.034895833	30.89	0.00
43437.04531	43437	0.0453125	30.89	0.00
43437.05573	43437	0.055729167	30.93	0.00
43437.06615	43437	0.066145833	31.01	0.00
43437.07656	43437	0.0765625	31.14	0.00
43437.08698	43437	0.086979167	31.19	0.00
43437.0974	43437	0.097395833	31.31	0.00
43437.10781	43437	0.1078125	31.14	0.00
43437.11823	43437	0.118229167	31.06	0.00
43437.12865	43437	0.128645833	30.97	0.00
43437.13906	43437	0.1390625	31.01	0.00
43437.14948	43437	0.149479167	31.01	0.00
43437.1599	43437	0.159895833	31.01	0.00
43437.17031	43437	0.1703125	31.01	0.00
43437.18073	43437	0.180729167	30.97	0.00
43437.19115	43437	0.191145833	30.97	0.00
43437.20156	43437	0.2015625	30.93	0.00
43437.21198	43437	0.211979167	30.93	0.00
43437.2224	43437	0.222395833	30.89	7.43
43437.23281	43437	0.2328125	30.89	43.76
43437.24323	43437	0.243229167	30.93	118.48
43437.25365	43437	0.253645833	30.84	220.32
43437.26406	43437	0.2640625	30.93	467.36
43437.27448	43437	0.274479167	30.93	742.08
43437.2849	43437	0.284895833	30.93	1107.20
43437.29531	43437	0.2953125	30.93	1504.00
43437.30573	43437	0.305729167	31.01	1911.04
43437.31615	43437	0.316145833	31.01	2177.28
43437.32656	43437	0.3265625	30.97	673.28
43437.33698	43437	0.336979167	31.06	2950.40
43437.3474	43437	0.347395833	31.01	3686.40
43437.35781	43437	0.3578125	31.06	4207.36
43437.36823	43437	0.368229167	31.01	4046.08
43437.37865	43437	0.378645833	31.10	4750.08
43437.38906	43437	0.3890625	31.06	4368.64
43437.39948	43437	0.399479167	31.10	4816.64
43437.4099	43437	0.409895833	31.19	5260.80
43437.42031	43437	0.4203125	31.23	5473.28
43437.43073	43437	0.430729167	31.19	5524.48
43437.44115	43437	0.441145833	31.23	5103.36
43437.45156	43437	0.4515625	31.23	5026.56
43437.46198	43437	0.461979167	31.27	5216.00
43437.4724	43437	0.472395833	31.31	5016.32
43437.48281	43437	0.4828125	31.36	5022.72
43437.49323	43437	0.493229167	31.36	4883.20
43437.50365	43437	0.503645833	31.31	3595.52
43437.51406	43437	0.5140625	31.36	4134.40
43437.52448	43437	0.524479167	31.40	3898.88
43437.5349	43437	0.534895833	31.40	3672.32
43437.54531	43437	0.5453125	31.49	3550.72
43437.55573	43437	0.555729167	31.49	2978.56
43437.56615	43437	0.566145833	31.57	2720.00
43437.57656	43437	0.5765625	31.61	2443.52
43437.58698	43437	0.586979167	31.74	2396.16
43437.5974	43437	0.597395833	31.70	2233.60
43437.60781	43437	0.6078125	31.61	1965.44
43437.61823	43437	0.618229167	31.57	1738.24
43437.62865	43437	0.628645833	31.49	1472.00
43437.63906	43437	0.6390625	31.40	1208.64
43437.64948	43437	0.649479167	31.40	1184.96
43437.6599	43437	0.659895833	31.36	1064.96
43437.67031	43437	0.6703125	31.36	938.88
43437.68073	43437	0.680729167	31.36	783.04
43437.69115	43437	0.691145833	31.36	664.64
43437.70156	43437	0.7015625	31.36	546.08
43437.71198	43437	0.711979167	31.31	432.80
43437.7224	43437	0.722395833	31.31	220.32
43437.73281	43437	0.7328125	31.27	143.96
43437.74323	43437	0.743229167	31.27	154.48
43437.75365	43437	0.753645833	31.31	140.44
43437.76406	43437	0.7640625	31.40	67.94
43437.77448	43437	0.774479167	31.40	21.00
43437.7849	43437	0.784895833	31.36	0.43
43437.79531	43437	0.7953125	31.40	0.00
43437.80573	43437	0.805729167	31.44	0.00
43437.81615	43437	0.816145833	31.49	0.00
43437.82656	43437	0.8265625	31.49	0.00
43437.83698	43437	0.836979167	31.44	0.00
43437.8474	43437	0.847395833	31.40	0.00
43437.85781	43437	0.8578125	31.49	0.00
43437.86823	43437	0.868229167	31.49	0.00
43437.87865	43437	0.878645833	31.53	0.00
43437.88906	43437	0.8890625	31.66	0.00
43437.89948	43437	0.899479167	31.57	0.00
43437.9099	43437	0.909895833	31.61	0.00
43437.92031	43437	0.9203125	31.61	0.00
43437.93073	43437	0.930729167	31.61	0.00
43437.94115	43437	0.941145833	31.57	0.00
43437.95156	43437	0.9515625	31.57	0.00
43437.96198	43437	0.961979167	31.53	0.00
43437.9724	43437	0.972395833	31.53	0.00
43437.98281	43437	0.9828125	31.53	0.00
43437.99323	43437	0.993229167	31.53	0.00
43438.00365	43438	0.003645833	31.44	0.00
43438.01406	43438	0.0140625	31.49	0.00
43438.02448	43438	0.024479167	31.44	0.00
43438.0349	43438	0.034895833	31.40	0.00
43438.04531	43438	0.0453125	31.40	0.00
43438.05573	43438	0.055729167	31.36	0.00
43438.06615	43438	0.066145833	31.27	0.00
43438.07656	43438	0.0765625	31.23	0.00
43438.08698	43438	0.086979167	31.23	0.00
43438.0974	43438	0.097395833	31.40	0.00
43438.10781	43438	0.1078125	31.31	0.00
43438.11823	43438	0.118229167	31.36	0.00
43438.12865	43438	0.128645833	31.49	0.00
43438.13906	43438	0.1390625	31.36	0.00
43438.14948	43438	0.149479167	31.19	0.00
43438.1599	43438	0.159895833	31.19	0.00
43438.17031	43438	0.1703125	31.23	0.00
43438.18073	43438	0.180729167	31.27	0.00
43438.19115	43438	0.191145833	31.49	0.00
43438.20156	43438	0.2015625	31.44	0.00
43438.21198	43438	0.211979167	31.44	0.00
43438.2224	43438	0.222395833	31.44	4.15
43438.23281	43438	0.2328125	31.36	30.63
43438.24323	43438	0.243229167	31.31	77.24
43438.25365	43438	0.253645833	31.40	130.84
43438.26406	43438	0.2640625	31.40	258.16
43438.27448	43438	0.274479167	31.36	410.88
43438.2849	43438	0.284895833	31.44	574.08
43438.29531	43438	0.2953125	31.40	719.36
43438.30573	43438	0.305729167	31.44	1057.92
43438.31615	43438	0.316145833	31.36	1282.88
43438.32656	43438	0.3265625	31.40	1484.16
43438.33698	43438	0.336979167	31.31	2168.32
43438.3474	43438	0.347395833	31.27	2483.84
43438.35781	43438	0.3578125	31.10	2810.88
43438.36823	43438	0.368229167	31.14	2958.08
43438.37865	43438	0.378645833	31.10	3262.72
43438.38906	43438	0.3890625	31.06	1150.08
43438.39948	43438	0.399479167	31.06	3520.00
43438.4099	43438	0.409895833	31.06	3686.40
43438.42031	43438	0.4203125	31.06	2828.80
43438.43073	43438	0.430729167	31.10	4410.88
43438.44115	43438	0.441145833	31.14	2877.44
43438.45156	43438	0.4515625	31.23	1584.00
43438.46198	43438	0.461979167	31.27	4330.24
43438.4724	43438	0.472395833	31.27	4193.28
43438.48281	43438	0.4828125	31.27	4263.68
43438.49323	43438	0.493229167	31.36	5062.40
43438.50365	43438	0.503645833	31.36	4550.40
43438.51406	43438	0.5140625	31.31	4417.28
43438.52448	43438	0.524479167	31.36	4435.20
43438.5349	43438	0.534895833	31.23	1732.48
43438.54531	43438	0.5453125	31.31	1930.24
43438.55573	43438	0.555729167	31.44	2749.44
43438.56615	43438	0.566145833	31.53	2707.20
43438.57656	43438	0.5765625	31.70	2227.84
43438.58698	43438	0.586979167	31.74	2252.80
43438.5974	43438	0.597395833	31.70	2272.00
43438.60781	43438	0.6078125	31.61	1688.32
43438.61823	43438	0.618229167	31.40	2035.84
43438.62865	43438	0.628645833	31.27	2048.00
43438.63906	43438	0.6390625	31.57	1898.88
43438.64948	43438	0.649479167	31.70	1771.52
43438.6599	43438	0.659895833	31.70	1400.96
43438.67031	43438	0.6703125	31.57	1120.32
43438.68073	43438	0.680729167	31.53	1043.20
43438.69115	43438	0.691145833	31.49	919.36
43438.70156	43438	0.7015625	31.49	117.60
43438.71198	43438	0.711979167	31.49	124.60
43438.7224	43438	0.722395833	31.53	101.84
43438.73281	43438	0.7328125	31.53	97.36
43438.74323	43438	0.743229167	31.53	235.44
43438.75365	43438	0.753645833	31.49	399.52
43438.76406	43438	0.7640625	31.44	206.32
43438.77448	43438	0.774479167	31.49	67.12
43438.7849	43438	0.784895833	31.44	3.71
43438.79531	43438	0.7953125	31.36	0.00
43438.80573	43438	0.805729167	31.36	0.00
43438.81615	43438	0.816145833	31.49	0.00
43438.82656	43438	0.8265625	31.40	0.00
43438.83698	43438	0.836979167	31.36	0.00
43438.8474	43438	0.847395833	31.23	0.00
43438.85781	43438	0.8578125	31.19	0.00
43438.86823	43438	0.868229167	31.14	0.00
43438.87865	43438	0.878645833	31.14	0.00
43438.88906	43438	0.8890625	31.10	0.00
43438.89948	43438	0.899479167	31.14	0.00
43438.9099	43438	0.909895833	31.14	0.00
43438.92031	43438	0.9203125	31.14	0.00
43438.93073	43438	0.930729167	31.19	0.00
43438.94115	43438	0.941145833	31.23	0.00
43438.95156	43438	0.9515625	31.23	0.00
43438.96198	43438	0.961979167	31.27	0.00
43438.9724	43438	0.972395833	31.23	0.00
43438.98281	43438	0.9828125	31.14	0.00
43438.99323	43438	0.993229167	31.19	0.00
43439.00365	43439	0.003645833	31.14	0.00
43439.01406	43439	0.0140625	31.14	0.00
43439.02448	43439	0.024479167	31.06	0.00
43439.0349	43439	0.034895833	31.06	0.00
43439.04531	43439	0.0453125	30.93	0.00
43439.05573	43439	0.055729167	30.89	0.00
43439.06615	43439	0.066145833	30.89	0.00
43439.07656	43439	0.0765625	30.76	0.00
43439.08698	43439	0.086979167	30.76	0.00
43439.0974	43439	0.097395833	30.84	0.00
43439.10781	43439	0.1078125	30.89	0.00
43439.11823	43439	0.118229167	30.93	0.00
43439.12865	43439	0.128645833	30.97	0.00
43439.13906	43439	0.1390625	30.89	0.00
43439.14948	43439	0.149479167	31.14	0.00
43439.1599	43439	0.159895833	31.10	0.00
43439.17031	43439	0.1703125	31.19	0.00
43439.18073	43439	0.180729167	31.23	0.00
43439.19115	43439	0.191145833	31.19	0.00
43439.20156	43439	0.2015625	31.19	0.00
43439.21198	43439	0.211979167	31.14	0.00
43439.2224	43439	0.222395833	31.14	4.59
43439.23281	43439	0.2328125	31.14	29.75
43439.24323	43439	0.243229167	31.10	91.24
43439.25365	43439	0.253645833	31.10	236.24
43439.26406	43439	0.2640625	31.06	377.60
43439.27448	43439	0.274479167	30.97	631.36
43439.2849	43439	0.284895833	30.97	890.56
43439.29531	43439	0.2953125	30.97	1093.12
43439.30573	43439	0.305729167	31.01	1390.72
43439.31615	43439	0.316145833	31.01	1696.00
43439.32656	43439	0.3265625	30.93	1918.08
43439.33698	43439	0.336979167	31.10	2003.84
43439.3474	43439	0.347395833	31.14	2259.84
43439.35781	43439	0.3578125	31.10	2391.04
43439.36823	43439	0.368229167	31.14	2327.68
43439.37865	43439	0.378645833	31.19	2828.80
43439.38906	43439	0.3890625	31.14	3512.32
43439.39948	43439	0.399479167	31.01	3714.56
43439.4099	43439	0.409895833	30.97	3650.56
43439.42031	43439	0.4203125	30.89	3528.96
43439.43073	43439	0.430729167	30.84	3549.44
43439.44115	43439	0.441145833	30.84	3769.60
43439.45156	43439	0.4515625	30.89	3850.24
43439.46198	43439	0.461979167	30.93	3068.16
43439.4724	43439	0.472395833	30.93	2315.52
43439.48281	43439	0.4828125	31.01	3969.28
43439.49323	43439	0.493229167	31.01	2769.92
43439.50365	43439	0.503645833	30.97	2259.84
43439.51406	43439	0.5140625	31.01	3569.92
43439.52448	43439	0.524479167	31.14	3912.96
43439.5349	43439	0.534895833	31.19	3500.80
43439.54531	43439	0.5453125	31.19	3302.40
43439.55573	43439	0.555729167	31.27	3033.60
43439.56615	43439	0.566145833	31.36	2786.56
43439.57656	43439	0.5765625	31.40	2443.52
43439.58698	43439	0.586979167	31.36	2315.52
43439.5974	43439	0.597395833	31.40	2095.36
43439.60781	43439	0.6078125	31.36	1227.84
43439.61823	43439	0.618229167	31.36	1189.44
43439.62865	43439	0.628645833	31.23	499.68
43439.63906	43439	0.6390625	31.06	844.16
43439.64948	43439	0.649479167	31.14	1156.16
43439.6599	43439	0.659895833	31.44	683.52
43439.67031	43439	0.6703125	31.40	525.12
43439.68073	43439	0.680729167	31.40	573.60
43439.69115	43439	0.691145833	31.31	450.72
43439.70156	43439	0.7015625	31.19	298.64
43439.71198	43439	0.711979167	31.19	331.04
43439.7224	43439	0.722395833	31.14	305.68
43439.73281	43439	0.7328125	31.10	317.04
43439.74323	43439	0.743229167	31.19	158.08
43439.75365	43439	0.753645833	31.14	58.68
43439.76406	43439	0.7640625	31.19	24.06
43439.77448	43439	0.774479167	31.19	12.47
43439.7849	43439	0.784895833	31.19	1.75
43439.79531	43439	0.7953125	31.19	0.00
43439.80573	43439	0.805729167	31.19	0.00
43439.81615	43439	0.816145833	31.14	0.00
43439.82656	43439	0.8265625	31.14	0.00
43439.83698	43439	0.836979167	31.01	0.00
43439.8474	43439	0.847395833	31.06	0.00
43439.85781	43439	0.8578125	31.01	0.00
43439.86823	43439	0.868229167	30.97	0.00
43439.87865	43439	0.878645833	30.93	0.00
43439.88906	43439	0.8890625	30.93	0.00
43439.89948	43439	0.899479167	30.93	0.00
43439.9099	43439	0.909895833	30.84	0.00
43439.92031	43439	0.9203125	30.89	0.00
43439.93073	43439	0.930729167	30.80	0.00
43439.94115	43439	0.941145833	30.80	0.00
43439.95156	43439	0.9515625	30.71	0.00
43439.96198	43439	0.961979167	30.71	0.00
43439.9724	43439	0.972395833	30.71	0.00
43439.98281	43439	0.9828125	30.67	0.00
43439.99323	43439	0.993229167	30.63	0.00
43440.00365	43440	0.003645833	30.54	0.00
43440.01406	43440	0.0140625	30.59	0.00
43440.02448	43440	0.024479167	30.54	0.00
43440.0349	43440	0.034895833	30.50	0.00
43440.04531	43440	0.0453125	30.46	0.00
43440.05573	43440	0.055729167	30.41	0.00
43440.06615	43440	0.066145833	30.41	0.00
43440.07656	43440	0.0765625	30.41	0.00
43440.08698	43440	0.086979167	30.37	0.00
43440.0974	43440	0.097395833	30.37	0.00
43440.10781	43440	0.1078125	30.28	0.00
43440.11823	43440	0.118229167	30.24	0.00
43440.12865	43440	0.128645833	30.20	0.00
43440.13906	43440	0.1390625	30.16	0.00
43440.14948	43440	0.149479167	30.11	0.00
43440.1599	43440	0.159895833	30.33	0.00
43440.17031	43440	0.1703125	30.54	0.00
43440.18073	43440	0.180729167	30.59	0.00
43440.19115	43440	0.191145833	30.59	0.00
43440.20156	43440	0.2015625	30.59	0.00
43440.21198	43440	0.211979167	30.54	0.00
43440.2224	43440	0.222395833	30.54	0.00
43440.23281	43440	0.2328125	30.50	0.87
43440.24323	43440	0.243229167	30.46	2.62
43440.25365	43440	0.253645833	30.54	6.78
43440.26406	43440	0.2640625	30.59	9.62
43440.27448	43440	0.274479167	30.63	7.87
43440.2849	43440	0.284895833	30.63	5.90
43440.29531	43440	0.2953125	30.63	6.12
43440.30573	43440	0.305729167	30.59	6.78
43440.31615	43440	0.316145833	30.59	15.09
43440.32656	43440	0.3265625	30.54	24.50
43440.33698	43440	0.336979167	30.54	34.57
43440.3474	43440	0.347395833	30.50	15.09
43440.35781	43440	0.3578125	30.50	18.38
43440.36823	43440	0.368229167	30.46	48.18
43440.37865	43440	0.378645833	30.41	45.06
43440.38906	43440	0.3890625	30.41	85.08
43440.39948	43440	0.399479167	30.37	95.60
43440.4099	43440	0.409895833	30.37	117.60
43440.42031	43440	0.4203125	30.37	282.64
43440.43073	43440	0.430729167	30.41	755.20
43440.44115	43440	0.441145833	30.41	465.60
43440.45156	43440	0.4515625	30.41	1556.48
43440.46198	43440	0.461979167	30.41	1088.64
43440.4724	43440	0.472395833	30.41	987.20
43440.48281	43440	0.4828125	30.41	1676.80
43440.49323	43440	0.493229167	30.33	1156.80
43440.50365	43440	0.503645833	30.28	484.80
43440.51406	43440	0.5140625	30.28	560.48
43440.52448	43440	0.524479167	30.28	637.60
43440.5349	43440	0.534895833	30.37	2198.40
43440.54531	43440	0.5453125	30.37	2156.16
43440.55573	43440	0.555729167	30.41	2439.68
43440.56615	43440	0.566145833	30.46	2734.08
43440.57656	43440	0.5765625	30.50	2604.16
43440.58698	43440	0.586979167	30.50	2279.04
43440.5974	43440	0.597395833	30.50	1743.36
43440.60781	43440	0.6078125	30.54	1580.16
43440.61823	43440	0.618229167	30.54	1258.56
43440.62865	43440	0.628645833	30.54	1123.52
43440.63906	43440	0.6390625	30.41	1225.28
43440.64948	43440	0.649479167	30.41	840.64
43440.6599	43440	0.659895833	30.46	469.12
43440.67031	43440	0.6703125	30.54	718.40
43440.68073	43440	0.680729167	30.59	712.32
43440.69115	43440	0.691145833	30.54	385.44
43440.70156	43440	0.7015625	30.59	186.16
43440.71198	43440	0.711979167	30.50	67.98
43440.7224	43440	0.722395833	30.46	51.68
43440.73281	43440	0.7328125	30.37	21.00
43440.74323	43440	0.743229167	30.33	14.22
43440.75365	43440	0.753645833	30.33	8.09
43440.76406	43440	0.7640625	30.37	7.87
43440.77448	43440	0.774479167	30.37	1.53
43440.7849	43440	0.784895833	30.37	0.00
43440.79531	43440	0.7953125	30.33	0.00
43440.80573	43440	0.805729167	30.33	0.00
43440.81615	43440	0.816145833	30.37	0.00
43440.82656	43440	0.8265625	30.28	0.00
43440.83698	43440	0.836979167	30.28	0.00
43440.8474	43440	0.847395833	30.28	0.00
43440.85781	43440	0.8578125	30.28	0.00
43440.86823	43440	0.868229167	30.28	0.00
43440.87865	43440	0.878645833	30.24	0.00
43440.88906	43440	0.8890625	30.24	0.00
43440.89948	43440	0.899479167	30.20	0.00
43440.9099	43440	0.909895833	30.20	0.00
43440.92031	43440	0.9203125	30.16	0.00
43440.93073	43440	0.930729167	30.11	0.00
43440.94115	43440	0.941145833	30.11	0.00
43440.95156	43440	0.9515625	30.07	0.00
43440.96198	43440	0.961979167	30.03	0.00
43440.9724	43440	0.972395833	30.07	0.00
43440.98281	43440	0.9828125	29.98	0.00
43440.99323	43440	0.993229167	29.98	0.00
43441.00365	43441	0.003645833	29.94	0.21
43441.01406	43441	0.0140625	29.98	0.00
43441.02448	43441	0.024479167	29.94	0.00
43441.0349	43441	0.034895833	29.90	0.00
43441.04531	43441	0.0453125	29.86	0.00
43441.05573	43441	0.055729167	29.86	0.00
43441.06615	43441	0.066145833	29.77	0.00
43441.07656	43441	0.0765625	29.77	0.00
43441.08698	43441	0.086979167	29.68	0.00
43441.0974	43441	0.097395833	29.73	0.00
43441.10781	43441	0.1078125	29.64	0.00
43441.11823	43441	0.118229167	29.68	0.00
43441.12865	43441	0.128645833	29.64	0.00
43441.13906	43441	0.1390625	29.56	0.00
43441.14948	43441	0.149479167	29.51	0.00
43441.1599	43441	0.159895833	29.38	0.00
43441.17031	43441	0.1703125	29.34	0.00
43441.18073	43441	0.180729167	29.34	0.00
43441.19115	43441	0.191145833	29.64	0.00
43441.20156	43441	0.2015625	29.68	0.00
43441.21198	43441	0.211979167	29.68	0.00
43441.2224	43441	0.222395833	29.64	0.00
43441.23281	43441	0.2328125	29.68	0.87
43441.24323	43441	0.243229167	29.64	3.71
43441.25365	43441	0.253645833	29.68	4.37
43441.26406	43441	0.2640625	29.68	1.75
43441.27448	43441	0.274479167	29.68	5.90
43441.2849	43441	0.284895833	29.64	8.09
43441.29531	43441	0.2953125	29.73	8.53
43441.30573	43441	0.305729167	29.77	3.93
43441.31615	43441	0.316145833	29.73	6.34
43441.32656	43441	0.3265625	29.77	38.07
43441.33698	43441	0.336979167	29.81	68.42
43441.3474	43441	0.347395833	29.81	36.32
43441.35781	43441	0.3578125	29.90	15.53
43441.36823	43441	0.368229167	29.68	28.00
43441.37865	43441	0.378645833	29.68	35.01
