date.time	date	time	temp	lux
43406.50485	43406	0.504849537	26.42	15.05
43406.51527	43406	0.515266204	24.66	512.32
43406.52568	43406	0.52568287	24.71	510.40
43406.5361	43406	0.536099537	24.71	508.64
43406.54652	43406	0.546516204	24.75	507.84
43406.55693	43406	0.55693287	24.75	506.08
43406.56735	43406	0.567349537	24.75	505.12
43406.57777	43406	0.577766204	24.75	506.88
43406.58818	43406	0.58818287	24.75	506.88
43406.5986	43406	0.598599537	24.75	503.36
43406.60902	43406	0.609016204	24.71	505.12
43406.61943	43406	0.61943287	24.75	506.08
43406.62985	43406	0.629849537	24.75	506.88
43406.64027	43406	0.640266204	24.71	506.88
43406.65068	43406	0.65068287	24.71	506.08
43406.6611	43406	0.661099537	24.71	504.32
43406.67152	43406	0.671516204	24.66	10.82
43406.68193	43406	0.68193287	24.58	765.44
43406.69235	43406	0.692349537	24.66	750.40
43406.70277	43406	0.702766204	24.75	750.40
43406.71318	43406	0.71318287	24.88	744.32
43406.7236	43406	0.723599537	24.88	743.36
43406.73402	43406	0.734016204	24.97	740.80
43406.74443	43406	0.74443287	25.05	740.80
43406.75485	43406	0.754849537	25.05	740.80
43406.76527	43406	0.765266204	25.09	741.44
43406.77568	43406	0.77568287	25.14	741.44
43406.7861	43406	0.786099537	25.14	742.40
43406.79652	43406	0.796516204	25.18	743.36
43406.80693	43406	0.80693287	25.22	743.36
43406.81735	43406	0.817349537	25.22	743.36
43406.82777	43406	0.827766204	25.22	744.32
43406.83818	43406	0.83818287	25.27	744.96
43406.8486	43406	0.848599537	25.22	744.32
43406.85902	43406	0.859016204	25.22	744.32
43406.86943	43406	0.86943287	25.27	743.36
43406.87985	43406	0.879849537	25.27	743.36
43406.89027	43406	0.890266204	25.27	742.40
43406.90068	43406	0.90068287	25.27	744.32
43406.9111	43406	0.911099537	25.31	742.40
43406.92152	43406	0.921516204	25.35	742.40
43406.93193	43406	0.93193287	25.35	744.32
43406.94235	43406	0.942349537	25.35	743.36
43406.95277	43406	0.952766204	25.35	743.36
43406.96318	43406	0.96318287	25.39	743.36
43406.9736	43406	0.973599537	25.39	744.32
43406.98402	43406	0.984016204	25.39	745.92
43406.99443	43406	0.99443287	25.39	743.36
43407.00485	43407	0.004849537	25.44	743.36
43407.01527	43407	0.015266204	25.44	742.40
43407.02568	43407	0.02568287	25.44	743.36
43407.0361	43407	0.036099537	25.48	742.40
43407.04652	43407	0.046516204	25.48	743.36
43407.05693	43407	0.05693287	25.48	744.32
43407.06735	43407	0.067349537	25.48	743.36
43407.07777	43407	0.077766204	25.52	742.40
43407.08818	43407	0.08818287	25.52	743.36
43407.0986	43407	0.098599537	25.52	743.36
43407.10902	43407	0.109016204	25.57	743.36
43407.11943	43407	0.11943287	25.57	744.32
43407.12985	43407	0.129849537	25.57	745.92
43407.14027	43407	0.140266204	25.61	742.40
43407.15068	43407	0.15068287	25.57	743.36
43407.1611	43407	0.161099537	25.61	744.32
43407.17152	43407	0.171516204	25.57	744.32
43407.18193	43407	0.18193287	25.57	743.36
43407.19235	43407	0.192349537	25.65	742.40
43407.20277	43407	0.202766204	25.65	742.40
43407.21318	43407	0.21318287	25.65	740.80
43407.2236	43407	0.223599537	25.65	740.80
43407.23402	43407	0.234016204	25.65	744.96
43407.24443	43407	0.24443287	25.65	743.36
43407.25485	43407	0.254849537	25.69	741.44
43407.26527	43407	0.265266204	25.69	744.32
43407.27568	43407	0.27568287	25.69	742.40
43407.2861	43407	0.286099537	25.65	741.44
43407.29652	43407	0.296516204	25.69	741.44
43407.30693	43407	0.30693287	25.74	741.44
43407.31735	43407	0.317349537	25.74	743.36
43407.32777	43407	0.327766204	25.78	742.40
43407.33818	43407	0.33818287	25.78	742.40
43407.3486	43407	0.348599537	25.78	744.32
43407.35902	43407	0.359016204	25.82	744.96
43407.36943	43407	0.36943287	25.78	743.36
43407.37985	43407	0.379849537	25.82	743.36
43407.39027	43407	0.390266204	25.82	744.96
43407.40068	43407	0.40068287	25.82	745.92
43407.4111	43407	0.411099537	25.82	745.92
43407.42152	43407	0.421516204	25.78	746.88
43407.43193	43407	0.43193287	25.82	746.88
43407.44235	43407	0.442349537	25.82	745.92
43407.45277	43407	0.452766204	25.82	748.80
43407.46318	43407	0.46318287	25.82	750.40
43407.4736	43407	0.473599537	25.87	748.80
43407.48402	43407	0.484016204	25.87	746.88
43407.49443	43407	0.49443287	25.87	748.80
43407.50485	43407	0.504849537	25.82	747.84
43407.51527	43407	0.515266204	25.82	747.84
43407.52568	43407	0.52568287	25.82	749.44
43407.5361	43407	0.536099537	25.31	8.84
43407.54652	43407	0.546516204	25.65	670.40
43407.55693	43407	0.55693287	25.82	659.84
43407.56735	43407	0.567349537	25.82	640.48
43407.57777	43407	0.577766204	25.82	633.44
43407.58818	43407	0.58818287	25.87	634.24
43407.5986	43407	0.598599537	25.91	642.24
43407.60902	43407	0.609016204	26.08	648.32
43407.61943	43407	0.61943287	26.08	655.36
43407.62985	43407	0.629849537	26.17	656.32
43407.64027	43407	0.640266204	26.21	654.56
43407.65068	43407	0.65068287	26.30	656.32
43407.6611	43407	0.661099537	26.42	34.64
43407.67152	43407	0.671516204	26.47	656.32
43407.68193	43407	0.68193287	26.55	657.28
43407.69235	43407	0.692349537	26.60	658.88
43407.70277	43407	0.702766204	26.64	658.88
43407.71318	43407	0.71318287	26.72	657.92
43407.7236	43407	0.723599537	26.72	657.92
43407.73402	43407	0.734016204	26.81	657.28
43407.74443	43407	0.74443287	26.81	657.28
43407.75485	43407	0.754849537	26.77	657.28
43407.76527	43407	0.765266204	26.81	655.36
43407.77568	43407	0.77568287	26.85	654.56
43407.7861	43407	0.786099537	26.85	654.56
43407.79652	43407	0.796516204	26.94	658.88
43407.80693	43407	0.80693287	26.94	659.84
43407.81735	43407	0.817349537	26.94	659.84
43407.82777	43407	0.827766204	26.94	659.84
43407.83818	43407	0.83818287	26.98	657.92
43407.8486	43407	0.848599537	26.98	657.28
43407.85902	43407	0.859016204	27.02	657.28
43407.86943	43407	0.86943287	27.02	657.92
43407.87985	43407	0.879849537	27.02	657.92
43407.89027	43407	0.890266204	27.07	657.92
43407.90068	43407	0.90068287	27.11	657.28
43407.9111	43407	0.911099537	27.11	657.28
43407.92152	43407	0.921516204	27.11	657.28
43407.93193	43407	0.93193287	27.15	657.28
43407.94235	43407	0.942349537	27.15	657.92
43407.95277	43407	0.952766204	27.15	657.28
43407.96318	43407	0.96318287	27.15	657.28
43407.9736	43407	0.973599537	27.15	657.28
43407.98402	43407	0.984016204	27.24	657.28
43407.99443	43407	0.99443287	27.20	656.32
43408.00485	43408	0.004849537	27.20	657.92
43408.01527	43408	0.015266204	27.20	656.32
43408.02568	43408	0.02568287	27.20	656.32
43408.0361	43408	0.036099537	27.24	657.28
43408.04652	43408	0.046516204	27.24	658.88
43408.05693	43408	0.05693287	27.28	656.32
43408.06735	43408	0.067349537	27.28	657.28
43408.07777	43408	0.077766204	27.24	655.36
43408.08818	43408	0.08818287	27.28	657.28
43408.0986	43408	0.098599537	27.28	657.28
43408.10902	43408	0.109016204	27.32	654.56
43408.11943	43408	0.11943287	27.28	656.32
43408.12985	43408	0.129849537	27.28	652.80
43408.14027	43408	0.140266204	27.28	652.00
43408.15068	43408	0.15068287	27.28	651.04
43408.1611	43408	0.161099537	27.32	645.76
43408.17152	43408	0.171516204	27.32	0.00
43408.18193	43408	0.18193287	27.32	0.00
43408.19235	43408	0.192349537	27.28	0.00
43408.20277	43408	0.202766204	27.32	0.00
43408.21318	43408	0.21318287	27.32	0.00
43408.2236	43408	0.223599537	27.32	0.00
43408.23402	43408	0.234016204	27.28	0.00
43408.24443	43408	0.24443287	27.28	0.00
43408.25485	43408	0.254849537	27.28	0.00
43408.26527	43408	0.265266204	27.28	0.00
43408.27568	43408	0.27568287	27.28	0.00
43408.2861	43408	0.286099537	27.32	0.00
43408.29652	43408	0.296516204	27.28	0.00
43408.30693	43408	0.30693287	27.32	0.00
43408.31735	43408	0.317349537	27.28	0.00
43408.32777	43408	0.327766204	27.37	0.00
43408.33818	43408	0.33818287	27.32	0.00
43408.3486	43408	0.348599537	27.37	0.00
43408.35902	43408	0.359016204	27.37	0.00
43408.36943	43408	0.36943287	27.37	0.00
43408.37985	43408	0.379849537	27.37	0.00
43408.39027	43408	0.390266204	27.37	0.00
43408.40068	43408	0.40068287	27.37	0.00
43408.4111	43408	0.411099537	27.37	0.00
43408.42152	43408	0.421516204	27.37	0.00
43408.43193	43408	0.43193287	27.37	0.00
43408.44235	43408	0.442349537	27.45	0.00
43408.45277	43408	0.452766204	27.37	0.00
43408.46318	43408	0.46318287	27.37	0.00
43408.4736	43408	0.473599537	27.41	0.00
43408.48402	43408	0.484016204	27.37	0.00
43408.49443	43408	0.49443287	27.37	0.00
43408.50485	43408	0.504849537	27.32	0.00
43408.51527	43408	0.515266204	27.37	0.00
43408.52568	43408	0.52568287	27.37	79.00
43408.5361	43408	0.536099537	27.37	89.60
43408.54652	43408	0.546516204	27.37	86.96
43408.55693	43408	0.55693287	27.41	88.72
43408.56735	43408	0.567349537	27.37	90.48
43408.57777	43408	0.577766204	27.32	89.60
43408.58818	43408	0.58818287	27.28	91.36
43408.5986	43408	0.598599537	27.07	30.61
43408.60902	43408	0.609016204	27.15	0.00
43408.61943	43408	0.61943287	27.24	0.00
43408.62985	43408	0.629849537	27.24	0.00
43408.64027	43408	0.640266204	27.28	0.00
43408.65068	43408	0.65068287	27.28	0.00
43408.6611	43408	0.661099537	27.28	0.00
43408.67152	43408	0.671516204	27.32	0.00
43408.68193	43408	0.68193287	27.32	0.00
43408.69235	43408	0.692349537	27.28	0.00
43408.70277	43408	0.702766204	27.28	0.00
43408.71318	43408	0.71318287	27.32	0.00
43408.7236	43408	0.723599537	27.32	0.00
43408.73402	43408	0.734016204	27.37	0.00
43408.74443	43408	0.74443287	27.32	0.00
43408.75485	43408	0.754849537	27.37	0.00
43408.76527	43408	0.765266204	27.32	0.00
43408.77568	43408	0.77568287	27.32	0.00
43408.7861	43408	0.786099537	27.32	0.00
43408.79652	43408	0.796516204	27.32	0.00
43408.80693	43408	0.80693287	27.28	0.00
43408.81735	43408	0.817349537	27.32	0.00
43408.82777	43408	0.827766204	27.32	0.00
43408.83818	43408	0.83818287	27.37	0.00
43408.8486	43408	0.848599537	27.32	0.00
43408.85902	43408	0.859016204	27.32	0.00
43408.86943	43408	0.86943287	27.32	0.00
43408.87985	43408	0.879849537	27.37	0.00
43408.89027	43408	0.890266204	27.32	0.00
43408.90068	43408	0.90068287	27.32	0.00
43408.9111	43408	0.911099537	27.37	0.00
43408.92152	43408	0.921516204	27.32	0.00
43408.93193	43408	0.93193287	27.37	0.00
43408.94235	43408	0.942349537	27.37	0.00
43408.95277	43408	0.952766204	27.32	0.00
43408.96318	43408	0.96318287	27.37	0.00
43408.9736	43408	0.973599537	27.37	0.00
43408.98402	43408	0.984016204	27.28	0.00
43408.99443	43408	0.99443287	27.37	0.00
43409.00485	43409	0.004849537	27.32	0.00
43409.01527	43409	0.015266204	27.37	0.00
43409.02568	43409	0.02568287	27.37	0.00
43409.0361	43409	0.036099537	27.37	0.00
43409.04652	43409	0.046516204	27.37	0.00
43409.05693	43409	0.05693287	27.32	0.00
43409.06735	43409	0.067349537	27.32	0.00
43409.07777	43409	0.077766204	27.32	0.00
43409.08818	43409	0.08818287	27.37	0.00
43409.0986	43409	0.098599537	27.37	0.00
43409.10902	43409	0.109016204	27.37	0.00
43409.11943	43409	0.11943287	27.32	0.00
43409.12985	43409	0.129849537	27.37	0.00
43409.14027	43409	0.140266204	27.32	0.00
43409.15068	43409	0.15068287	27.32	0.00
43409.1611	43409	0.161099537	27.32	0.00
43409.17152	43409	0.171516204	27.37	0.00
43409.18193	43409	0.18193287	27.32	0.00
43409.19235	43409	0.192349537	27.37	0.00
43409.20277	43409	0.202766204	27.37	0.00
43409.21318	43409	0.21318287	27.37	0.00
43409.2236	43409	0.223599537	27.37	0.00
43409.23402	43409	0.234016204	27.32	0.00
43409.24443	43409	0.24443287	27.32	0.00
43409.25485	43409	0.254849537	27.37	0.00
43409.26527	43409	0.265266204	27.37	0.00
43409.27568	43409	0.27568287	27.32	0.00
43409.2861	43409	0.286099537	27.37	0.00
43409.29652	43409	0.296516204	27.37	0.00
43409.30693	43409	0.30693287	27.41	0.00
43409.31735	43409	0.317349537	27.37	0.00
43409.32777	43409	0.327766204	27.41	0.00
43409.33818	43409	0.33818287	27.37	0.00
43409.3486	43409	0.348599537	27.41	4.86
43409.35902	43409	0.359016204	27.37	4.64
43409.36943	43409	0.36943287	27.41	4.64
43409.37985	43409	0.379849537	27.45	4.64
43409.39027	43409	0.390266204	27.45	4.64
43409.40068	43409	0.40068287	27.45	4.64
43409.4111	43409	0.411099537	27.41	4.64
43409.42152	43409	0.421516204	27.37	4.64
43409.43193	43409	0.43193287	27.37	4.64
43409.44235	43409	0.442349537	27.37	4.64
43409.45277	43409	0.452766204	27.32	4.64
43409.46318	43409	0.46318287	27.32	4.64
43409.4736	43409	0.473599537	27.32	4.64
43409.48402	43409	0.484016204	27.32	5.08
43409.49443	43409	0.49443287	27.32	4.86
43409.50485	43409	0.504849537	27.32	4.86
43409.51527	43409	0.515266204	27.32	4.86
43409.52568	43409	0.52568287	27.32	4.86
43409.5361	43409	0.536099537	27.32	4.64
43409.54652	43409	0.546516204	27.32	4.86
43409.55693	43409	0.55693287	27.32	4.86
43409.56735	43409	0.567349537	27.28	4.42
43409.57777	43409	0.577766204	27.07	3.75
43409.58818	43409	0.58818287	27.20	3.75
43409.5986	43409	0.598599537	27.24	3.75
43409.60902	43409	0.609016204	27.32	3.75
43409.61943	43409	0.61943287	27.37	3.75
43409.62985	43409	0.629849537	27.37	3.75
43409.64027	43409	0.640266204	27.45	3.75
43409.65068	43409	0.65068287	27.45	3.53
43409.6611	43409	0.661099537	27.45	3.53
43409.67152	43409	0.671516204	27.45	3.75
43409.68193	43409	0.68193287	27.50	922.24
43409.69235	43409	0.692349537	27.50	916.16
43409.70277	43409	0.702766204	27.50	0.00
43409.71318	43409	0.71318287	27.54	0.00
43409.7236	43409	0.723599537	27.50	0.00
43409.73402	43409	0.734016204	27.58	0.00
43409.74443	43409	0.74443287	27.50	0.00
43409.75485	43409	0.754849537	27.50	0.00
43409.76527	43409	0.765266204	27.54	0.00
43409.77568	43409	0.77568287	27.58	0.00
43409.7861	43409	0.786099537	27.58	0.00
43409.79652	43409	0.796516204	27.58	0.00
43409.80693	43409	0.80693287	27.58	0.00
43409.81735	43409	0.817349537	27.58	0.00
43409.82777	43409	0.827766204	27.63	0.00
43409.83818	43409	0.83818287	27.58	0.00
43409.8486	43409	0.848599537	27.58	0.00
43409.85902	43409	0.859016204	27.58	0.00
43409.86943	43409	0.86943287	27.58	0.00
43409.87985	43409	0.879849537	27.58	0.00
43409.89027	43409	0.890266204	27.58	0.00
43409.90068	43409	0.90068287	27.58	0.00
43409.9111	43409	0.911099537	27.63	0.00
43409.92152	43409	0.921516204	27.58	0.00
43409.93193	43409	0.93193287	27.58	0.00
43409.94235	43409	0.942349537	27.63	0.00
43409.95277	43409	0.952766204	27.63	0.00
43409.96318	43409	0.96318287	27.58	0.00
43409.9736	43409	0.973599537	27.58	0.00
43409.98402	43409	0.984016204	27.58	0.00
43409.99443	43409	0.99443287	27.63	0.00
43410.00485	43410	0.004849537	27.54	0.00
43410.01527	43410	0.015266204	27.58	0.00
43410.02568	43410	0.02568287	27.58	0.00
43410.0361	43410	0.036099537	27.67	0.00
43410.04652	43410	0.046516204	27.58	0.00
43410.05693	43410	0.05693287	27.63	0.00
43410.06735	43410	0.067349537	27.63	0.00
43410.07777	43410	0.077766204	27.63	0.00
43410.08818	43410	0.08818287	27.63	0.00
43410.0986	43410	0.098599537	27.63	0.00
43410.10902	43410	0.109016204	27.63	0.00
43410.11943	43410	0.11943287	27.63	0.00
43410.12985	43410	0.129849537	27.58	0.00
43410.14027	43410	0.140266204	27.63	0.00
43410.15068	43410	0.15068287	27.58	0.00
43410.1611	43410	0.161099537	27.63	0.00
43410.17152	43410	0.171516204	27.63	0.00
43410.18193	43410	0.18193287	27.63	0.00
43410.19235	43410	0.192349537	27.58	0.00
43410.20277	43410	0.202766204	27.67	0.00
43410.21318	43410	0.21318287	27.67	0.00
43410.2236	43410	0.223599537	27.63	0.00
43410.23402	43410	0.234016204	27.67	0.00
43410.24443	43410	0.24443287	27.63	0.00
43410.25485	43410	0.254849537	27.67	0.00
43410.26527	43410	0.265266204	27.63	0.00
43410.27568	43410	0.27568287	27.67	0.00
43410.2861	43410	0.286099537	27.67	0.00
43410.29652	43410	0.296516204	27.67	0.00
43410.30693	43410	0.30693287	27.67	0.00
43410.31735	43410	0.317349537	27.67	0.00
43410.32777	43410	0.327766204	27.67	0.00
43410.33818	43410	0.33818287	27.71	0.00
43410.3486	43410	0.348599537	27.67	2.65
43410.35902	43410	0.359016204	27.63	916.16
43410.36943	43410	0.36943287	27.45	914.56
43410.37985	43410	0.379849537	27.32	913.60
43410.39027	43410	0.390266204	27.24	913.60
43410.40068	43410	0.40068287	27.15	913.60
43410.4111	43410	0.411099537	27.20	912.64
43410.42152	43410	0.421516204	27.11	914.56
43410.43193	43410	0.43193287	27.11	914.56
43410.44235	43410	0.442349537	27.11	913.60
43410.45277	43410	0.452766204	27.07	914.56
43410.46318	43410	0.46318287	27.11	913.60
43410.4736	43410	0.473599537	27.07	914.56
43410.48402	43410	0.484016204	27.02	874.24
43410.49443	43410	0.49443287	27.07	1770.24
43410.50485	43410	0.504849537	27.11	1763.20
43410.51527	43410	0.515266204	27.20	1760.64
43410.52568	43410	0.52568287	27.28	1760.64
43410.5361	43410	0.536099537	27.28	1758.72
43410.54652	43410	0.546516204	27.32	1760.64
43410.55693	43410	0.55693287	27.37	1760.64
43410.56735	43410	0.567349537	27.37	1762.56
43410.57777	43410	0.577766204	27.41	1764.48
43410.58818	43410	0.58818287	27.37	1764.48
43410.5986	43410	0.598599537	27.37	1765.76
43410.60902	43410	0.609016204	27.37	1767.68
43410.61943	43410	0.61943287	27.37	1764.48
43410.62985	43410	0.629849537	27.37	1765.76
43410.64027	43410	0.640266204	27.37	1764.48
43410.65068	43410	0.65068287	27.45	1764.48
43410.6611	43410	0.661099537	27.45	1764.48
43410.67152	43410	0.671516204	27.50	1764.48
43410.68193	43410	0.68193287	27.41	1765.76
43410.69235	43410	0.692349537	27.41	1765.76
43410.70277	43410	0.702766204	27.45	1767.68
43410.71318	43410	0.71318287	27.45	1765.76
43410.7236	43410	0.723599537	27.45	1767.68
43410.73402	43410	0.734016204	27.41	1767.68
43410.74443	43410	0.74443287	27.37	1771.52
43410.75485	43410	0.754849537	27.41	1769.60
43410.76527	43410	0.765266204	27.41	1771.52
43410.77568	43410	0.77568287	27.41	1769.60
43410.7861	43410	0.786099537	27.37	3.53
43410.79652	43410	0.796516204	27.32	3.75
43410.80693	43410	0.80693287	27.32	3.31
43410.81735	43410	0.817349537	27.32	3.31
43410.82777	43410	0.827766204	27.28	3.31
43410.83818	43410	0.83818287	27.37	3.31
43410.8486	43410	0.848599537	27.32	3.31
43410.85902	43410	0.859016204	27.32	3.31
43410.86943	43410	0.86943287	27.32	3.31
43410.87985	43410	0.879849537	27.32	3.31
43410.89027	43410	0.890266204	27.32	3.31
43410.90068	43410	0.90068287	27.32	3.31
43410.9111	43410	0.911099537	27.28	3.53
43410.92152	43410	0.921516204	27.28	2.87
43410.93193	43410	0.93193287	27.32	3.09
43410.94235	43410	0.942349537	27.37	3.09
43410.95277	43410	0.952766204	27.37	3.09
43410.96318	43410	0.96318287	27.41	3.09
43410.9736	43410	0.973599537	27.45	3.09
43410.98402	43410	0.984016204	27.41	3.09
43410.99443	43410	0.99443287	27.45	3.09
43411.00485	43411	0.004849537	27.41	3.09
43411.01527	43411	0.015266204	27.45	3.09
43411.02568	43411	0.02568287	27.50	3.09
43411.0361	43411	0.036099537	27.45	3.09
43411.04652	43411	0.046516204	27.45	3.09
43411.05693	43411	0.05693287	27.50	3.09
43411.06735	43411	0.067349537	27.45	2.87
43411.07777	43411	0.077766204	27.41	1.76
43411.08818	43411	0.08818287	27.41	0.22
43411.0986	43411	0.098599537	27.41	0.22
43411.10902	43411	0.109016204	27.41	0.00
43411.11943	43411	0.11943287	27.41	0.00
43411.12985	43411	0.129849537	27.37	0.00
43411.14027	43411	0.140266204	27.37	0.00
43411.15068	43411	0.15068287	27.41	0.00
43411.1611	43411	0.161099537	27.41	0.00
43411.17152	43411	0.171516204	27.41	0.00
43411.18193	43411	0.18193287	27.41	0.00
43411.19235	43411	0.192349537	27.41	0.00
43411.20277	43411	0.202766204	27.41	0.00
43411.21318	43411	0.21318287	27.50	0.00
43411.2236	43411	0.223599537	27.41	0.00
43411.23402	43411	0.234016204	27.45	0.00
43411.24443	43411	0.24443287	27.41	0.00
43411.25485	43411	0.254849537	27.50	0.00
43411.26527	43411	0.265266204	27.45	0.00
43411.27568	43411	0.27568287	27.50	0.00
43411.2861	43411	0.286099537	27.50	0.00
43411.29652	43411	0.296516204	27.54	0.00
43411.30693	43411	0.30693287	27.50	0.00
43411.31735	43411	0.317349537	27.54	0.00
43411.32777	43411	0.327766204	27.50	0.00
43411.33818	43411	0.33818287	27.50	0.00
43411.3486	43411	0.348599537	27.45	3.09
43411.35902	43411	0.359016204	27.50	3.09
43411.36943	43411	0.36943287	27.50	2.87
43411.37985	43411	0.379849537	27.45	2.87
43411.39027	43411	0.390266204	27.41	2.87
43411.40068	43411	0.40068287	27.45	2.87
43411.4111	43411	0.411099537	27.41	2.87
43411.42152	43411	0.421516204	27.41	2.65
43411.43193	43411	0.43193287	27.41	2.87
43411.44235	43411	0.442349537	27.45	2.65
43411.45277	43411	0.452766204	27.37	2.87
43411.46318	43411	0.46318287	27.41	2.87
43411.4736	43411	0.473599537	27.45	2.87
43411.48402	43411	0.484016204	27.37	2.87
43411.49443	43411	0.49443287	27.41	2.87
43411.50485	43411	0.504849537	27.37	3.09
43411.51527	43411	0.515266204	27.41	2.87
43411.52568	43411	0.52568287	27.41	2.87
43411.5361	43411	0.536099537	27.41	2.87
43411.54652	43411	0.546516204	27.41	3.31
43411.55693	43411	0.55693287	27.41	2.87
43411.56735	43411	0.567349537	27.41	2.87
43411.57777	43411	0.577766204	27.37	2.87
43411.58818	43411	0.58818287	27.45	2.87
43411.5986	43411	0.598599537	27.32	2.87
43411.60902	43411	0.609016204	27.37	2.87
43411.61943	43411	0.61943287	27.32	3.09
43411.62985	43411	0.629849537	27.37	3.75
43411.64027	43411	0.640266204	27.37	3.31
43411.65068	43411	0.65068287	27.45	3.31
43411.6611	43411	0.661099537	27.45	3.31
43411.67152	43411	0.671516204	27.50	3.53
43411.68193	43411	0.68193287	27.45	3.53
43411.69235	43411	0.692349537	27.45	3.31
43411.70277	43411	0.702766204	27.50	3.31
43411.71318	43411	0.71318287	27.54	3.31
43411.7236	43411	0.723599537	27.50	3.53
43411.73402	43411	0.734016204	27.50	3.31
43411.74443	43411	0.74443287	27.54	3.53
43411.75485	43411	0.754849537	27.54	3.31
43411.76527	43411	0.765266204	27.58	3.31
43411.77568	43411	0.77568287	27.54	3.31
43411.7861	43411	0.786099537	27.54	3.31
43411.79652	43411	0.796516204	27.50	3.31
43411.80693	43411	0.80693287	27.54	3.31
43411.81735	43411	0.817349537	27.54	3.31
43411.82777	43411	0.827766204	27.54	3.53
43411.83818	43411	0.83818287	27.58	3.31
43411.8486	43411	0.848599537	27.54	3.53
43411.85902	43411	0.859016204	27.54	3.31
43411.86943	43411	0.86943287	27.58	3.53
43411.87985	43411	0.879849537	27.54	3.31
43411.89027	43411	0.890266204	27.54	3.31
43411.90068	43411	0.90068287	27.58	3.53
43411.9111	43411	0.911099537	27.58	3.31
43411.92152	43411	0.921516204	27.58	3.75
43411.93193	43411	0.93193287	27.58	3.53
43411.94235	43411	0.942349537	27.54	3.31
43411.95277	43411	0.952766204	27.63	3.31
43411.96318	43411	0.96318287	27.58	3.31
43411.9736	43411	0.973599537	27.58	3.31
43411.98402	43411	0.984016204	27.58	3.53
43411.99443	43411	0.99443287	27.58	3.31
43412.00485	43412	0.004849537	27.54	3.31
43412.01527	43412	0.015266204	27.58	3.53
43412.02568	43412	0.02568287	27.54	3.31
43412.0361	43412	0.036099537	27.54	3.53
43412.04652	43412	0.046516204	27.58	3.31
43412.05693	43412	0.05693287	27.54	3.31
43412.06735	43412	0.067349537	27.58	3.31
43412.07777	43412	0.077766204	27.63	3.31
43412.08818	43412	0.08818287	27.58	3.31
43412.0986	43412	0.098599537	27.58	3.31
43412.10902	43412	0.109016204	27.58	3.31
43412.11943	43412	0.11943287	27.63	3.31
43412.12985	43412	0.129849537	27.58	3.31
43412.14027	43412	0.140266204	27.63	3.31
43412.15068	43412	0.15068287	27.58	3.31
43412.1611	43412	0.161099537	27.67	3.53
43412.17152	43412	0.171516204	27.63	3.31
43412.18193	43412	0.18193287	27.63	3.31
43412.19235	43412	0.192349537	27.63	3.53
43412.20277	43412	0.202766204	27.63	3.31
43412.21318	43412	0.21318287	27.63	3.31
43412.2236	43412	0.223599537	27.63	3.31
43412.23402	43412	0.234016204	27.63	3.31
43412.24443	43412	0.24443287	27.63	3.31
43412.25485	43412	0.254849537	27.58	3.31
43412.26527	43412	0.265266204	27.63	3.31
43412.27568	43412	0.27568287	27.63	3.31
43412.2861	43412	0.286099537	27.63	3.31
43412.29652	43412	0.296516204	27.67	3.75
43412.30693	43412	0.30693287	27.67	3.31
43412.31735	43412	0.317349537	27.67	3.31
43412.32777	43412	0.327766204	27.67	3.31
43412.33818	43412	0.33818287	27.67	3.31
43412.3486	43412	0.348599537	27.63	3.31
43412.35902	43412	0.359016204	27.67	0.00
43412.36943	43412	0.36943287	27.67	0.00
43412.37985	43412	0.379849537	27.63	0.00
43412.39027	43412	0.390266204	27.67	0.00
43412.40068	43412	0.40068287	27.63	27.04
43412.4111	43412	0.411099537	27.71	28.84
43412.42152	43412	0.421516204	27.67	28.84
43412.43193	43412	0.43193287	27.67	28.40
43412.44235	43412	0.442349537	27.67	28.84
43412.45277	43412	0.452766204	27.63	28.40
43412.46318	43412	0.46318287	27.67	29.72
43412.4736	43412	0.473599537	27.63	29.72
43412.48402	43412	0.484016204	27.63	28.84
43412.49443	43412	0.49443287	27.58	28.84
43412.50485	43412	0.504849537	27.54	27.95
43412.51527	43412	0.515266204	27.58	29.28
43412.52568	43412	0.52568287	27.54	28.78
43412.5361	43412	0.536099537	27.54	28.40
43412.54652	43412	0.546516204	27.50	27.95
43412.55693	43412	0.55693287	27.58	29.28
43412.56735	43412	0.567349537	27.54	29.28
43412.57777	43412	0.577766204	27.07	27.95
43412.58818	43412	0.58818287	27.02	29.28
43412.5986	43412	0.598599537	27.11	28.84
43412.60902	43412	0.609016204	27.20	29.28
43412.61943	43412	0.61943287	27.24	5.30
43412.62985	43412	0.629849537	27.32	4.64
43412.64027	43412	0.640266204	27.32	4.42
43412.65068	43412	0.65068287	27.41	4.86
43412.6611	43412	0.661099537	27.41	4.42
43412.67152	43412	0.671516204	27.41	4.42
43412.68193	43412	0.68193287	27.41	4.42
43412.69235	43412	0.692349537	27.20	0.00
43412.70277	43412	0.702766204	26.98	134.12
43412.71318	43412	0.71318287	26.90	127.96
43412.7236	43412	0.723599537	26.85	0.00
43412.73402	43412	0.734016204	26.90	0.00
43412.74443	43412	0.74443287	26.94	0.00
43412.75485	43412	0.754849537	26.98	0.00
43412.76527	43412	0.765266204	27.02	0.00
43412.77568	43412	0.77568287	27.07	0.00
43412.7861	43412	0.786099537	27.07	0.00
43412.79652	43412	0.796516204	27.07	0.00
43412.80693	43412	0.80693287	27.11	0.00
43412.81735	43412	0.817349537	27.11	0.00
43412.82777	43412	0.827766204	27.11	0.00
43412.83818	43412	0.83818287	27.11	0.00
43412.8486	43412	0.848599537	27.15	0.00
43412.85902	43412	0.859016204	27.15	0.00
43412.86943	43412	0.86943287	27.11	0.00
43412.87985	43412	0.879849537	27.15	0.00
43412.89027	43412	0.890266204	27.11	0.00
43412.90068	43412	0.90068287	27.20	0.00
43412.9111	43412	0.911099537	27.15	0.00
43412.92152	43412	0.921516204	27.20	0.00
43412.93193	43412	0.93193287	27.20	0.00
43412.94235	43412	0.942349537	27.15	0.00
43412.95277	43412	0.952766204	27.20	0.00
43412.96318	43412	0.96318287	27.15	0.00
43412.9736	43412	0.973599537	27.15	0.00
43412.98402	43412	0.984016204	27.20	0.00
43412.99443	43412	0.99443287	27.20	0.00
43413.00485	43413	0.004849537	27.24	0.00
43413.01527	43413	0.015266204	27.20	0.00
43413.02568	43413	0.02568287	27.20	0.00
43413.0361	43413	0.036099537	27.20	0.00
43413.04652	43413	0.046516204	27.20	0.00
43413.05693	43413	0.05693287	27.24	0.00
43413.06735	43413	0.067349537	27.20	0.00
43413.07777	43413	0.077766204	27.15	0.00
43413.08818	43413	0.08818287	27.24	0.00
43413.0986	43413	0.098599537	27.20	0.00
43413.10902	43413	0.109016204	27.20	0.00
43413.11943	43413	0.11943287	27.20	0.00
43413.12985	43413	0.129849537	27.20	0.00
43413.14027	43413	0.140266204	27.15	0.00
43413.15068	43413	0.15068287	27.20	0.00
43413.1611	43413	0.161099537	27.24	0.00
43413.17152	43413	0.171516204	27.20	0.00
43413.18193	43413	0.18193287	27.20	0.00
43413.19235	43413	0.192349537	27.24	0.00
43413.20277	43413	0.202766204	27.20	0.00
43413.21318	43413	0.21318287	27.24	0.00
43413.2236	43413	0.223599537	27.24	0.00
43413.23402	43413	0.234016204	27.24	0.00
43413.24443	43413	0.24443287	27.24	0.00
43413.25485	43413	0.254849537	27.20	0.00
43413.26527	43413	0.265266204	27.20	0.00
43413.27568	43413	0.27568287	27.24	0.00
43413.2861	43413	0.286099537	27.24	0.00
43413.29652	43413	0.296516204	27.24	0.00
43413.30693	43413	0.30693287	27.24	0.00
43413.31735	43413	0.317349537	27.24	0.00
43413.32777	43413	0.327766204	27.20	0.00
43413.33818	43413	0.33818287	27.28	0.00
43413.3486	43413	0.348599537	27.28	3.75
43413.35902	43413	0.359016204	27.24	3.09
43413.36943	43413	0.36943287	26.98	43.20
43413.37985	43413	0.379849537	27.02	1838.72
43413.39027	43413	0.390266204	27.07	1134.08
43413.40068	43413	0.40068287	27.02	832.96
43413.4111	43413	0.411099537	27.07	846.40
43413.42152	43413	0.421516204	27.07	1783.68
43413.43193	43413	0.43193287	27.11	1518.72
43413.44235	43413	0.442349537	27.07	1043.20
43413.45277	43413	0.452766204	27.11	1094.40
43413.46318	43413	0.46318287	27.11	968.00
43413.4736	43413	0.473599537	27.15	890.24
43413.48402	43413	0.484016204	27.11	857.92
43413.49443	43413	0.49443287	27.11	1449.60
43413.50485	43413	0.504849537	27.11	1191.68
43413.51527	43413	0.515266204	27.11	1634.56
43413.52568	43413	0.52568287	27.15	1456.00
43413.5361	43413	0.536099537	27.11	916.48
43413.54652	43413	0.546516204	27.11	1195.84
43413.55693	43413	0.55693287	27.15	1111.04
43413.56735	43413	0.567349537	27.07	1479.68
43413.57777	43413	0.577766204	27.07	1911.04
43413.58818	43413	0.58818287	27.11	936.96
43413.5986	43413	0.598599537	27.11	960.96
43413.60902	43413	0.609016204	27.11	1352.32
43413.61943	43413	0.61943287	27.11	1133.12
43413.62985	43413	0.629849537	27.11	2310.40
43413.64027	43413	0.640266204	27.11	800.32
43413.65068	43413	0.65068287	27.07	939.52
43413.6611	43413	0.661099537	27.11	2277.12
43413.67152	43413	0.671516204	27.11	2418.56
43413.68193	43413	0.68193287	27.07	840.00
43413.69235	43413	0.692349537	26.98	0.00
43413.70277	43413	0.702766204	26.94	0.00
43413.71318	43413	0.71318287	26.98	0.00
43413.7236	43413	0.723599537	26.98	0.00
43413.73402	43413	0.734016204	26.98	0.00
43413.74443	43413	0.74443287	26.98	0.00
43413.75485	43413	0.754849537	26.98	0.00
43413.76527	43413	0.765266204	26.94	0.00
43413.77568	43413	0.77568287	26.98	0.00
43413.7861	43413	0.786099537	26.98	0.00
43413.79652	43413	0.796516204	26.94	0.00
43413.80693	43413	0.80693287	26.98	0.00
43413.81735	43413	0.817349537	26.98	0.00
43413.82777	43413	0.827766204	26.90	0.00
43413.83818	43413	0.83818287	27.02	0.00
43413.8486	43413	0.848599537	26.94	0.00
43413.85902	43413	0.859016204	27.02	0.00
43413.86943	43413	0.86943287	26.94	0.00
43413.87985	43413	0.879849537	26.98	0.00
43413.89027	43413	0.890266204	26.94	0.00
43413.90068	43413	0.90068287	26.94	0.00
43413.9111	43413	0.911099537	26.94	0.00
43413.92152	43413	0.921516204	26.98	0.00
43413.93193	43413	0.93193287	26.98	0.00
43413.94235	43413	0.942349537	26.98	0.00
43413.95277	43413	0.952766204	26.94	0.00
43413.96318	43413	0.96318287	26.98	0.00
43413.9736	43413	0.973599537	26.98	0.00
43413.98402	43413	0.984016204	26.94	0.00
43413.99443	43413	0.99443287	26.94	0.00
43414.00485	43414	0.004849537	26.98	0.00
43414.01527	43414	0.015266204	26.94	0.00
43414.02568	43414	0.02568287	26.98	0.00
43414.0361	43414	0.036099537	26.90	0.00
43414.04652	43414	0.046516204	26.94	0.00
43414.05693	43414	0.05693287	26.94	0.00
43414.06735	43414	0.067349537	26.98	0.00
43414.07777	43414	0.077766204	26.94	0.00
43414.08818	43414	0.08818287	26.94	0.00
43414.0986	43414	0.098599537	26.90	0.00
43414.10902	43414	0.109016204	26.94	0.00
43414.11943	43414	0.11943287	26.94	0.00
43414.12985	43414	0.129849537	26.90	0.00
43414.14027	43414	0.140266204	26.94	0.00
43414.15068	43414	0.15068287	26.94	0.00
43414.1611	43414	0.161099537	26.94	0.00
43414.17152	43414	0.171516204	26.98	0.00
43414.18193	43414	0.18193287	26.98	0.00
43414.19235	43414	0.192349537	26.98	0.00
43414.20277	43414	0.202766204	27.02	0.00
43414.21318	43414	0.21318287	26.98	0.00
43414.2236	43414	0.223599537	26.98	0.00
43414.23402	43414	0.234016204	26.98	0.00
43414.24443	43414	0.24443287	26.98	0.00
43414.25485	43414	0.254849537	26.98	0.00
43414.26527	43414	0.265266204	26.98	0.00
43414.27568	43414	0.27568287	27.02	0.00
43414.2861	43414	0.286099537	26.98	0.00
43414.29652	43414	0.296516204	26.98	0.00
43414.30693	43414	0.30693287	26.98	0.00
43414.31735	43414	0.317349537	26.98	0.00
43414.32777	43414	0.327766204	26.98	0.00
43414.33818	43414	0.33818287	26.98	0.00
43414.3486	43414	0.348599537	26.94	0.00
43414.35902	43414	0.359016204	26.98	0.00
43414.36943	43414	0.36943287	26.98	0.00
43414.37985	43414	0.379849537	26.94	0.00
43414.39027	43414	0.390266204	26.98	0.00
43414.40068	43414	0.40068287	26.98	0.00
43414.4111	43414	0.411099537	26.98	0.00
43414.42152	43414	0.421516204	26.94	0.00
43414.43193	43414	0.43193287	26.98	0.00
43414.44235	43414	0.442349537	26.98	0.00
43414.45277	43414	0.452766204	26.98	0.00
43414.46318	43414	0.46318287	27.02	0.00
43414.4736	43414	0.473599537	26.98	0.00
43414.48402	43414	0.484016204	26.94	0.00
43414.49443	43414	0.49443287	26.94	0.00
43414.50485	43414	0.504849537	26.94	0.00
43414.51527	43414	0.515266204	26.94	0.00
43414.52568	43414	0.52568287	26.90	0.00
43414.5361	43414	0.536099537	26.94	0.00
43414.54652	43414	0.546516204	26.90	0.00
43414.55693	43414	0.55693287	26.90	0.00
43414.56735	43414	0.567349537	26.90	0.00
43414.57777	43414	0.577766204	26.90	0.00
43414.58818	43414	0.58818287	26.94	0.00
43414.5986	43414	0.598599537	26.85	0.00
43414.60902	43414	0.609016204	26.90	0.00
43414.61943	43414	0.61943287	26.90	0.00
43414.62985	43414	0.629849537	26.85	0.00
43414.64027	43414	0.640266204	26.90	0.00
43414.65068	43414	0.65068287	26.90	0.00
43414.6611	43414	0.661099537	26.90	0.00
43414.67152	43414	0.671516204	26.85	0.00
43414.68193	43414	0.68193287	26.85	0.00
43414.69235	43414	0.692349537	26.85	0.00
43414.70277	43414	0.702766204	26.85	0.00
43414.71318	43414	0.71318287	26.85	0.00
43414.7236	43414	0.723599537	26.85	0.00
43414.73402	43414	0.734016204	26.90	0.00
43414.74443	43414	0.74443287	26.90	0.00
43414.75485	43414	0.754849537	26.90	0.00
43414.76527	43414	0.765266204	26.85	0.00
43414.77568	43414	0.77568287	26.85	0.00
43414.7861	43414	0.786099537	26.85	0.00
43414.79652	43414	0.796516204	26.90	0.00
43414.80693	43414	0.80693287	26.90	0.00
43414.81735	43414	0.817349537	26.81	0.00
43414.82777	43414	0.827766204	26.90	0.00
43414.83818	43414	0.83818287	26.85	0.00
43414.8486	43414	0.848599537	26.90	0.00
43414.85902	43414	0.859016204	26.85	0.00
43414.86943	43414	0.86943287	26.94	0.00
43414.87985	43414	0.879849537	26.90	0.00
43414.89027	43414	0.890266204	26.90	0.00
43414.90068	43414	0.90068287	26.90	0.00
43414.9111	43414	0.911099537	26.90	0.00
43414.92152	43414	0.921516204	26.90	0.00
43414.93193	43414	0.93193287	26.90	0.00
43414.94235	43414	0.942349537	26.90	0.00
43414.95277	43414	0.952766204	26.85	0.00
43414.96318	43414	0.96318287	26.94	0.00
43414.9736	43414	0.973599537	26.94	0.00
43414.98402	43414	0.984016204	26.90	0.00
43414.99443	43414	0.99443287	26.90	0.00
43415.00485	43415	0.004849537	26.90	0.00
43415.01527	43415	0.015266204	26.94	0.00
43415.02568	43415	0.02568287	26.90	0.00
43415.0361	43415	0.036099537	26.94	0.00
43415.04652	43415	0.046516204	26.90	0.00
43415.05693	43415	0.05693287	26.94	0.00
43415.06735	43415	0.067349537	26.90	0.00
43415.07777	43415	0.077766204	26.94	0.00
43415.08818	43415	0.08818287	26.90	0.00
43415.0986	43415	0.098599537	26.85	0.00
43415.10902	43415	0.109016204	26.85	0.00
43415.11943	43415	0.11943287	26.90	0.00
43415.12985	43415	0.129849537	26.90	0.00
43415.14027	43415	0.140266204	26.94	0.00
43415.15068	43415	0.15068287	26.90	0.00
43415.1611	43415	0.161099537	26.90	0.00
43415.17152	43415	0.171516204	26.90	0.00
43415.18193	43415	0.18193287	26.94	0.00
43415.19235	43415	0.192349537	26.94	0.00
43415.20277	43415	0.202766204	26.90	0.00
43415.21318	43415	0.21318287	26.90	0.00
43415.2236	43415	0.223599537	26.90	0.00
43415.23402	43415	0.234016204	26.90	0.00
43415.24443	43415	0.24443287	26.90	0.00
43415.25485	43415	0.254849537	26.90	0.00
43415.26527	43415	0.265266204	26.90	0.00
43415.27568	43415	0.27568287	26.90	0.00
43415.2861	43415	0.286099537	26.90	0.00
43415.29652	43415	0.296516204	26.94	0.00
43415.30693	43415	0.30693287	26.90	0.00
43415.31735	43415	0.317349537	26.90	0.00
43415.32777	43415	0.327766204	26.90	0.00
43415.33818	43415	0.33818287	26.90	0.00
43415.3486	43415	0.348599537	26.90	0.00
43415.35902	43415	0.359016204	26.90	0.00
43415.36943	43415	0.36943287	26.94	0.00
43415.37985	43415	0.379849537	26.90	0.00
43415.39027	43415	0.390266204	26.90	0.00
43415.40068	43415	0.40068287	26.94	0.00
43415.4111	43415	0.411099537	26.85	0.00
43415.42152	43415	0.421516204	26.90	0.00
43415.43193	43415	0.43193287	26.90	0.00
43415.44235	43415	0.442349537	26.94	1468.16
43415.45277	43415	0.452766204	26.90	941.44
43415.46318	43415	0.46318287	26.94	866.24
43415.4736	43415	0.473599537	27.02	1240.96
43415.48402	43415	0.484016204	26.98	2457.60
43415.49443	43415	0.49443287	27.02	1380.48
43415.50485	43415	0.504849537	26.98	1015.68
43415.51527	43415	0.515266204	26.98	944.96
43415.52568	43415	0.52568287	27.02	893.76
43415.5361	43415	0.536099537	27.02	900.80
43415.54652	43415	0.546516204	27.02	1468.16
43415.55693	43415	0.55693287	26.98	1426.56
43415.56735	43415	0.567349537	26.98	1058.88
43415.57777	43415	0.577766204	26.98	868.16
43415.58818	43415	0.58818287	26.98	1786.24
43415.5986	43415	0.598599537	27.02	969.60
43415.60902	43415	0.609016204	26.98	1592.96
43415.61943	43415	0.61943287	26.98	1593.60
43415.62985	43415	0.629849537	26.85	1600.64
43415.64027	43415	0.640266204	26.90	1601.92
43415.65068	43415	0.65068287	26.90	1614.72
43415.6611	43415	0.661099537	26.98	1614.08
43415.67152	43415	0.671516204	27.02	1612.16
43415.68193	43415	0.68193287	27.02	1614.08
43415.69235	43415	0.692349537	27.02	1611.52
43415.70277	43415	0.702766204	27.02	1621.12
43415.71318	43415	0.71318287	27.02	1621.12
43415.7236	43415	0.723599537	27.02	1614.72
43415.73402	43415	0.734016204	27.02	1630.08
43415.74443	43415	0.74443287	27.07	1617.28
43415.75485	43415	0.754849537	27.07	1621.12
43415.76527	43415	0.765266204	27.11	1620.48
43415.77568	43415	0.77568287	27.11	1624.32
43415.7861	43415	0.786099537	27.15	1626.24
43415.79652	43415	0.796516204	27.15	1609.60
43415.80693	43415	0.80693287	27.11	1621.76
43415.81735	43415	0.817349537	27.20	1625.60
43415.82777	43415	0.827766204	27.20	1628.80
43415.83818	43415	0.83818287	27.20	1618.56
43415.8486	43415	0.848599537	27.28	1624.32
43415.85902	43415	0.859016204	27.28	1621.12
43415.86943	43415	0.86943287	27.32	1616.00
43415.87985	43415	0.879849537	27.32	1623.04
43415.89027	43415	0.890266204	27.32	1625.60
43415.90068	43415	0.90068287	27.28	1628.80
43415.9111	43415	0.911099537	27.32	1628.80
43415.92152	43415	0.921516204	27.37	1635.20
43415.93193	43415	0.93193287	27.41	1634.56
43415.94235	43415	0.942349537	27.37	1630.08
43415.95277	43415	0.952766204	27.37	1633.28
43415.96318	43415	0.96318287	27.45	1630.08
43415.9736	43415	0.973599537	27.37	1639.68
43415.98402	43415	0.984016204	27.37	1628.16
43415.99443	43415	0.99443287	27.32	1632.00
43416.00485	43416	0.004849537	27.45	1633.28
43416.01527	43416	0.015266204	27.45	1630.08
43416.02568	43416	0.02568287	27.41	1634.56
43416.0361	43416	0.036099537	27.41	1632.00
43416.04652	43416	0.046516204	27.45	1637.76
43416.05693	43416	0.05693287	27.37	1614.08
43416.06735	43416	0.067349537	27.41	1618.56
43416.07777	43416	0.077766204	27.50	1621.12
43416.08818	43416	0.08818287	27.50	1618.56
43416.0986	43416	0.098599537	27.45	1620.48
43416.10902	43416	0.109016204	27.50	1624.32
43416.11943	43416	0.11943287	27.41	1617.28
43416.12985	43416	0.129849537	27.50	1625.60
43416.14027	43416	0.140266204	27.50	1621.76
43416.15068	43416	0.15068287	27.50	1623.04
43416.1611	43416	0.161099537	27.45	1621.12
43416.17152	43416	0.171516204	27.41	1626.24
43416.18193	43416	0.18193287	27.45	1623.04
43416.19235	43416	0.192349537	27.41	1621.12
43416.20277	43416	0.202766204	27.41	1621.12
43416.21318	43416	0.21318287	27.45	1624.32
43416.2236	43416	0.223599537	27.41	1628.16
43416.23402	43416	0.234016204	27.41	1621.12
43416.24443	43416	0.24443287	27.45	1619.20
43416.25485	43416	0.254849537	27.45	1623.04
43416.26527	43416	0.265266204	27.50	1617.28
43416.27568	43416	0.27568287	27.50	1607.04
43416.2861	43416	0.286099537	27.45	1611.52
43416.29652	43416	0.296516204	27.45	1616.00
43416.30693	43416	0.30693287	27.45	1611.52
43416.31735	43416	0.317349537	27.50	1607.04
43416.32777	43416	0.327766204	27.45	1597.44
43416.33818	43416	0.33818287	27.50	1596.16
43416.3486	43416	0.348599537	27.54	1610.24
43416.35902	43416	0.359016204	27.50	1612.16
43416.36943	43416	0.36943287	27.58	1623.68
43416.37985	43416	0.379849537	27.58	1617.28
43416.39027	43416	0.390266204	27.58	1617.28
43416.40068	43416	0.40068287	27.58	1628.16
43416.4111	43416	0.411099537	27.02	340.00
43416.42152	43416	0.421516204	26.90	345.44
43416.43193	43416	0.43193287	26.81	345.44
43416.44235	43416	0.442349537	26.72	341.76
43416.45277	43416	0.452766204	26.68	346.08
43416.46318	43416	0.46318287	26.77	343.68
43416.4736	43416	0.473599537	26.85	333.92
43416.48402	43416	0.484016204	26.81	343.68
43416.49443	43416	0.49443287	26.77	343.68
43416.50485	43416	0.504849537	26.85	346.08
43416.51527	43416	0.515266204	26.77	344.48
43416.52568	43416	0.52568287	26.77	338.24
43416.5361	43416	0.536099537	26.85	348.96
43416.54652	43416	0.546516204	26.85	344.48
43416.55693	43416	0.55693287	26.81	346.24
43416.56735	43416	0.567349537	27.15	64.70
43416.57777	43416	0.577766204	27.11	42.54
43416.58818	43416	0.58818287	27.20	39.89
43416.5986	43416	0.598599537	27.20	42.10
43416.60902	43416	0.609016204	27.07	98.44
43416.61943	43416	0.61943287	27.02	10.60
43416.62985	43416	0.629849537	26.34	6.85
43416.64027	43416	0.640266204	26.47	546.72
43416.65068	43416	0.65068287	26.72	551.20
43416.6611	43416	0.661099537	26.68	462.56
43416.67152	43416	0.671516204	26.85	10.60
43416.68193	43416	0.68193287	26.90	6.85
43416.69235	43416	0.692349537	26.85	5.52
43416.70277	43416	0.702766204	26.85	5.74
43416.71318	43416	0.71318287	26.90	5.74
43416.7236	43416	0.723599537	26.90	5.74
43416.73402	43416	0.734016204	26.94	5.96
43416.74443	43416	0.74443287	26.98	5.96
43416.75485	43416	0.754849537	27.02	5.96
43416.76527	43416	0.765266204	27.11	5.96
43416.77568	43416	0.77568287	27.15	5.74
43416.7861	43416	0.786099537	27.24	5.74
43416.79652	43416	0.796516204	27.24	5.74
43416.80693	43416	0.80693287	27.28	5.74
43416.81735	43416	0.817349537	27.32	5.74
43416.82777	43416	0.827766204	27.37	5.74
43416.83818	43416	0.83818287	27.37	5.74
43416.8486	43416	0.848599537	27.41	43.92
43416.85902	43416	0.859016204	27.20	42.14
43416.86943	43416	0.86943287	27.11	41.70
43416.87985	43416	0.879849537	27.20	4.86
43416.89027	43416	0.890266204	27.24	43.48
43416.90068	43416	0.90068287	27.37	43.04
43416.9111	43416	0.911099537	27.41	91.36
43416.92152	43416	0.921516204	27.24	16.35
43416.93193	43416	0.93193287	27.07	15.69
43416.94235	43416	0.942349537	27.02	15.69
43416.95277	43416	0.952766204	26.94	15.91
43416.96318	43416	0.96318287	26.90	16.13
43416.9736	43416	0.973599537	26.90	15.69
43416.98402	43416	0.984016204	26.94	15.91
43416.99443	43416	0.99443287	26.98	15.91
43417.00485	43417	0.004849537	27.02	15.91
43417.01527	43417	0.015266204	27.07	15.69
43417.02568	43417	0.02568287	27.07	15.69
43417.0361	43417	0.036099537	27.11	16.13
43417.04652	43417	0.046516204	27.11	15.91
43417.05693	43417	0.05693287	27.15	15.91
43417.06735	43417	0.067349537	27.20	15.91
43417.07777	43417	0.077766204	27.20	15.69
43417.08818	43417	0.08818287	27.20	16.13
43417.0986	43417	0.098599537	27.24	15.91
43417.10902	43417	0.109016204	27.28	15.91
43417.11943	43417	0.11943287	27.32	15.49
43417.12985	43417	0.129849537	27.37	15.71
43417.14027	43417	0.140266204	27.41	16.13
43417.15068	43417	0.15068287	27.41	16.35
43417.1611	43417	0.161099537	27.37	15.69
43417.17152	43417	0.171516204	27.41	15.91
43417.18193	43417	0.18193287	27.41	15.91
43417.19235	43417	0.192349537	27.45	15.91
43417.20277	43417	0.202766204	27.50	15.25
43417.21318	43417	0.21318287	27.50	15.91
43417.2236	43417	0.223599537	27.45	15.47
43417.23402	43417	0.234016204	27.54	15.69
43417.24443	43417	0.24443287	27.54	15.91
43417.25485	43417	0.254849537	27.54	15.47
43417.26527	43417	0.265266204	27.58	15.47
43417.27568	43417	0.27568287	27.58	16.13
43417.2861	43417	0.286099537	27.58	16.13
43417.29652	43417	0.296516204	27.58	16.13
43417.30693	43417	0.30693287	27.63	15.91
43417.31735	43417	0.317349537	27.58	15.47
43417.32777	43417	0.327766204	27.58	15.91
43417.33818	43417	0.33818287	27.58	15.91
43417.3486	43417	0.348599537	27.63	15.47
43417.35902	43417	0.359016204	27.67	85.20
43417.36943	43417	0.36943287	27.67	158.00
43417.37985	43417	0.379849537	27.75	53.26
43417.39027	43417	0.390266204	27.84	52.76
43417.40068	43417	0.40068287	27.93	52.82
43417.4111	43417	0.411099537	27.88	47.90
43417.42152	43417	0.421516204	27.80	13.04
43417.43193	43417	0.43193287	27.75	6.40
43417.44235	43417	0.442349537	27.67	4.64
43417.45277	43417	0.452766204	27.50	4.86
43417.46318	43417	0.46318287	27.45	6.63
43417.4736	43417	0.473599537	27.32	11.05
43417.48402	43417	0.484016204	27.24	12.59
43417.49443	43417	0.49443287	27.15	9.28
43417.50485	43417	0.504849537	27.20	133.24
43417.51527	43417	0.515266204	27.24	9.28
43417.52568	43417	0.52568287	27.20	9.50
43417.5361	43417	0.536099537	27.15	9.50
43417.54652	43417	0.546516204	27.15	9.50
43417.55693	43417	0.55693287	27.11	9.50
43417.56735	43417	0.567349537	27.15	9.28
43417.57777	43417	0.577766204	27.11	9.28
43417.58818	43417	0.58818287	27.11	9.72
43417.5986	43417	0.598599537	27.07	6.18
43417.60902	43417	0.609016204	27.11	5.08
43417.61943	43417	0.61943287	27.15	8.17
43417.62985	43417	0.629849537	27.15	9.28
43417.64027	43417	0.640266204	27.15	7.51
43417.65068	43417	0.65068287	27.20	8.84
43417.6611	43417	0.661099537	27.15	8.17
43417.67152	43417	0.671516204	27.15	7.51
43417.68193	43417	0.68193287	27.11	6.63
43417.69235	43417	0.692349537	27.02	6.63
43417.70277	43417	0.702766204	27.02	3.09
43417.71318	43417	0.71318287	26.90	2.87
43417.7236	43417	0.723599537	26.77	3.09
43417.73402	43417	0.734016204	26.72	2.87
43417.74443	43417	0.74443287	26.64	3.09
43417.75485	43417	0.754849537	26.64	2.87
43417.76527	43417	0.765266204	26.64	3.09
43417.77568	43417	0.77568287	26.64	2.87
43417.7861	43417	0.786099537	26.72	3.09
43417.79652	43417	0.796516204	26.72	3.09
43417.80693	43417	0.80693287	26.77	2.87
43417.81735	43417	0.817349537	26.81	2.87
43417.82777	43417	0.827766204	26.85	2.87
43417.83818	43417	0.83818287	26.85	2.87
43417.8486	43417	0.848599537	26.90	2.87
43417.85902	43417	0.859016204	26.90	2.87
43417.86943	43417	0.86943287	26.90	2.87
43417.87985	43417	0.879849537	26.90	2.87
43417.89027	43417	0.890266204	26.94	2.87
43417.90068	43417	0.90068287	26.98	3.09
43417.9111	43417	0.911099537	27.02	2.87
43417.92152	43417	0.921516204	26.98	3.09
43417.93193	43417	0.93193287	27.02	1.76
43417.94235	43417	0.942349537	27.02	0.00
43417.95277	43417	0.952766204	26.98	0.00
43417.96318	43417	0.96318287	26.98	0.00
43417.9736	43417	0.973599537	27.02	0.00
43417.98402	43417	0.984016204	27.07	0.00
43417.99443	43417	0.99443287	27.11	0.00
43418.00485	43418	0.004849537	27.15	0.00
43418.01527	43418	0.015266204	27.28	0.00
43418.02568	43418	0.02568287	27.32	0.00
43418.0361	43418	0.036099537	27.41	0.00
43418.04652	43418	0.046516204	27.45	0.00
43418.05693	43418	0.05693287	27.45	0.00
43418.06735	43418	0.067349537	27.45	0.00
43418.07777	43418	0.077766204	27.45	0.00
43418.08818	43418	0.08818287	27.45	0.00
43418.0986	43418	0.098599537	27.45	0.00
43418.10902	43418	0.109016204	27.45	0.00
43418.11943	43418	0.11943287	27.50	0.00
43418.12985	43418	0.129849537	27.50	0.00
43418.14027	43418	0.140266204	27.41	0.00
43418.15068	43418	0.15068287	27.45	0.00
43418.1611	43418	0.161099537	27.50	0.00
43418.17152	43418	0.171516204	27.50	0.00
43418.18193	43418	0.18193287	27.50	0.00
43418.19235	43418	0.192349537	27.50	0.00
43418.20277	43418	0.202766204	27.50	0.00
43418.21318	43418	0.21318287	27.50	0.00
43418.2236	43418	0.223599537	27.50	0.00
43418.23402	43418	0.234016204	27.45	0.00
43418.24443	43418	0.24443287	27.50	0.00
43418.25485	43418	0.254849537	27.50	0.00
43418.26527	43418	0.265266204	27.50	0.00
43418.27568	43418	0.27568287	27.45	0.00
43418.2861	43418	0.286099537	27.54	0.00
43418.29652	43418	0.296516204	27.54	0.00
43418.30693	43418	0.30693287	27.54	0.00
43418.31735	43418	0.317349537	27.58	0.00
43418.32777	43418	0.327766204	27.54	0.00
43418.33818	43418	0.33818287	27.54	0.00
43418.3486	43418	0.348599537	27.63	0.00
43418.35902	43418	0.359016204	27.67	0.00
43418.36943	43418	0.36943287	27.71	0.00
43418.37985	43418	0.379849537	27.63	0.00
43418.39027	43418	0.390266204	27.63	0.00
43418.40068	43418	0.40068287	27.58	0.00
43418.4111	43418	0.411099537	27.58	0.00
43418.42152	43418	0.421516204	27.50	3.09
43418.43193	43418	0.43193287	27.41	3.53
43418.44235	43418	0.442349537	27.50	5.74
43418.45277	43418	0.452766204	27.54	57.24
43418.46318	43418	0.46318287	27.58	5.74
43418.4736	43418	0.473599537	27.58	64.80
43418.48402	43418	0.484016204	27.02	83.40
43418.49443	43418	0.49443287	27.02	78.46
43418.50485	43418	0.504849537	27.07	84.28
43418.51527	43418	0.515266204	27.07	35.91
43418.52568	43418	0.52568287	27.02	33.70
43418.5361	43418	0.536099537	27.02	31.88
43418.54652	43418	0.546516204	27.07	34.53
43418.55693	43418	0.55693287	27.07	39.89
43418.56735	43418	0.567349537	27.02	53.64
43418.57777	43418	0.577766204	26.98	747.20
43418.58818	43418	0.58818287	26.98	192.48
43418.5986	43418	0.598599537	26.94	151.72
43418.60902	43418	0.609016204	26.98	136.56
43418.61943	43418	0.61943287	27.02	145.40
43418.62985	43418	0.629849537	27.02	160.56
43418.64027	43418	0.640266204	27.02	167.60
43418.65068	43418	0.65068287	27.02	165.92
43418.6611	43418	0.661099537	26.98	175.52
43418.67152	43418	0.671516204	26.98	183.60
43418.68193	43418	0.68193287	26.98	167.68
43418.69235	43418	0.692349537	26.98	179.28
43418.70277	43418	0.702766204	26.94	185.36
43418.71318	43418	0.71318287	26.98	190.72
43418.7236	43418	0.723599537	26.98	187.28
43418.73402	43418	0.734016204	26.98	190.00
43418.74443	43418	0.74443287	26.98	148.08
43418.75485	43418	0.754849537	26.98	190.72
43418.76527	43418	0.765266204	26.98	181.84
43418.77568	43418	0.77568287	27.02	189.84
43418.7861	43418	0.786099537	27.02	192.48
43418.79652	43418	0.796516204	26.98	188.08
43418.80693	43418	0.80693287	27.02	184.48
43418.81735	43418	0.817349537	27.07	190.72
43418.82777	43418	0.827766204	27.02	196.88
43418.83818	43418	0.83818287	27.11	186.24
43418.8486	43418	0.848599537	27.07	200.40
43418.85902	43418	0.859016204	27.07	191.60
43418.86943	43418	0.86943287	27.11	193.36
43418.87985	43418	0.879849537	27.07	178.32
43418.89027	43418	0.890266204	27.07	182.08
43418.90068	43418	0.90068287	27.11	186.24
43418.9111	43418	0.911099537	27.07	183.60
43418.92152	43418	0.921516204	27.11	187.20
43418.93193	43418	0.93193287	27.15	185.36
43418.94235	43418	0.942349537	27.11	169.36
43418.95277	43418	0.952766204	27.07	184.48
43418.96318	43418	0.96318287	27.15	190.72
43418.9736	43418	0.973599537	27.11	183.76
43418.98402	43418	0.984016204	27.11	189.84
43418.99443	43418	0.99443287	27.11	190.72
43419.00485	43419	0.004849537	27.11	190.72
43419.01527	43419	0.015266204	27.07	183.60
43419.02568	43419	0.02568287	27.11	184.64
43419.0361	43419	0.036099537	27.15	186.40
43419.04652	43419	0.046516204	27.15	191.60
43419.05693	43419	0.05693287	27.11	191.84
43419.06735	43419	0.067349537	27.11	188.96
43419.07777	43419	0.077766204	27.11	178.32
43419.08818	43419	0.08818287	27.15	180.96
43419.0986	43419	0.098599537	27.15	185.36
43419.10902	43419	0.109016204	27.11	180.96
43419.11943	43419	0.11943287	27.11	183.60
43419.12985	43419	0.129849537	27.11	185.36
43419.14027	43419	0.140266204	27.07	188.96
43419.15068	43419	0.15068287	27.11	185.60
43419.1611	43419	0.161099537	27.07	181.84
43419.17152	43419	0.171516204	27.11	180.24
43419.18193	43419	0.18193287	27.07	183.84
43419.19235	43419	0.192349537	27.07	186.24
43419.20277	43419	0.202766204	27.07	194.24
43419.21318	43419	0.21318287	27.02	190.72
43419.2236	43419	0.223599537	27.11	184.64
43419.23402	43419	0.234016204	27.11	181.12
43419.24443	43419	0.24443287	27.07	181.12
43419.25485	43419	0.254849537	27.11	187.28
43419.26527	43419	0.265266204	27.07	188.16
43419.27568	43419	0.27568287	27.11	196.88
43419.2861	43419	0.286099537	27.11	193.36
43419.29652	43419	0.296516204	27.15	185.36
43419.30693	43419	0.30693287	27.11	200.40
43419.31735	43419	0.317349537	27.15	193.36
43419.32777	43419	0.327766204	27.11	188.96
43419.33818	43419	0.33818287	27.15	180.96
43419.3486	43419	0.348599537	27.11	191.60
43419.35902	43419	0.359016204	27.15	179.20
43419.36943	43419	0.36943287	27.11	194.48
43419.37985	43419	0.379849537	27.11	197.76
43419.39027	43419	0.390266204	27.15	189.84
43419.40068	43419	0.40068287	27.15	190.72
43419.4111	43419	0.411099537	27.07	50.54
43419.42152	43419	0.421516204	27.07	151.84
43419.43193	43419	0.43193287	27.07	237.76
43419.44235	43419	0.442349537	27.02	49.22
43419.45277	43419	0.452766204	27.02	56.74
43419.46318	43419	0.46318287	27.07	53.20
43419.4736	43419	0.473599537	27.02	59.84
43419.48402	43419	0.484016204	27.02	76.68
43419.49443	43419	0.49443287	27.02	149.04
43419.50485	43419	0.504849537	27.02	43.86
43419.51527	43419	0.515266204	27.07	28.73
43419.52568	43419	0.52568287	27.07	234.24
43419.5361	43419	0.536099537	27.02	109.92
43419.54652	43419	0.546516204	26.98	538.72
43419.55693	43419	0.55693287	26.98	96.68
43419.56735	43419	0.567349537	27.02	109.92
43419.57777	43419	0.577766204	26.98	93.12
43419.58818	43419	0.58818287	26.98	140.12
43419.5986	43419	0.598599537	26.98	58.06
43419.60902	43419	0.609016204	26.98	125.08
43419.61943	43419	0.61943287	26.94	35.91
43419.62985	43419	0.629849537	26.94	60.72
43419.64027	43419	0.640266204	26.90	236.88
43419.65068	43419	0.65068287	26.94	161.44
43419.6611	43419	0.661099537	26.85	170.24
43419.67152	43419	0.671516204	26.94	89.48
43419.68193	43419	0.68193287	26.90	22.57
43419.69235	43419	0.692349537	26.90	0.00
43419.70277	43419	0.702766204	26.85	0.00
43419.71318	43419	0.71318287	26.85	0.44
43419.7236	43419	0.723599537	26.81	0.00
43419.73402	43419	0.734016204	26.81	0.00
43419.74443	43419	0.74443287	26.77	0.00
43419.75485	43419	0.754849537	26.77	0.00
43419.76527	43419	0.765266204	26.77	0.00
43419.77568	43419	0.77568287	26.81	0.00
43419.7861	43419	0.786099537	26.77	0.00
43419.79652	43419	0.796516204	26.72	0.00
43419.80693	43419	0.80693287	26.77	0.00
43419.81735	43419	0.817349537	26.72	0.66
43419.82777	43419	0.827766204	26.72	0.00
43419.83818	43419	0.83818287	26.77	0.00
43419.8486	43419	0.848599537	26.72	0.00
43419.85902	43419	0.859016204	26.72	0.22
43419.86943	43419	0.86943287	26.68	0.00
43419.87985	43419	0.879849537	26.72	0.00
43419.89027	43419	0.890266204	26.72	0.00
43419.90068	43419	0.90068287	26.68	0.00
43419.9111	43419	0.911099537	26.72	0.00
43419.92152	43419	0.921516204	26.68	0.00
43419.93193	43419	0.93193287	26.72	0.00
43419.94235	43419	0.942349537	26.72	1.76
43419.95277	43419	0.952766204	26.72	0.00
43419.96318	43419	0.96318287	26.72	0.00
43419.9736	43419	0.973599537	26.68	0.00
43419.98402	43419	0.984016204	26.72	0.00
43419.99443	43419	0.99443287	26.68	0.00
43420.00485	43420	0.004849537	26.72	0.00
43420.01527	43420	0.015266204	26.72	0.00
43420.02568	43420	0.02568287	26.68	0.00
43420.0361	43420	0.036099537	26.77	0.00
43420.04652	43420	0.046516204	26.77	0.00
43420.05693	43420	0.05693287	26.77	0.00
43420.06735	43420	0.067349537	26.77	0.00
43420.07777	43420	0.077766204	26.72	0.00
43420.08818	43420	0.08818287	26.68	0.00
43420.0986	43420	0.098599537	26.72	0.00
43420.10902	43420	0.109016204	26.68	0.00
43420.11943	43420	0.11943287	26.68	0.00
43420.12985	43420	0.129849537	26.68	0.00
43420.14027	43420	0.140266204	26.68	0.00
43420.15068	43420	0.15068287	26.72	0.00
43420.1611	43420	0.161099537	26.68	0.00
43420.17152	43420	0.171516204	26.68	0.00
43420.18193	43420	0.18193287	26.68	0.00
43420.19235	43420	0.192349537	26.72	0.88
43420.20277	43420	0.202766204	26.72	0.22
43420.21318	43420	0.21318287	26.68	0.00
43420.2236	43420	0.223599537	26.68	0.00
43420.23402	43420	0.234016204	26.68	0.00
43420.24443	43420	0.24443287	26.72	0.00
43420.25485	43420	0.254849537	26.72	0.00
43420.26527	43420	0.265266204	26.81	0.00
43420.27568	43420	0.27568287	26.77	0.00
43420.2861	43420	0.286099537	26.81	0.00
43420.29652	43420	0.296516204	26.77	0.00
43420.30693	43420	0.30693287	26.81	0.00
43420.31735	43420	0.317349537	26.77	0.00
43420.32777	43420	0.327766204	26.81	0.00
43420.33818	43420	0.33818287	26.81	0.00
43420.3486	43420	0.348599537	26.77	0.00
43420.35902	43420	0.359016204	26.77	0.00
43420.36943	43420	0.36943287	26.77	0.00
43420.37985	43420	0.379849537	26.77	0.00
43420.39027	43420	0.390266204	26.68	0.00
43420.40068	43420	0.40068287	26.72	0.88
43420.4111	43420	0.411099537	26.68	0.00
43420.42152	43420	0.421516204	26.72	0.00
43420.43193	43420	0.43193287	26.68	9.28
43420.44235	43420	0.442349537	26.72	46.52
43420.45277	43420	0.452766204	26.72	382.24
43420.46318	43420	0.46318287	26.77	57.18
43420.4736	43420	0.473599537	26.77	48.78
43420.48402	43420	0.484016204	26.77	87.72
43420.49443	43420	0.49443287	26.77	57.62
43420.50485	43420	0.504849537	26.77	98.44
43420.51527	43420	0.515266204	26.77	134.80
43420.52568	43420	0.52568287	26.77	70.44
43420.5361	43420	0.536099537	26.81	141.12
43420.54652	43420	0.546516204	26.85	133.92
43420.55693	43420	0.55693287	26.90	131.28
43420.56735	43420	0.567349537	26.90	125.08
43420.57777	43420	0.577766204	26.90	131.28
43420.58818	43420	0.58818287	26.85	123.40
43420.5986	43420	0.598599537	26.85	120.64
43420.60902	43420	0.609016204	26.90	128.72
43420.61943	43420	0.61943287	26.85	52.32
43420.62985	43420	0.629849537	26.85	94.92
43420.64027	43420	0.640266204	26.81	22.37
43420.65068	43420	0.65068287	26.85	264.48
43420.6611	43420	0.661099537	26.85	78.94
43420.67152	43420	0.671516204	26.85	56.74
43420.68193	43420	0.68193287	26.85	0.00
43420.69235	43420	0.692349537	26.81	0.00
43420.70277	43420	0.702766204	26.77	0.00
43420.71318	43420	0.71318287	26.85	0.00
43420.7236	43420	0.723599537	26.81	0.00
43420.73402	43420	0.734016204	26.81	0.00
43420.74443	43420	0.74443287	26.81	0.00
43420.75485	43420	0.754849537	26.81	0.00
43420.76527	43420	0.765266204	26.77	0.00
43420.77568	43420	0.77568287	26.72	0.00
43420.7861	43420	0.786099537	26.77	0.00
43420.79652	43420	0.796516204	26.77	0.00
43420.80693	43420	0.80693287	26.72	0.00
43420.81735	43420	0.817349537	26.72	0.00
43420.82777	43420	0.827766204	26.77	0.00
43420.83818	43420	0.83818287	26.72	0.00
43420.8486	43420	0.848599537	26.72	0.00
43420.85902	43420	0.859016204	26.72	0.00
43420.86943	43420	0.86943287	26.64	0.00
43420.87985	43420	0.879849537	26.68	0.00
43420.89027	43420	0.890266204	26.68	0.00
43420.90068	43420	0.90068287	26.68	0.00
43420.9111	43420	0.911099537	26.68	0.00
43420.92152	43420	0.921516204	26.68	0.00
43420.93193	43420	0.93193287	26.68	0.00
43420.94235	43420	0.942349537	26.72	0.00
43420.95277	43420	0.952766204	26.68	0.00
43420.96318	43420	0.96318287	26.64	0.00
43420.9736	43420	0.973599537	26.68	0.00
43420.98402	43420	0.984016204	26.64	0.00
43420.99443	43420	0.99443287	26.68	0.00
43421.00485	43421	0.004849537	26.64	0.00
43421.01527	43421	0.015266204	26.68	0.00
43421.02568	43421	0.02568287	26.68	0.00
43421.0361	43421	0.036099537	26.68	0.00
43421.04652	43421	0.046516204	26.72	0.00
43421.05693	43421	0.05693287	26.68	0.00
43421.06735	43421	0.067349537	26.68	0.44
43421.07777	43421	0.077766204	26.68	0.00
43421.08818	43421	0.08818287	26.72	0.00
43421.0986	43421	0.098599537	26.64	0.00
43421.10902	43421	0.109016204	26.64	0.00
43421.11943	43421	0.11943287	26.64	0.00
43421.12985	43421	0.129849537	26.68	0.00
43421.14027	43421	0.140266204	26.68	0.22
43421.15068	43421	0.15068287	26.64	0.00
43421.1611	43421	0.161099537	26.68	0.00
43421.17152	43421	0.171516204	26.68	0.00
43421.18193	43421	0.18193287	26.68	0.00
43421.19235	43421	0.192349537	26.64	0.00
43421.20277	43421	0.202766204	26.72	0.00
43421.21318	43421	0.21318287	26.72	0.00
43421.2236	43421	0.223599537	26.72	0.00
43421.23402	43421	0.234016204	26.77	0.00
43421.24443	43421	0.24443287	26.77	0.00
43421.25485	43421	0.254849537	26.72	0.00
43421.26527	43421	0.265266204	26.77	0.00
43421.27568	43421	0.27568287	26.77	0.00
43421.2861	43421	0.286099537	26.81	0.00
43421.29652	43421	0.296516204	26.77	0.00
43421.30693	43421	0.30693287	26.72	0.00
43421.31735	43421	0.317349537	26.72	0.00
43421.32777	43421	0.327766204	26.72	0.00
43421.33818	43421	0.33818287	26.68	0.00
43421.3486	43421	0.348599537	26.64	0.00
43421.35902	43421	0.359016204	26.68	0.00
43421.36943	43421	0.36943287	26.68	0.00
43421.37985	43421	0.379849537	26.68	0.00
43421.39027	43421	0.390266204	26.68	0.00
43421.40068	43421	0.40068287	26.68	0.00
43421.4111	43421	0.411099537	26.68	0.00
43421.42152	43421	0.421516204	26.68	0.00
43421.43193	43421	0.43193287	26.72	0.00
43421.44235	43421	0.442349537	26.68	0.00
43421.45277	43421	0.452766204	26.64	0.00
43421.46318	43421	0.46318287	26.68	0.66
43421.4736	43421	0.473599537	26.64	0.00
43421.48402	43421	0.484016204	26.68	0.00
43421.49443	43421	0.49443287	26.64	0.00
43421.50485	43421	0.504849537	26.68	0.00
43421.51527	43421	0.515266204	26.68	0.00
43421.52568	43421	0.52568287	26.64	0.00
43421.5361	43421	0.536099537	26.64	0.00
43421.54652	43421	0.546516204	26.64	0.00
43421.55693	43421	0.55693287	26.68	0.00
43421.56735	43421	0.567349537	26.68	0.00
43421.57777	43421	0.577766204	26.68	30.55
43421.58818	43421	0.58818287	26.68	63.42
43421.5986	43421	0.598599537	26.64	65.64
43421.60902	43421	0.609016204	26.64	42.10
43421.61943	43421	0.61943287	26.64	67.40
43421.62985	43421	0.629849537	26.51	749.44
43421.64027	43421	0.640266204	26.60	113.48
43421.65068	43421	0.65068287	26.64	164.16
43421.6611	43421	0.661099537	26.68	481.76
43421.67152	43421	0.671516204	26.68	263.60
43421.68193	43421	0.68193287	26.68	224.48
43421.69235	43421	0.692349537	26.68	573.28
43421.70277	43421	0.702766204	26.68	1380.48
43421.71318	43421	0.71318287	26.64	57.12
43421.7236	43421	0.723599537	26.64	0.00
43421.73402	43421	0.734016204	26.64	0.00
43421.74443	43421	0.74443287	26.60	0.00
43421.75485	43421	0.754849537	26.60	0.00
43421.76527	43421	0.765266204	26.60	0.00
43421.77568	43421	0.77568287	26.60	0.00
43421.7861	43421	0.786099537	26.64	0.00
43421.79652	43421	0.796516204	26.60	0.00
43421.80693	43421	0.80693287	26.60	0.00
43421.81735	43421	0.817349537	26.60	0.00
43421.82777	43421	0.827766204	26.60	0.00
43421.83818	43421	0.83818287	26.64	0.00
43421.8486	43421	0.848599537	26.60	0.00
43421.85902	43421	0.859016204	26.60	0.00
43421.86943	43421	0.86943287	26.60	0.00
43421.87985	43421	0.879849537	26.55	0.00
43421.89027	43421	0.890266204	26.60	0.00
43421.90068	43421	0.90068287	26.60	0.00
43421.9111	43421	0.911099537	26.60	0.00
43421.92152	43421	0.921516204	26.55	0.00
43421.93193	43421	0.93193287	26.60	0.00
43421.94235	43421	0.942349537	26.60	0.00
43421.95277	43421	0.952766204	26.60	0.00
43421.96318	43421	0.96318287	26.60	0.00
43421.9736	43421	0.973599537	26.60	0.00
43421.98402	43421	0.984016204	26.64	0.00
43421.99443	43421	0.99443287	26.60	0.00
43422.00485	43422	0.004849537	26.64	0.00
43422.01527	43422	0.015266204	26.60	0.00
43422.02568	43422	0.02568287	26.64	0.00
43422.0361	43422	0.036099537	26.64	0.00
43422.04652	43422	0.046516204	26.64	0.00
43422.05693	43422	0.05693287	26.60	0.00
43422.06735	43422	0.067349537	26.60	0.00
43422.07777	43422	0.077766204	26.64	0.00
43422.08818	43422	0.08818287	26.64	0.00
43422.0986	43422	0.098599537	26.64	0.00
43422.10902	43422	0.109016204	26.64	0.00
43422.11943	43422	0.11943287	26.64	0.00
43422.12985	43422	0.129849537	26.64	0.00
43422.14027	43422	0.140266204	26.64	0.00
43422.15068	43422	0.15068287	26.64	0.00
43422.1611	43422	0.161099537	26.64	0.00
43422.17152	43422	0.171516204	26.64	0.00
43422.18193	43422	0.18193287	26.60	0.00
43422.19235	43422	0.192349537	26.60	0.00
43422.20277	43422	0.202766204	26.64	0.00
43422.21318	43422	0.21318287	26.64	0.00
43422.2236	43422	0.223599537	26.64	0.00
43422.23402	43422	0.234016204	26.64	0.00
43422.24443	43422	0.24443287	26.68	0.00
43422.25485	43422	0.254849537	26.68	0.00
43422.26527	43422	0.265266204	26.64	0.00
43422.27568	43422	0.27568287	26.68	0.00
43422.2861	43422	0.286099537	26.68	0.00
43422.29652	43422	0.296516204	26.64	0.00
43422.30693	43422	0.30693287	26.72	0.00
43422.31735	43422	0.317349537	26.72	0.00
43422.32777	43422	0.327766204	26.68	0.00
43422.33818	43422	0.33818287	26.68	0.00
43422.3486	43422	0.348599537	26.68	0.00
43422.35902	43422	0.359016204	26.68	0.00
43422.36943	43422	0.36943287	26.68	0.00
43422.37985	43422	0.379849537	26.68	0.00
43422.39027	43422	0.390266204	26.68	0.00
43422.40068	43422	0.40068287	26.68	0.00
43422.4111	43422	0.411099537	26.68	0.00
43422.42152	43422	0.421516204	26.68	0.00
43422.43193	43422	0.43193287	26.72	0.00
43422.44235	43422	0.442349537	26.64	0.00
43422.45277	43422	0.452766204	26.68	0.00
43422.46318	43422	0.46318287	26.72	193.36
43422.4736	43422	0.473599537	26.68	651.52
43422.48402	43422	0.484016204	26.72	88.72
43422.49443	43422	0.49443287	26.68	88.72
43422.50485	43422	0.504849537	26.77	620.16
43422.51527	43422	0.515266204	26.72	89.48
43422.52568	43422	0.52568287	26.77	647.04
43422.5361	43422	0.536099537	26.77	761.60
43422.54652	43422	0.546516204	26.77	928.96
43422.55693	43422	0.55693287	26.81	264.48
43422.56735	43422	0.567349537	26.81	202.40
43422.57777	43422	0.577766204	26.81	184.48
43422.58818	43422	0.58818287	26.77	524.64
43422.5986	43422	0.598599537	26.77	214.80
43422.60902	43422	0.609016204	26.72	1438.08
43422.61943	43422	0.61943287	26.77	928.96
43422.62985	43422	0.629849537	26.72	716.80
43422.64027	43422	0.640266204	26.72	1216.32
43422.65068	43422	0.65068287	26.68	843.84
43422.6611	43422	0.661099537	26.72	781.76
43422.67152	43422	0.671516204	26.72	765.44
43422.68193	43422	0.68193287	26.72	125.96
43422.69235	43422	0.692349537	26.72	1875.84
43422.70277	43422	0.702766204	26.72	73.58
43422.71318	43422	0.71318287	26.77	506.56
43422.7236	43422	0.723599537	26.72	294.56
43422.73402	43422	0.734016204	26.72	1504.64
43422.74443	43422	0.74443287	26.72	0.00
43422.75485	43422	0.754849537	26.68	0.00
43422.76527	43422	0.765266204	26.72	0.00
43422.77568	43422	0.77568287	26.64	0.00
43422.7861	43422	0.786099537	26.68	0.00
43422.79652	43422	0.796516204	26.68	0.00
43422.80693	43422	0.80693287	26.68	0.00
43422.81735	43422	0.817349537	26.64	0.00
43422.82777	43422	0.827766204	26.68	0.00
43422.83818	43422	0.83818287	26.64	0.00
43422.8486	43422	0.848599537	26.64	0.00
43422.85902	43422	0.859016204	26.64	0.00
43422.86943	43422	0.86943287	26.64	0.00
43422.87985	43422	0.879849537	26.68	0.00
43422.89027	43422	0.890266204	26.60	0.00
43422.90068	43422	0.90068287	26.68	0.00
43422.9111	43422	0.911099537	26.68	0.00
43422.92152	43422	0.921516204	26.72	0.00
43422.93193	43422	0.93193287	26.72	0.00
43422.94235	43422	0.942349537	26.72	0.00
43422.95277	43422	0.952766204	26.68	0.00
43422.96318	43422	0.96318287	26.77	0.00
43422.9736	43422	0.973599537	26.72	0.00
43422.98402	43422	0.984016204	26.81	0.00
43422.99443	43422	0.99443287	26.77	0.00
43423.00485	43423	0.004849537	26.68	0.00
43423.01527	43423	0.015266204	26.72	0.00
43423.02568	43423	0.02568287	26.68	0.00
43423.0361	43423	0.036099537	26.77	0.00
43423.04652	43423	0.046516204	26.72	0.00
43423.05693	43423	0.05693287	26.72	0.00
43423.06735	43423	0.067349537	26.72	0.00
43423.07777	43423	0.077766204	26.72	0.00
43423.08818	43423	0.08818287	26.72	0.00
43423.0986	43423	0.098599537	26.68	0.00
43423.10902	43423	0.109016204	26.72	0.00
43423.11943	43423	0.11943287	26.68	0.00
43423.12985	43423	0.129849537	26.77	0.00
43423.14027	43423	0.140266204	26.72	0.00
43423.15068	43423	0.15068287	26.72	0.00
43423.1611	43423	0.161099537	26.68	0.00
43423.17152	43423	0.171516204	26.72	0.00
43423.18193	43423	0.18193287	26.77	0.00
43423.19235	43423	0.192349537	26.68	0.00
43423.20277	43423	0.202766204	26.72	0.00
43423.21318	43423	0.21318287	26.72	0.00
43423.2236	43423	0.223599537	26.72	0.00
43423.23402	43423	0.234016204	26.77	0.00
43423.24443	43423	0.24443287	26.72	0.00
43423.25485	43423	0.254849537	26.77	0.00
43423.26527	43423	0.265266204	26.72	0.00
43423.27568	43423	0.27568287	26.72	0.00
43423.2861	43423	0.286099537	26.77	0.00
43423.29652	43423	0.296516204	26.72	0.00
43423.30693	43423	0.30693287	26.77	0.00
43423.31735	43423	0.317349537	26.72	0.00
43423.32777	43423	0.327766204	26.77	0.00
43423.33818	43423	0.33818287	26.77	0.00
43423.3486	43423	0.348599537	26.72	0.00
43423.35902	43423	0.359016204	26.77	0.00
43423.36943	43423	0.36943287	26.77	29.67
43423.37985	43423	0.379849537	26.81	83.32
43423.39027	43423	0.390266204	26.77	28.34
43423.40068	43423	0.40068287	26.81	92.16
43423.4111	43423	0.411099537	26.81	45.64
43423.42152	43423	0.421516204	26.81	59.88
43423.43193	43423	0.43193287	26.85	92.24
43423.44235	43423	0.442349537	26.81	38.56
43423.45277	43423	0.452766204	26.85	126.08
43423.46318	43423	0.46318287	26.85	192.48
43423.4736	43423	0.473599537	26.90	104.64
43423.48402	43423	0.484016204	26.85	201.52
43423.49443	43423	0.49443287	26.85	31.43
43423.50485	43423	0.504849537	26.85	148.16
43423.51527	43423	0.515266204	26.85	98.44
43423.52568	43423	0.52568287	26.85	166.80
43423.5361	43423	0.536099537	26.85	209.52
43423.54652	43423	0.546516204	26.85	210.40
43423.55693	43423	0.55693287	26.85	25.91
43423.56735	43423	0.567349537	26.85	33.20
43423.57777	43423	0.577766204	26.90	265.44
43423.58818	43423	0.58818287	26.90	157.88
43423.5986	43423	0.598599537	26.94	87.72
43423.60902	43423	0.609016204	26.85	0.44
43423.61943	43423	0.61943287	26.85	0.00
43423.62985	43423	0.629849537	26.81	1.32
43423.64027	43423	0.640266204	26.68	4.86
43423.65068	43423	0.65068287	26.68	3.31
43423.6611	43423	0.661099537	26.77	3.97
43423.67152	43423	0.671516204	26.81	0.00
43423.68193	43423	0.68193287	26.64	73.58
43423.69235	43423	0.692349537	27.32	130.48
43423.70277	43423	0.702766204	27.75	154.60
43423.71318	43423	0.71318287	28.23	7.73
43423.7236	43423	0.723599537	27.93	35.47
43423.73402	43423	0.734016204	27.58	34.64
43423.74443	43423	0.74443287	27.45	34.14
43423.75485	43423	0.754849537	27.50	35.47
43423.76527	43423	0.765266204	27.50	34.58
43423.77568	43423	0.77568287	26.30	32.82
43423.7861	43423	0.786099537	26.38	32.82
43423.79652	43423	0.796516204	26.60	32.37
43423.80693	43423	0.80693287	27.11	52.32
43423.81735	43423	0.817349537	27.54	52.32
43423.82777	43423	0.827766204	27.71	50.10
43423.83818	43423	0.83818287	27.88	53.64
43423.8486	43423	0.848599537	27.97	52.26
43423.85902	43423	0.859016204	27.97	49.22
43423.86943	43423	0.86943287	28.05	10.60
43423.87985	43423	0.879849537	28.05	10.60
43423.89027	43423	0.890266204	28.05	10.60
43423.90068	43423	0.90068287	28.14	10.60
43423.9111	43423	0.911099537	28.14	10.60
43423.92152	43423	0.921516204	28.14	10.60
43423.93193	43423	0.93193287	28.14	10.38
43423.94235	43423	0.942349537	28.18	10.16
43423.95277	43423	0.952766204	28.10	10.16
43423.96318	43423	0.96318287	28.10	10.38
43423.9736	43423	0.973599537	28.14	10.38
43423.98402	43423	0.984016204	28.10	0.00
43423.99443	43423	0.99443287	28.10	0.00
43424.00485	43424	0.004849537	28.10	0.00
43424.01527	43424	0.015266204	28.10	0.00
43424.02568	43424	0.02568287	28.18	0.00
43424.0361	43424	0.036099537	28.23	0.00
43424.04652	43424	0.046516204	28.23	0.00
43424.05693	43424	0.05693287	28.18	0.00
43424.06735	43424	0.067349537	28.23	0.00
43424.07777	43424	0.077766204	28.23	0.00
43424.08818	43424	0.08818287	28.23	0.00
43424.0986	43424	0.098599537	28.18	0.00
43424.10902	43424	0.109016204	28.18	0.00
43424.11943	43424	0.11943287	28.23	0.00
43424.12985	43424	0.129849537	28.23	0.00
43424.14027	43424	0.140266204	28.23	0.00
43424.15068	43424	0.15068287	28.18	0.00
43424.1611	43424	0.161099537	28.27	0.00
43424.17152	43424	0.171516204	28.31	0.00
43424.18193	43424	0.18193287	28.27	0.00
43424.19235	43424	0.192349537	28.23	0.00
43424.20277	43424	0.202766204	28.27	0.00
43424.21318	43424	0.21318287	28.27	0.00
43424.2236	43424	0.223599537	28.27	0.00
43424.23402	43424	0.234016204	28.27	0.00
43424.24443	43424	0.24443287	28.27	0.00
43424.25485	43424	0.254849537	28.27	0.00
43424.26527	43424	0.265266204	28.35	0.00
43424.27568	43424	0.27568287	28.35	1.32
43424.2861	43424	0.286099537	28.48	1.32
43424.29652	43424	0.296516204	28.61	1.32
43424.30693	43424	0.30693287	28.70	1.32
43424.31735	43424	0.317349537	28.65	1.32
43424.32777	43424	0.327766204	28.53	1.32
43424.33818	43424	0.33818287	28.57	1.32
43424.3486	43424	0.348599537	28.57	1.32
43424.35902	43424	0.359016204	28.48	1.32
43424.36943	43424	0.36943287	28.40	1.32
43424.37985	43424	0.379849537	28.27	1.32
43424.39027	43424	0.390266204	28.27	1.32
43424.40068	43424	0.40068287	28.18	1.32
43424.4111	43424	0.411099537	28.27	4.42
43424.42152	43424	0.421516204	28.27	8.39
43424.43193	43424	0.43193287	28.31	49.66
43424.44235	43424	0.442349537	28.31	51.88
43424.45277	43424	0.452766204	28.23	51.44
43424.46318	43424	0.46318287	28.18	51.48
43424.4736	43424	0.473599537	28.23	52.32
43424.48402	43424	0.484016204	28.35	51.88
43424.49443	43424	0.49443287	28.35	51.88
43424.50485	43424	0.504849537	28.35	49.72
43424.51527	43424	0.515266204	28.18	52.76
43424.52568	43424	0.52568287	28.14	52.76
43424.5361	43424	0.536099537	28.10	53.58
43424.54652	43424	0.546516204	28.01	53.20
43424.55693	43424	0.55693287	27.93	53.20
43424.56735	43424	0.567349537	27.93	51.88
43424.57777	43424	0.577766204	27.93	55.86
43424.58818	43424	0.58818287	27.88	51.88
43424.5986	43424	0.598599537	27.93	52.26
43424.60902	43424	0.609016204	27.88	53.64
43424.61943	43424	0.61943287	27.88	53.58
43424.62985	43424	0.629849537	27.88	51.44
43424.64027	43424	0.640266204	27.80	52.32
43424.65068	43424	0.65068287	27.88	51.88
43424.6611	43424	0.661099537	27.97	58.50
43424.67152	43424	0.671516204	28.01	62.98
43424.68193	43424	0.68193287	28.05	35.41
43424.69235	43424	0.692349537	28.05	49.60
43424.70277	43424	0.702766204	28.05	50.06
43424.71318	43424	0.71318287	28.01	48.34
43424.7236	43424	0.723599537	27.97	48.34
43424.73402	43424	0.734016204	27.88	49.60
43424.74443	43424	0.74443287	27.84	49.16
43424.75485	43424	0.754849537	27.80	45.18
43424.76527	43424	0.765266204	27.84	49.66
43424.77568	43424	0.77568287	27.84	49.60
43424.7861	43424	0.786099537	27.84	48.28
43424.79652	43424	0.796516204	27.80	53.64
43424.80693	43424	0.80693287	27.75	48.28
43424.81735	43424	0.817349537	27.80	50.50
43424.82777	43424	0.827766204	27.93	50.06
43424.83818	43424	0.83818287	27.93	49.60
43424.8486	43424	0.848599537	27.93	48.28
43424.85902	43424	0.859016204	27.93	49.16
43424.86943	43424	0.86943287	27.93	50.50
43424.87985	43424	0.879849537	28.01	43.92
43424.89027	43424	0.890266204	28.01	1.76
43424.90068	43424	0.90068287	27.97	1.76
43424.9111	43424	0.911099537	27.97	1.54
43424.92152	43424	0.921516204	27.97	1.54
43424.93193	43424	0.93193287	27.97	1.54
43424.94235	43424	0.942349537	27.93	1.76
43424.95277	43424	0.952766204	27.97	1.54
43424.96318	43424	0.96318287	27.97	1.54
43424.9736	43424	0.973599537	27.97	1.54
43424.98402	43424	0.984016204	27.93	1.54
43424.99443	43424	0.99443287	27.88	1.54
43425.00485	43425	0.004849537	27.88	1.54
43425.01527	43425	0.015266204	27.97	1.54
43425.02568	43425	0.02568287	27.93	1.76
43425.0361	43425	0.036099537	28.01	1.76
43425.04652	43425	0.046516204	28.05	1.54
43425.05693	43425	0.05693287	28.10	1.54
43425.06735	43425	0.067349537	28.05	1.76
43425.07777	43425	0.077766204	28.05	1.76
43425.08818	43425	0.08818287	28.05	1.54
43425.0986	43425	0.098599537	28.05	1.54
43425.10902	43425	0.109016204	28.10	1.54
43425.11943	43425	0.11943287	28.10	1.54
43425.12985	43425	0.129849537	28.05	1.76
43425.14027	43425	0.140266204	28.05	1.76
43425.15068	43425	0.15068287	28.10	1.54
43425.1611	43425	0.161099537	28.14	1.54
43425.17152	43425	0.171516204	28.05	1.54
43425.18193	43425	0.18193287	28.05	1.54
43425.19235	43425	0.192349537	28.05	1.54
43425.20277	43425	0.202766204	28.14	1.54
43425.21318	43425	0.21318287	28.10	1.76
43425.2236	43425	0.223599537	28.10	1.54
43425.23402	43425	0.234016204	28.10	1.98
43425.24443	43425	0.24443287	28.10	1.76
43425.25485	43425	0.254849537	28.14	1.54
43425.26527	43425	0.265266204	28.14	1.76
43425.27568	43425	0.27568287	28.14	1.54
43425.2861	43425	0.286099537	28.18	1.54
43425.29652	43425	0.296516204	29.86	6394.88
43425.30693	43425	0.30693287	30.93	5790.72
43425.31735	43425	0.317349537	30.24	8768.00
43425.32777	43425	0.327766204	35.48	56934.40
43425.33818	43425	0.33818287	32.47	17684.48
43425.3486	43425	0.348599537	33.16	10685.44
43425.35902	43425	0.359016204	32.77	10664.96
43425.36943	43425	0.36943287	31.74	16906.24
43425.37985	43425	0.379849537	30.76	13158.40
43425.39027	43425	0.390266204	29.47	1528.96
43425.40068	43425	0.40068287	30.20	12800.00
43425.4111	43425	0.411099537	30.24	9745.92
43425.42152	43425	0.421516204	30.46	12815.36
43425.43193	43425	0.43193287	30.84	12057.60
43425.44235	43425	0.442349537	30.76	11985.92
43425.45277	43425	0.452766204	30.63	12835.84
43425.46318	43425	0.46318287	30.41	5721.60
43425.4736	43425	0.473599537	29.60	10196.48
43425.48402	43425	0.484016204	30.41	9786.88
43425.49443	43425	0.49443287	29.81	9758.72
43425.50485	43425	0.504849537	31.10	8619.52
43425.51527	43425	0.515266204	31.06	25057.28
43425.52568	43425	0.52568287	29.38	14346.24
43425.5361	43425	0.536099537	29.21	28364.80
43425.54652	43425	0.546516204	29.38	30310.40
43425.55693	43425	0.55693287	29.38	26378.24
43425.56735	43425	0.567349537	29.38	27842.56
43425.57777	43425	0.577766204	29.43	25200.64
43425.58818	43425	0.58818287	29.47	24647.68
43425.5986	43425	0.598599537	29.47	20669.44
43425.60902	43425	0.609016204	29.43	19722.24
43425.61943	43425	0.61943287	29.38	19630.08
43425.62985	43425	0.629849537	29.43	18897.92
43425.64027	43425	0.640266204	29.30	15636.48
43425.65068	43425	0.65068287	29.26	13716.48
43425.6611	43425	0.661099537	29.21	11279.36
43425.67152	43425	0.671516204	29.21	9566.72
43425.68193	43425	0.68193287	29.17	7552.00
43425.69235	43425	0.692349537	29.04	5964.80
43425.70277	43425	0.702766204	29.00	4604.16
43425.71318	43425	0.71318287	28.95	3641.60
43425.7236	43425	0.723599537	28.87	2662.40
43425.73402	43425	0.734016204	28.87	1746.56
43425.74443	43425	0.74443287	28.83	1098.88
43425.75485	43425	0.754849537	28.83	574.08
43425.76527	43425	0.765266204	28.78	213.04
43425.77568	43425	0.77568287	28.78	31.88
43425.7861	43425	0.786099537	28.78	0.66
43425.79652	43425	0.796516204	28.78	0.00
43425.80693	43425	0.80693287	28.83	0.00
43425.81735	43425	0.817349537	28.78	0.00
43425.82777	43425	0.827766204	28.78	0.00
43425.83818	43425	0.83818287	28.78	0.00
43425.8486	43425	0.848599537	28.78	0.00
43425.85902	43425	0.859016204	28.78	0.00
43425.86943	43425	0.86943287	28.74	0.00
43425.87985	43425	0.879849537	28.70	0.00
43425.89027	43425	0.890266204	28.65	0.00
43425.90068	43425	0.90068287	28.61	0.00
43425.9111	43425	0.911099537	28.57	0.00
43425.92152	43425	0.921516204	28.57	0.00
43425.93193	43425	0.93193287	28.53	0.00
43425.94235	43425	0.942349537	28.53	0.00
43425.95277	43425	0.952766204	28.53	0.00
43425.96318	43425	0.96318287	28.48	0.00
43425.9736	43425	0.973599537	28.44	0.00
43425.98402	43425	0.984016204	28.48	0.00
43425.99443	43425	0.99443287	28.44	0.00
43426.00485	43426	0.004849537	28.40	0.00
43426.01527	43426	0.015266204	28.40	0.00
43426.02568	43426	0.02568287	28.31	0.00
43426.0361	43426	0.036099537	28.27	0.00
43426.04652	43426	0.046516204	28.31	0.00
43426.05693	43426	0.05693287	28.31	0.00
43426.06735	43426	0.067349537	28.31	0.00
43426.07777	43426	0.077766204	28.27	0.00
43426.08818	43426	0.08818287	28.27	0.00
43426.0986	43426	0.098599537	28.27	0.00
43426.10902	43426	0.109016204	28.31	0.00
43426.11943	43426	0.11943287	28.23	0.00
43426.12985	43426	0.129849537	28.27	0.00
43426.14027	43426	0.140266204	28.23	0.00
43426.15068	43426	0.15068287	28.27	0.00
43426.1611	43426	0.161099537	28.27	0.00
43426.17152	43426	0.171516204	28.31	0.00
43426.18193	43426	0.18193287	28.31	0.00
43426.19235	43426	0.192349537	28.31	0.00
43426.20277	43426	0.202766204	28.27	0.00
43426.21318	43426	0.21318287	28.27	0.88
43426.2236	43426	0.223599537	28.27	40.77
43426.23402	43426	0.234016204	28.27	204.88
43426.24443	43426	0.24443287	28.27	473.76
43426.25485	43426	0.254849537	28.23	898.56
43426.26527	43426	0.265266204	28.31	1875.84
43426.27568	43426	0.27568287	28.31	1684.48
43426.2861	43426	0.286099537	28.31	1847.68
43426.29652	43426	0.296516204	28.31	2220.80
43426.30693	43426	0.30693287	28.35	4712.96
43426.31735	43426	0.317349537	28.35	5009.92
43426.32777	43426	0.327766204	28.35	5667.84
43426.33818	43426	0.33818287	28.35	6000.64
43426.3486	43426	0.348599537	28.40	6929.92
43426.35902	43426	0.359016204	28.44	8755.20
43426.36943	43426	0.36943287	28.44	6615.04
43426.37985	43426	0.379849537	28.48	10071.04
43426.39027	43426	0.390266204	28.40	3301.12
43426.40068	43426	0.40068287	28.53	13030.40
43426.4111	43426	0.411099537	28.53	12134.40
43426.42152	43426	0.421516204	28.61	12712.96
43426.43193	43426	0.43193287	28.48	4680.96
43426.44235	43426	0.442349537	28.65	15467.52
43426.45277	43426	0.452766204	28.74	16716.80
43426.46318	43426	0.46318287	28.61	6807.04
43426.4736	43426	0.473599537	28.87	19281.92
43426.48402	43426	0.484016204	28.83	17551.36
43426.49443	43426	0.49443287	28.91	20817.92
43426.50485	43426	0.504849537	29.00	21647.36
43426.51527	43426	0.515266204	29.04	22722.56
43426.52568	43426	0.52568287	29.13	24166.40
43426.5361	43426	0.536099537	29.13	23111.68
43426.54652	43426	0.546516204	29.13	23152.64
43426.55693	43426	0.55693287	29.13	22702.08
43426.56735	43426	0.567349537	29.17	21309.44
43426.57777	43426	0.577766204	29.21	20495.36
43426.58818	43426	0.58818287	29.21	20126.72
43426.5986	43426	0.598599537	29.21	18979.84
43426.60902	43426	0.609016204	29.17	16993.28
43426.61943	43426	0.61943287	29.13	15590.40
43426.62985	43426	0.629849537	29.13	14366.72
43426.64027	43426	0.640266204	29.08	11770.88
43426.65068	43426	0.65068287	29.13	11806.72
43426.6611	43426	0.661099537	29.13	10112.00
43426.67152	43426	0.671516204	28.95	2430.72
43426.68193	43426	0.68193287	28.83	1159.68
43426.69235	43426	0.692349537	28.83	843.20
43426.70277	43426	0.702766204	28.83	606.88
43426.71318	43426	0.71318287	28.78	774.72
43426.7236	43426	0.723599537	28.78	954.56
43426.73402	43426	0.734016204	28.78	983.68
43426.74443	43426	0.74443287	28.78	826.88
43426.75485	43426	0.754849537	28.78	403.52
43426.76527	43426	0.765266204	28.70	102.88
43426.77568	43426	0.77568287	28.78	9.28
43426.7861	43426	0.786099537	28.78	0.00
43426.79652	43426	0.796516204	28.78	0.00
43426.80693	43426	0.80693287	28.78	0.00
43426.81735	43426	0.817349537	28.83	0.00
43426.82777	43426	0.827766204	28.74	0.00
43426.83818	43426	0.83818287	28.70	0.00
43426.8486	43426	0.848599537	28.65	0.00
43426.85902	43426	0.859016204	28.65	0.00
43426.86943	43426	0.86943287	28.65	0.00
43426.87985	43426	0.879849537	28.65	0.00
43426.89027	43426	0.890266204	28.61	0.00
43426.90068	43426	0.90068287	28.65	0.00
43426.9111	43426	0.911099537	28.61	0.00
43426.92152	43426	0.921516204	28.65	0.00
43426.93193	43426	0.93193287	28.61	0.00
43426.94235	43426	0.942349537	28.65	0.00
43426.95277	43426	0.952766204	28.57	0.00
43426.96318	43426	0.96318287	28.57	0.00
43426.9736	43426	0.973599537	28.53	0.00
43426.98402	43426	0.984016204	28.53	0.00
43426.99443	43426	0.99443287	28.48	0.00
43427.00485	43427	0.004849537	28.48	0.00
43427.01527	43427	0.015266204	28.48	0.00
43427.02568	43427	0.02568287	28.48	0.00
43427.0361	43427	0.036099537	28.53	0.00
43427.04652	43427	0.046516204	28.48	0.00
43427.05693	43427	0.05693287	28.48	0.00
43427.06735	43427	0.067349537	28.48	0.00
43427.07777	43427	0.077766204	28.48	0.00
43427.08818	43427	0.08818287	28.44	0.00
43427.0986	43427	0.098599537	28.40	0.00
43427.10902	43427	0.109016204	28.40	0.00
43427.11943	43427	0.11943287	28.35	0.00
43427.12985	43427	0.129849537	28.40	0.00
43427.14027	43427	0.140266204	28.40	0.00
43427.15068	43427	0.15068287	28.40	0.00
43427.1611	43427	0.161099537	28.40	0.00
43427.17152	43427	0.171516204	28.40	0.00
43427.18193	43427	0.18193287	28.44	0.00
43427.19235	43427	0.192349537	28.44	0.00
43427.20277	43427	0.202766204	28.44	0.00
43427.21318	43427	0.21318287	28.40	0.00
43427.2236	43427	0.223599537	28.44	21.24
43427.23402	43427	0.234016204	28.35	116.12
43427.24443	43427	0.24443287	28.40	277.76
43427.25485	43427	0.254849537	28.44	618.40
43427.26527	43427	0.265266204	28.44	1081.92
43427.27568	43427	0.27568287	28.44	1250.88
43427.2861	43427	0.286099537	28.48	2992.64
43427.29652	43427	0.296516204	28.48	4023.04
43427.30693	43427	0.30693287	28.48	4574.72
43427.31735	43427	0.317349537	28.53	6126.08
43427.32777	43427	0.327766204	28.53	3413.76
