date.time	date	time	temp	lux
43423.71543	43423	0.715428241	29.17	77.22
43423.72584	43423	0.725844907	28.01	6.81
43423.73626	43423	0.736261574	27.75	6.18
43423.74668	43423	0.746678241	27.67	6.59
43423.75709	43423	0.757094907	27.58	6.59
43423.76751	43423	0.767511574	27.58	5.49
43423.77793	43423	0.777928241	27.50	5.49
43423.78834	43423	0.788344907	27.28	5.27
43423.79876	43423	0.798761574	27.24	5.49
43423.80918	43423	0.809178241	27.67	16.54
43423.81959	43423	0.819594907	27.88	15.85
43423.83001	43423	0.830011574	28.01	16.29
43423.84043	43423	0.840428241	28.14	17.17
43423.85084	43423	0.850844907	28.14	17.17
43423.86126	43423	0.861261574	28.05	16.29
43423.87168	43423	0.871678241	28.10	5.49
43423.88209	43423	0.882094907	28.14	5.49
43423.89251	43423	0.892511574	28.14	5.49
43423.90293	43423	0.902928241	28.18	5.49
43423.91334	43423	0.913344907	28.23	5.49
43423.92376	43423	0.923761574	28.23	5.49
43423.93418	43423	0.934178241	28.18	5.49
43423.94459	43423	0.944594907	28.23	5.27
43423.95501	43423	0.955011574	28.18	5.27
43423.96543	43423	0.965428241	28.18	5.27
43423.97584	43423	0.975844907	28.14	0.00
43423.98626	43423	0.986261574	28.14	0.00
43423.99668	43423	0.996678241	28.14	0.00
43424.00709	43424	0.007094907	28.14	0.00
43424.01751	43424	0.017511574	28.18	0.00
43424.02793	43424	0.027928241	28.23	0.00
43424.03834	43424	0.038344907	28.18	0.00
43424.04876	43424	0.048761574	28.23	0.00
43424.05918	43424	0.059178241	28.27	0.00
43424.06959	43424	0.069594907	28.23	0.00
43424.08001	43424	0.080011574	28.23	0.00
43424.09043	43424	0.090428241	28.23	0.00
43424.10084	43424	0.100844907	28.23	0.00
43424.11126	43424	0.111261574	28.23	0.00
43424.12168	43424	0.121678241	28.23	0.00
43424.13209	43424	0.132094907	28.27	0.00
43424.14251	43424	0.142511574	28.31	0.00
43424.15293	43424	0.152928241	28.31	0.00
43424.16334	43424	0.163344907	28.35	0.00
43424.17376	43424	0.173761574	28.27	0.00
43424.18418	43424	0.184178241	28.27	0.00
43424.19459	43424	0.194594907	28.27	0.00
43424.20501	43424	0.205011574	28.31	0.00
43424.21543	43424	0.215428241	28.27	0.00
43424.22584	43424	0.225844907	28.27	0.00
43424.23626	43424	0.236261574	28.35	0.00
43424.24668	43424	0.246678241	28.31	0.00
43424.25709	43424	0.257094907	28.31	0.00
43424.26751	43424	0.267511574	28.35	0.00
43424.27793	43424	0.277928241	28.40	1.09
43424.28834	43424	0.288344907	28.57	1.09
43424.29876	43424	0.298761574	28.70	1.09
43424.30918	43424	0.309178241	28.61	1.09
43424.31959	43424	0.319594907	28.61	1.09
43424.33001	43424	0.330011574	28.57	1.09
43424.34043	43424	0.340428241	28.53	1.09
43424.35084	43424	0.350844907	28.61	1.09
43424.36126	43424	0.361261574	28.48	1.09
43424.37168	43424	0.371678241	28.40	1.09
43424.38209	43424	0.382094907	28.31	1.09
43424.39251	43424	0.392511574	28.23	1.09
43424.40293	43424	0.402928241	28.23	1.09
43424.41334	43424	0.413344907	28.31	5.05
43424.42376	43424	0.423761574	28.27	18.96
43424.43418	43424	0.434178241	28.35	17.83
43424.44459	43424	0.444594907	28.31	17.64
43424.45501	43424	0.455011574	28.18	17.20
43424.46543	43424	0.465428241	28.18	17.61
43424.47584	43424	0.475844907	28.27	17.61
43424.48626	43424	0.486261574	28.35	16.98
43424.49668	43424	0.496678241	28.35	18.08
43424.50709	43424	0.507094907	28.35	16.76
43424.51751	43424	0.517511574	28.23	17.83
43424.52793	43424	0.527928241	28.14	17.83
43424.53834	43424	0.538344907	28.05	17.42
43424.54876	43424	0.548761574	28.01	18.08
43424.55918	43424	0.559178241	27.97	17.86
43424.56959	43424	0.569594907	27.97	17.20
43424.58001	43424	0.580011574	27.97	18.08
43424.59043	43424	0.590428241	27.88	17.42
43424.60084	43424	0.600844907	27.93	17.20
43424.61126	43424	0.611261574	27.88	17.64
43424.62168	43424	0.621678241	27.88	17.86
43424.63209	43424	0.632094907	27.88	17.20
43424.64251	43424	0.642511574	27.88	17.20
43424.65293	43424	0.652928241	27.93	17.86
43424.66334	43424	0.663344907	28.01	23.41
43424.67376	43424	0.673761574	27.97	23.16
43424.68418	43424	0.684178241	28.01	16.07
43424.69459	43424	0.694594907	28.05	15.63
43424.70501	43424	0.705011574	28.05	16.54
43424.71543	43424	0.715428241	27.97	17.17
43424.72584	43424	0.725844907	27.88	16.98
43424.73626	43424	0.736261574	27.84	15.63
43424.74668	43424	0.746678241	27.84	17.20
43424.75709	43424	0.757094907	27.80	15.63
43424.76751	43424	0.767511574	27.80	16.73
43424.77793	43424	0.777928241	27.84	17.20
43424.78834	43424	0.788344907	27.84	16.73
43424.79876	43424	0.798761574	27.75	17.17
43424.80918	43424	0.809178241	27.84	16.76
43424.81959	43424	0.819594907	27.84	15.66
43424.83001	43424	0.830011574	27.93	16.98
43424.84043	43424	0.840428241	27.93	16.73
43424.85084	43424	0.850844907	27.97	15.44
43424.86126	43424	0.861261574	27.97	17.17
43424.87168	43424	0.871678241	28.05	15.63
43424.88209	43424	0.882094907	28.01	14.09
43424.89251	43424	0.892511574	27.93	1.53
43424.90293	43424	0.902928241	28.01	1.53
43424.91334	43424	0.913344907	27.97	1.53
43424.92376	43424	0.923761574	27.97	1.53
43424.93418	43424	0.934178241	27.97	1.97
43424.94459	43424	0.944594907	28.01	1.53
43424.95501	43424	0.955011574	28.01	1.53
43424.96543	43424	0.965428241	28.01	1.53
43424.97584	43424	0.975844907	27.88	1.53
43424.98626	43424	0.986261574	27.93	1.53
43424.99668	43424	0.996678241	27.93	1.53
43425.00709	43425	0.007094907	27.93	1.53
43425.01751	43425	0.017511574	28.01	1.53
43425.02793	43425	0.027928241	27.97	1.53
43425.03834	43425	0.038344907	28.01	1.53
43425.04876	43425	0.048761574	28.05	1.53
43425.05918	43425	0.059178241	28.10	1.53
43425.06959	43425	0.069594907	28.05	1.53
43425.08001	43425	0.080011574	28.05	1.53
43425.09043	43425	0.090428241	28.05	1.53
43425.10084	43425	0.100844907	28.10	1.53
43425.11126	43425	0.111261574	28.10	1.53
43425.12168	43425	0.121678241	28.10	1.53
43425.13209	43425	0.132094907	28.10	1.53
43425.14251	43425	0.142511574	28.10	1.53
43425.15293	43425	0.152928241	28.14	1.53
43425.16334	43425	0.163344907	28.10	1.53
43425.17376	43425	0.173761574	28.14	1.53
43425.18418	43425	0.184178241	28.10	1.53
43425.19459	43425	0.194594907	28.14	1.53
43425.20501	43425	0.205011574	28.10	1.53
43425.21543	43425	0.215428241	28.10	1.53
43425.22584	43425	0.225844907	28.10	1.53
43425.23626	43425	0.236261574	28.10	1.53
43425.24668	43425	0.246678241	28.14	1.53
43425.25709	43425	0.257094907	28.14	1.53
43425.26751	43425	0.267511574	28.18	1.53
43425.27793	43425	0.277928241	28.14	1.53
43425.28834	43425	0.288344907	28.18	1.75
43425.29876	43425	0.298761574	33.63	32286.72
43425.30918	43425	0.309178241	33.42	16947.20
43425.31959	43425	0.319594907	30.89	16727.04
43425.33001	43425	0.330011574	34.88	13004.80
43425.34043	43425	0.340428241	36.51	60272.64
43425.35084	43425	0.350844907	33.67	3380.48
43425.36126	43425	0.361261574	31.83	9779.20
43425.37168	43425	0.371678241	31.36	16855.04
43425.38209	43425	0.382094907	31.66	16517.12
43425.39251	43425	0.392511574	30.11	12380.16
43425.40293	43425	0.402928241	33.03	18805.76
43425.41334	43425	0.413344907	30.28	9743.36
43425.42376	43425	0.423761574	31.06	13716.48
43425.43418	43425	0.434178241	31.44	12533.76
43425.44459	43425	0.444594907	31.01	12016.64
43425.45501	43425	0.455011574	31.23	13916.16
43425.46543	43425	0.465428241	29.86	3027.20
43425.47584	43425	0.475844907	28.78	3192.32
43425.48626	43425	0.486261574	29.47	3813.12
43425.49668	43425	0.496678241	29.68	3249.92
43425.50709	43425	0.507094907	30.03	3151.36
43425.51751	43425	0.517511574	29.60	2432.64
43425.52793	43425	0.527928241	29.30	33034.24
43425.53834	43425	0.538344907	29.04	8463.36
43425.54876	43425	0.548761574	29.13	8020.48
43425.55918	43425	0.559178241	29.21	7206.40
43425.56959	43425	0.569594907	29.26	7121.92
43425.58001	43425	0.580011574	29.26	6919.68
43425.59043	43425	0.590428241	29.30	6796.80
43425.60084	43425	0.600844907	29.30	6218.24
43425.61126	43425	0.611261574	29.26	5762.56
43425.62168	43425	0.621678241	29.30	5560.32
43425.63209	43425	0.632094907	29.26	5216.00
43425.64251	43425	0.642511574	29.21	4706.56
43425.65293	43425	0.652928241	29.13	4090.88
43425.66334	43425	0.663344907	29.17	3549.44
43425.67376	43425	0.673761574	29.13	3009.28
43425.68418	43425	0.684178241	29.08	2481.92
43425.69459	43425	0.694594907	29.08	2033.28
43425.70501	43425	0.705011574	29.00	1632.64
43425.71543	43425	0.715428241	28.91	1244.48
43425.72584	43425	0.725844907	28.87	899.20
43425.73626	43425	0.736261574	28.91	592.32
43425.74668	43425	0.746678241	28.87	368.00
43425.75709	43425	0.757094907	28.83	178.32
43425.76751	43425	0.767511574	28.83	56.44
43425.77793	43425	0.777928241	28.83	6.59
43425.78834	43425	0.788344907	28.83	0.00
43425.79876	43425	0.798761574	28.83	0.00
43425.80918	43425	0.809178241	28.87	0.00
43425.81959	43425	0.819594907	28.87	0.00
43425.83001	43425	0.830011574	28.83	0.00
43425.84043	43425	0.840428241	28.83	0.00
43425.85084	43425	0.850844907	28.78	0.00
43425.86126	43425	0.861261574	28.78	0.00
43425.87168	43425	0.871678241	28.78	0.00
43425.88209	43425	0.882094907	28.74	0.00
43425.89251	43425	0.892511574	28.70	0.00
43425.90293	43425	0.902928241	28.65	0.00
43425.91334	43425	0.913344907	28.65	0.00
43425.92376	43425	0.923761574	28.65	0.00
43425.93418	43425	0.934178241	28.61	0.00
43425.94459	43425	0.944594907	28.61	0.00
43425.95501	43425	0.955011574	28.57	0.00
43425.96543	43425	0.965428241	28.48	0.00
43425.97584	43425	0.975844907	28.48	0.00
43425.98626	43425	0.986261574	28.48	0.00
43425.99668	43425	0.996678241	28.48	0.00
43426.00709	43426	0.007094907	28.48	0.00
43426.01751	43426	0.017511574	28.40	0.00
43426.02793	43426	0.027928241	28.35	0.00
43426.03834	43426	0.038344907	28.35	0.00
43426.04876	43426	0.048761574	28.35	0.00
43426.05918	43426	0.059178241	28.31	0.00
43426.06959	43426	0.069594907	28.31	0.00
43426.08001	43426	0.080011574	28.35	0.00
43426.09043	43426	0.090428241	28.31	0.00
43426.10084	43426	0.100844907	28.35	0.00
43426.11126	43426	0.111261574	28.31	0.00
43426.12168	43426	0.121678241	28.31	0.00
43426.13209	43426	0.132094907	28.31	0.00
43426.14251	43426	0.142511574	28.31	0.00
43426.15293	43426	0.152928241	28.35	0.00
43426.16334	43426	0.163344907	28.31	0.00
43426.17376	43426	0.173761574	28.35	0.00
43426.18418	43426	0.184178241	28.35	0.00
43426.19459	43426	0.194594907	28.35	0.00
43426.20501	43426	0.205011574	28.35	0.00
43426.21543	43426	0.215428241	28.35	1.09
43426.22584	43426	0.225844907	28.31	25.12
43426.23626	43426	0.236261574	28.27	102.32
43426.24668	43426	0.246678241	28.35	200.48
43426.25709	43426	0.257094907	28.31	420.32
43426.26751	43426	0.267511574	28.35	843.84
43426.27793	43426	0.277928241	28.35	650.40
43426.28834	43426	0.288344907	28.35	709.76
43426.29876	43426	0.298761574	28.35	856.96
43426.30918	43426	0.309178241	28.35	1017.28
43426.31959	43426	0.319594907	28.35	1761.92
43426.33001	43426	0.330011574	28.44	2330.24
43426.34043	43426	0.340428241	28.40	2487.04
43426.35084	43426	0.350844907	28.35	2917.12
43426.36126	43426	0.361261574	28.44	3526.40
43426.37168	43426	0.371678241	28.44	3861.76
43426.38209	43426	0.382094907	28.48	3690.24
43426.39251	43426	0.392511574	28.35	3767.04
43426.40293	43426	0.402928241	28.40	2085.76
43426.41334	43426	0.413344907	28.48	4259.84
43426.42376	43426	0.423761574	28.57	5463.04
43426.43418	43426	0.434178241	28.57	2776.32
43426.44459	43426	0.444594907	28.61	5521.92
43426.45501	43426	0.455011574	28.65	5079.04
43426.46543	43426	0.465428241	28.61	3464.96
43426.47584	43426	0.475844907	28.74	6374.40
43426.48626	43426	0.486261574	28.78	3147.52
43426.49668	43426	0.496678241	28.78	6592.00
43426.50709	43426	0.507094907	28.83	6858.24
43426.51751	43426	0.517511574	28.91	6840.32
43426.52793	43426	0.527928241	28.95	7006.72
43426.53834	43426	0.538344907	29.00	6924.80
43426.54876	43426	0.548761574	29.00	6845.44
43426.55918	43426	0.559178241	29.00	6745.60
43426.56959	43426	0.569594907	29.08	6622.72
43426.58001	43426	0.580011574	29.13	6535.68
43426.59043	43426	0.590428241	29.04	6197.76
43426.60084	43426	0.600844907	29.13	5844.48
43426.61126	43426	0.611261574	29.04	5529.60
43426.62168	43426	0.621678241	29.04	5044.48
43426.63209	43426	0.632094907	29.08	4759.04
43426.64251	43426	0.642511574	29.04	4277.76
43426.65293	43426	0.652928241	29.04	4125.44
43426.66334	43426	0.663344907	29.04	3489.28
43426.67376	43426	0.673761574	29.00	706.24
43426.68418	43426	0.684178241	28.91	412.48
43426.69459	43426	0.694594907	28.87	271.92
43426.70501	43426	0.705011574	28.91	225.12
43426.71543	43426	0.715428241	28.83	300.08
43426.72584	43426	0.725844907	28.83	360.96
43426.73626	43426	0.736261574	28.83	329.28
43426.74668	43426	0.746678241	28.83	342.56
43426.75709	43426	0.757094907	28.83	110.36
43426.76751	43426	0.767511574	28.83	26.88
43426.77793	43426	0.777928241	28.83	1.75
43426.78834	43426	0.788344907	28.83	0.00
43426.79876	43426	0.798761574	28.83	0.00
43426.80918	43426	0.809178241	28.83	0.00
43426.81959	43426	0.819594907	28.91	0.00
43426.83001	43426	0.830011574	28.83	0.00
43426.84043	43426	0.840428241	28.74	0.00
43426.85084	43426	0.850844907	28.70	0.00
43426.86126	43426	0.861261574	28.74	0.00
43426.87168	43426	0.871678241	28.70	0.00
43426.88209	43426	0.882094907	28.70	0.00
43426.89251	43426	0.892511574	28.70	0.00
43426.90293	43426	0.902928241	28.65	0.00
43426.91334	43426	0.913344907	28.65	0.00
43426.92376	43426	0.923761574	28.70	0.00
43426.93418	43426	0.934178241	28.65	0.00
43426.94459	43426	0.944594907	28.65	0.00
43426.95501	43426	0.955011574	28.61	0.00
43426.96543	43426	0.965428241	28.57	0.00
43426.97584	43426	0.975844907	28.57	0.00
43426.98626	43426	0.986261574	28.53	0.00
43426.99668	43426	0.996678241	28.61	0.00
43427.00709	43427	0.007094907	28.57	0.00
43427.01751	43427	0.017511574	28.53	0.00
43427.02793	43427	0.027928241	28.48	0.00
43427.03834	43427	0.038344907	28.57	0.00
43427.04876	43427	0.048761574	28.53	0.00
43427.05918	43427	0.059178241	28.57	0.00
43427.06959	43427	0.069594907	28.53	0.00
43427.08001	43427	0.080011574	28.48	0.00
43427.09043	43427	0.090428241	28.48	0.00
43427.10084	43427	0.100844907	28.44	0.00
43427.11126	43427	0.111261574	28.44	0.00
43427.12168	43427	0.121678241	28.44	0.00
43427.13209	43427	0.132094907	28.44	0.00
43427.14251	43427	0.142511574	28.48	0.00
43427.15293	43427	0.152928241	28.44	0.00
43427.16334	43427	0.163344907	28.44	0.00
43427.17376	43427	0.173761574	28.44	0.00
43427.18418	43427	0.184178241	28.44	0.00
43427.19459	43427	0.194594907	28.48	0.00
43427.20501	43427	0.205011574	28.44	0.00
