date.time	date	time	temp	lux
43423.76007	43423	0.760069444	27.28	47.86
43423.77049	43423	0.770486111	26.34	6.02
43423.7809	43423	0.780902778	26.25	6.02
43423.79132	43423	0.791319444	26.12	6.24
43423.80174	43423	0.801736111	26.30	6.02
43423.81215	43423	0.812152778	27.02	14.28
43423.82257	43423	0.822569444	27.32	13.83
43423.83299	43423	0.832986111	27.50	14.72
43423.8434	43423	0.843402778	27.71	13.83
43423.85382	43423	0.853819444	27.80	14.75
43423.86424	43423	0.864236111	27.80	14.72
43423.87465	43423	0.874652778	27.88	3.57
43423.88507	43423	0.885069444	27.97	3.34
43423.89549	43423	0.895486111	28.01	3.34
43423.9059	43423	0.905902778	28.10	3.34
43423.91632	43423	0.916319444	28.10	3.34
43423.92674	43423	0.926736111	28.18	3.34
43423.93715	43423	0.937152778	28.23	3.34
43423.94757	43423	0.947569444	28.23	3.34
43423.95799	43423	0.957986111	28.18	3.34
43423.9684	43423	0.968402778	28.18	3.34
43423.97882	43423	0.978819444	28.18	0.00
43423.98924	43423	0.989236111	28.23	0.00
43423.99965	43423	0.999652778	28.18	0.00
43424.01007	43424	0.010069444	28.23	0.00
43424.02049	43424	0.020486111	28.27	0.00
43424.0309	43424	0.030902778	28.35	0.00
43424.04132	43424	0.041319444	28.31	0.00
43424.05174	43424	0.051736111	28.31	0.00
43424.06215	43424	0.062152778	28.31	0.00
43424.07257	43424	0.072569444	28.35	0.00
43424.08299	43424	0.082986111	28.31	0.00
43424.0934	43424	0.093402778	28.35	0.00
43424.10382	43424	0.103819444	28.31	0.00
43424.11424	43424	0.114236111	28.35	0.00
43424.12465	43424	0.124652778	28.35	0.00
43424.13507	43424	0.135069444	28.40	0.00
43424.14549	43424	0.145486111	28.40	0.00
43424.1559	43424	0.155902778	28.44	0.00
43424.16632	43424	0.166319444	28.40	0.00
43424.17674	43424	0.176736111	28.44	0.00
43424.18715	43424	0.187152778	28.40	0.00
43424.19757	43424	0.197569444	28.44	0.00
43424.20799	43424	0.207986111	28.40	0.00
43424.2184	43424	0.218402778	28.44	0.00
43424.22882	43424	0.228819444	28.44	0.00
43424.23924	43424	0.239236111	28.40	0.00
43424.24965	43424	0.249652778	28.40	0.00
43424.26007	43424	0.260069444	28.48	0.00
43424.27049	43424	0.270486111	28.53	0.00
43424.2809	43424	0.280902778	28.53	0.00
43424.29132	43424	0.291319444	28.65	0.00
43424.30174	43424	0.301736111	28.78	0.00
43424.31215	43424	0.312152778	28.78	0.00
43424.32257	43424	0.322569444	28.78	0.00
43424.33299	43424	0.332986111	28.74	0.00
43424.3434	43424	0.343402778	28.74	0.00
43424.35382	43424	0.353819444	28.65	0.00
43424.36424	43424	0.364236111	28.61	0.00
43424.37465	43424	0.374652778	28.53	0.00
43424.38507	43424	0.385069444	28.44	0.00
43424.39549	43424	0.395486111	28.31	0.00
43424.4059	43424	0.405902778	28.35	0.22
43424.41632	43424	0.416319444	28.44	2.00
43424.42674	43424	0.426736111	28.40	17.43
43424.43715	43424	0.437152778	28.44	17.20
43424.44757	43424	0.447569444	28.40	16.28
43424.45799	43424	0.457986111	28.27	15.87
43424.4684	43424	0.468402778	28.31	15.87
43424.47882	43424	0.478819444	28.35	15.64
43424.48924	43424	0.489236111	28.48	16.06
43424.49965	43424	0.499652778	28.48	16.76
43424.51007	43424	0.510069444	28.44	15.84
43424.52049	43424	0.520486111	28.31	16.51
43424.5309	43424	0.530902778	28.27	16.31
43424.54132	43424	0.541319444	28.14	16.53
43424.55174	43424	0.551736111	28.10	16.09
43424.56215	43424	0.562152778	28.05	16.31
43424.57257	43424	0.572569444	28.01	15.87
43424.58299	43424	0.582986111	28.01	16.28
43424.5934	43424	0.593402778	27.97	15.87
43424.60382	43424	0.603819444	28.01	16.31
43424.61424	43424	0.614236111	27.93	16.31
43424.62465	43424	0.624652778	27.97	16.31
43424.63507	43424	0.635069444	27.97	16.53
43424.64549	43424	0.645486111	27.97	15.87
43424.6559	43424	0.655902778	28.05	16.53
43424.66632	43424	0.666319444	28.05	21.47
43424.67674	43424	0.676736111	28.10	16.09
43424.68715	43424	0.687152778	28.14	15.61
43424.69757	43424	0.697569444	28.14	15.84
43424.70799	43424	0.707986111	28.14	14.05
43424.7184	43424	0.718402778	28.05	15.42
43424.72882	43424	0.728819444	28.01	15.42
43424.73924	43424	0.739236111	27.93	15.42
43424.74965	43424	0.749652778	27.93	14.28
43424.76007	43424	0.760069444	27.88	14.97
43424.77049	43424	0.770486111	27.88	15.20
43424.7809	43424	0.780902778	27.88	14.05
43424.79132	43424	0.791319444	27.88	15.20
43424.80174	43424	0.801736111	27.88	14.97
43424.81215	43424	0.812152778	27.88	15.61
43424.82257	43424	0.822569444	27.93	15.61
43424.83299	43424	0.832986111	27.97	15.20
43424.8434	43424	0.843402778	28.01	15.61
43424.85382	43424	0.853819444	28.05	14.97
43424.86424	43424	0.864236111	28.10	14.97
43424.87465	43424	0.874652778	28.14	15.20
43424.88507	43424	0.885069444	28.14	0.44
43424.89549	43424	0.895486111	28.10	0.44
43424.9059	43424	0.905902778	28.05	0.44
43424.91632	43424	0.916319444	28.10	0.66
43424.92674	43424	0.926736111	28.05	0.22
43424.93715	43424	0.937152778	28.05	0.44
43424.94757	43424	0.947569444	28.10	0.44
43424.95799	43424	0.957986111	28.10	0.22
43424.9684	43424	0.968402778	28.10	0.22
43424.97882	43424	0.978819444	28.05	0.22
43424.98924	43424	0.989236111	28.01	0.22
43424.99965	43424	0.999652778	28.05	0.44
43425.01007	43425	0.010069444	28.05	0.44
43425.02049	43425	0.020486111	28.10	0.44
43425.0309	43425	0.030902778	28.14	0.22
43425.04132	43425	0.041319444	28.14	0.44
43425.05174	43425	0.051736111	28.14	0.22
43425.06215	43425	0.062152778	28.18	0.22
43425.07257	43425	0.072569444	28.14	0.44
43425.08299	43425	0.082986111	28.14	0.44
43425.0934	43425	0.093402778	28.18	0.44
43425.10382	43425	0.103819444	28.14	0.44
43425.11424	43425	0.114236111	28.23	0.22
43425.12465	43425	0.124652778	28.23	0.44
43425.13507	43425	0.135069444	28.18	0.22
43425.14549	43425	0.145486111	28.18	0.44
43425.1559	43425	0.155902778	28.23	0.22
43425.16632	43425	0.166319444	28.23	0.44
43425.17674	43425	0.176736111	28.23	0.22
43425.18715	43425	0.187152778	28.23	0.22
43425.19757	43425	0.197569444	28.23	0.22
43425.20799	43425	0.207986111	28.18	0.44
43425.2184	43425	0.218402778	28.18	0.44
43425.22882	43425	0.228819444	28.18	0.22
43425.23924	43425	0.239236111	28.23	0.22
43425.24965	43425	0.249652778	28.27	0.22
43425.26007	43425	0.260069444	28.31	0.44
43425.27049	43425	0.270486111	28.31	0.44
43425.2809	43425	0.280902778	28.23	0.22
43425.29132	43425	0.291319444	28.27	2.00
43425.30174	43425	0.301736111	28.40	3.57
43425.31215	43425	0.312152778	28.57	2.00
43425.32257	43425	0.322569444	28.65	2.00
43425.33299	43425	0.332986111	28.61	2.00
43425.3434	43425	0.343402778	28.53	2.00
43425.35382	43425	0.353819444	28.53	2.00
43425.36424	43425	0.364236111	28.44	7.58
43425.37465	43425	0.374652778	28.35	7.80
43425.38507	43425	0.385069444	28.18	7.58
43425.39549	43425	0.395486111	28.10	7.80
43425.4059	43425	0.405902778	28.05	7.80
43425.41632	43425	0.416319444	28.05	2.23
43425.42674	43425	0.426736111	28.01	2.23
43425.43715	43425	0.437152778	27.97	2.23
43425.44757	43425	0.447569444	27.97	2.23
43425.45799	43425	0.457986111	28.05	2.23
43425.4684	43425	0.468402778	27.97	2.45
43425.47882	43425	0.478819444	28.05	2.23
43425.48924	43425	0.489236111	27.97	2.23
43425.49965	43425	0.499652778	27.97	2.45
43425.51007	43425	0.510069444	27.93	2.45
43425.52049	43425	0.520486111	27.93	2.23
43425.5309	43425	0.530902778	28.01	2.23
43425.54132	43425	0.541319444	27.97	2.45
43425.55174	43425	0.551736111	27.93	2.23
43425.56215	43425	0.562152778	27.93	2.45
43425.57257	43425	0.572569444	27.93	2.23
43425.58299	43425	0.582986111	27.93	2.23
43425.5934	43425	0.593402778	27.93	2.45
43425.60382	43425	0.603819444	27.93	2.45
43425.61424	43425	0.614236111	27.88	2.45
43425.62465	43425	0.624652778	27.80	2.45
43425.63507	43425	0.635069444	27.84	2.45
43425.64549	43425	0.645486111	27.93	2.45
43425.6559	43425	0.655902778	27.97	2.45
43425.66632	43425	0.666319444	27.97	2.67
43425.67674	43425	0.676736111	27.93	2.23
43425.68715	43425	0.687152778	27.84	2.00
43425.69757	43425	0.697569444	27.75	0.00
43425.70799	43425	0.707986111	27.88	0.00
43425.7184	43425	0.718402778	27.93	0.00
43425.72882	43425	0.728819444	27.93	0.00
43425.73924	43425	0.739236111	27.93	0.00
43425.74965	43425	0.749652778	27.88	0.00
43425.76007	43425	0.760069444	27.93	0.00
43425.77049	43425	0.770486111	28.05	0.00
43425.7809	43425	0.780902778	28.10	0.00
43425.79132	43425	0.791319444	28.10	0.00
43425.80174	43425	0.801736111	28.14	0.00
43425.81215	43425	0.812152778	28.27	0.00
43425.82257	43425	0.822569444	28.27	0.00
43425.83299	43425	0.832986111	28.31	0.00
43425.8434	43425	0.843402778	28.31	0.00
43425.85382	43425	0.853819444	28.35	0.00
43425.86424	43425	0.864236111	28.35	0.00
43425.87465	43425	0.874652778	28.35	0.00
43425.88507	43425	0.885069444	28.35	0.00
43425.89549	43425	0.895486111	28.35	0.00
43425.9059	43425	0.905902778	28.35	0.00
43425.91632	43425	0.916319444	28.40	0.00
43425.92674	43425	0.926736111	28.31	0.00
43425.93715	43425	0.937152778	28.31	0.00
43425.94757	43425	0.947569444	28.35	0.00
43425.95799	43425	0.957986111	28.31	0.00
43425.9684	43425	0.968402778	28.31	0.00
43425.97882	43425	0.978819444	28.27	0.00
43425.98924	43425	0.989236111	28.27	0.00
43425.99965	43425	0.999652778	28.27	0.00
43426.01007	43426	0.010069444	28.31	0.00
43426.02049	43426	0.020486111	28.27	0.00
43426.0309	43426	0.030902778	28.31	0.00
43426.04132	43426	0.041319444	28.35	0.00
43426.05174	43426	0.051736111	28.35	0.00
43426.06215	43426	0.062152778	28.35	0.00
43426.07257	43426	0.072569444	28.31	0.00
43426.08299	43426	0.082986111	28.35	0.00
43426.0934	43426	0.093402778	28.35	0.00
43426.10382	43426	0.103819444	28.35	0.00
43426.11424	43426	0.114236111	28.35	0.00
43426.12465	43426	0.124652778	28.35	0.00
43426.13507	43426	0.135069444	28.35	0.00
43426.14549	43426	0.145486111	28.35	0.00
43426.1559	43426	0.155902778	28.40	0.00
43426.16632	43426	0.166319444	28.40	0.00
43426.17674	43426	0.176736111	28.35	0.00
43426.18715	43426	0.187152778	28.35	0.00
43426.19757	43426	0.197569444	28.40	0.00
43426.20799	43426	0.207986111	28.40	0.00
43426.2184	43426	0.218402778	28.31	0.00
43426.22882	43426	0.228819444	28.35	0.00
43426.23924	43426	0.239236111	28.35	0.00
43426.24965	43426	0.249652778	28.40	0.00
43426.26007	43426	0.260069444	28.44	0.00
43426.27049	43426	0.270486111	28.40	0.00
43426.2809	43426	0.280902778	28.40	0.00
43426.29132	43426	0.291319444	33.12	27832.32
43426.30174	43426	0.301736111	35.30	16583.68
43426.31215	43426	0.312152778	32.77	14341.12
43426.32257	43426	0.322569444	35.05	29409.28
43426.33299	43426	0.332986111	39.77	28938.24
43426.3434	43426	0.343402778	38.22	7024.64
43426.35382	43426	0.353819444	33.16	5496.32
43426.36424	43426	0.364236111	31.14	7695.36
43426.37465	43426	0.374652778	30.80	3879.68
43426.38507	43426	0.385069444	31.87	6597.12
43426.39549	43426	0.395486111	31.74	10165.76
43426.4059	43426	0.405902778	28.87	3628.80
43426.41632	43426	0.416319444	28.65	4519.68
43426.42674	43426	0.426736111	28.70	6732.80
43426.43715	43426	0.437152778	28.78	10022.40
43426.44757	43426	0.447569444	28.83	8880.64
43426.45799	43426	0.457986111	28.95	9123.84
43426.4684	43426	0.468402778	29.08	8281.60
43426.47882	43426	0.478819444	29.21	7959.04
43426.48924	43426	0.489236111	29.26	7902.72
43426.49965	43426	0.499652778	29.30	8030.72
43426.51007	43426	0.510069444	29.34	8089.60
43426.52049	43426	0.520486111	29.30	8117.76
43426.5309	43426	0.530902778	29.38	7810.56
43426.54132	43426	0.541319444	29.47	8238.08
43426.55174	43426	0.551736111	29.47	7667.20
43426.56215	43426	0.562152778	29.47	7296.00
43426.57257	43426	0.572569444	29.56	7078.40
43426.58299	43426	0.582986111	29.51	6835.20
43426.5934	43426	0.593402778	29.56	6371.84
43426.60382	43426	0.603819444	29.56	6632.96
43426.61424	43426	0.614236111	29.56	6167.04
43426.62465	43426	0.624652778	29.56	5457.92
43426.63507	43426	0.635069444	29.51	4954.88
43426.64549	43426	0.645486111	29.51	4250.88
43426.6559	43426	0.655902778	29.60	4401.92
43426.66632	43426	0.666319444	29.51	835.84
43426.67674	43426	0.676736111	29.51	696.00
43426.68715	43426	0.687152778	29.34	456.96
43426.69757	43426	0.697569444	29.30	281.12
43426.70799	43426	0.707986111	29.21	281.12
43426.7184	43426	0.718402778	29.17	349.28
43426.72882	43426	0.728819444	29.08	494.40
43426.73924	43426	0.739236111	29.08	496.16
43426.74965	43426	0.749652778	29.08	416.32
43426.76007	43426	0.760069444	29.04	125.40
43426.77049	43426	0.770486111	29.00	23.23
43426.7809	43426	0.780902778	28.95	0.89
43426.79132	43426	0.791319444	28.95	0.00
43426.80174	43426	0.801736111	28.95	0.00
43426.81215	43426	0.812152778	28.91	0.00
43426.82257	43426	0.822569444	28.87	0.00
43426.83299	43426	0.832986111	28.87	0.00
43426.8434	43426	0.843402778	28.83	0.00
43426.85382	43426	0.853819444	28.74	0.00
43426.86424	43426	0.864236111	28.65	0.00
43426.87465	43426	0.874652778	28.61	0.00
43426.88507	43426	0.885069444	28.70	0.00
43426.89549	43426	0.895486111	28.61	0.00
43426.9059	43426	0.905902778	28.61	0.00
43426.91632	43426	0.916319444	28.61	0.00
43426.92674	43426	0.926736111	28.61	0.00
43426.93715	43426	0.937152778	28.57	0.00
43426.94757	43426	0.947569444	28.65	0.00
43426.95799	43426	0.957986111	28.61	0.00
43426.9684	43426	0.968402778	28.61	0.00
43426.97882	43426	0.978819444	28.65	0.00
43426.98924	43426	0.989236111	28.61	0.00
43426.99965	43426	0.999652778	28.57	0.00
43427.01007	43427	0.010069444	28.61	0.00
43427.02049	43427	0.020486111	28.65	0.00
43427.0309	43427	0.030902778	28.61	0.00
43427.04132	43427	0.041319444	28.57	0.00
43427.05174	43427	0.051736111	28.61	0.00
43427.06215	43427	0.062152778	28.61	0.00
43427.07257	43427	0.072569444	28.61	0.00
43427.08299	43427	0.082986111	28.57	0.00
43427.0934	43427	0.093402778	28.57	0.00
43427.10382	43427	0.103819444	28.57	0.00
43427.11424	43427	0.114236111	28.48	0.00
43427.12465	43427	0.124652778	28.48	0.00
43427.13507	43427	0.135069444	28.44	0.00
43427.14549	43427	0.145486111	28.44	0.00
43427.1559	43427	0.155902778	28.40	0.00
43427.16632	43427	0.166319444	28.31	0.00
43427.17674	43427	0.176736111	28.23	0.00
43427.18715	43427	0.187152778	28.31	0.00
43427.19757	43427	0.197569444	28.18	0.00
43427.20799	43427	0.207986111	28.18	0.00
43427.2184	43427	0.218402778	28.18	1.33
43427.22882	43427	0.228819444	28.18	18.77
43427.23924	43427	0.239236111	28.23	84.88
43427.24965	43427	0.249652778	28.27	242.72
43427.26007	43427	0.260069444	28.31	518.40
43427.27049	43427	0.270486111	28.35	600.96
43427.2809	43427	0.280902778	28.35	1627.52
43427.29132	43427	0.291319444	28.40	2396.80
43427.30174	43427	0.301736111	28.40	3296.00
43427.31215	43427	0.312152778	28.40	4236.80
43427.32257	43427	0.322569444	28.35	2887.68
43427.33299	43427	0.332986111	28.35	5619.20
43427.3434	43427	0.343402778	28.40	5624.32
43427.35382	43427	0.353819444	28.44	3877.12
43427.36424	43427	0.364236111	28.53	7575.04
43427.37465	43427	0.374652778	28.53	6471.68
43427.38507	43427	0.385069444	28.44	3104.00
43427.39549	43427	0.395486111	28.57	7142.40
43427.4059	43427	0.405902778	28.57	7367.68
43427.41632	43427	0.416319444	28.65	7275.52
43427.42674	43427	0.426736111	28.70	8217.60
43427.43715	43427	0.437152778	28.78	8752.64
43427.44757	43427	0.447569444	28.83	9008.64
43427.45799	43427	0.457986111	28.91	9075.20
43427.4684	43427	0.468402778	28.95	8931.84
43427.47882	43427	0.478819444	29.04	9738.24
43427.48924	43427	0.489236111	29.04	9774.08
43427.49965	43427	0.499652778	29.17	9359.36
43427.51007	43427	0.510069444	29.13	9088.00
43427.52049	43427	0.520486111	29.26	9195.52
43427.5309	43427	0.530902778	29.26	9231.36
43427.54132	43427	0.541319444	29.26	8737.28
43427.55174	43427	0.551736111	29.34	8724.48
43427.56215	43427	0.562152778	29.43	8545.28
43427.57257	43427	0.572569444	29.47	8230.40
43427.58299	43427	0.582986111	29.51	7703.04
43427.5934	43427	0.593402778	29.60	7347.20
43427.60382	43427	0.603819444	29.64	6817.28
43427.61424	43427	0.614236111	29.68	6200.32
43427.62465	43427	0.624652778	29.68	6008.32
43427.63507	43427	0.635069444	29.77	5416.96
43427.64549	43427	0.645486111	29.77	4904.96
43427.6559	43427	0.655902778	29.77	4540.16
43427.66632	43427	0.666319444	29.81	3769.60
43427.67674	43427	0.676736111	29.86	3249.92
43427.68715	43427	0.687152778	29.86	2735.36
43427.69757	43427	0.697569444	29.86	2352.64
43427.70799	43427	0.707986111	29.86	1761.28
43427.7184	43427	0.718402778	29.90	1426.56
43427.72882	43427	0.728819444	29.86	962.88
43427.73924	43427	0.739236111	29.81	756.80
43427.74965	43427	0.749652778	29.77	452.48
43427.76007	43427	0.760069444	29.73	240.08
43427.77049	43427	0.770486111	29.64	67.54
43427.7809	43427	0.780902778	29.56	5.35
43427.79132	43427	0.791319444	29.51	0.00
43427.80174	43427	0.801736111	29.51	0.00
43427.81215	43427	0.812152778	29.51	0.00
43427.82257	43427	0.822569444	29.43	0.00
43427.83299	43427	0.832986111	29.34	0.00
43427.8434	43427	0.843402778	29.30	0.00
43427.85382	43427	0.853819444	29.30	0.00
43427.86424	43427	0.864236111	29.21	0.00
43427.87465	43427	0.874652778	29.21	0.00
43427.88507	43427	0.885069444	29.17	0.00
43427.89549	43427	0.895486111	29.17	0.00
43427.9059	43427	0.905902778	29.13	0.00
43427.91632	43427	0.916319444	29.13	0.00
43427.92674	43427	0.926736111	29.17	0.00
43427.93715	43427	0.937152778	29.13	0.00
43427.94757	43427	0.947569444	29.13	0.00
43427.95799	43427	0.957986111	29.17	0.00
43427.9684	43427	0.968402778	29.26	0.00
43427.97882	43427	0.978819444	29.30	0.00
43427.98924	43427	0.989236111	29.30	0.00
43427.99965	43427	0.999652778	29.26	0.00
43428.01007	43428	0.010069444	29.26	0.00
43428.02049	43428	0.020486111	29.26	0.00
43428.0309	43428	0.030902778	29.26	0.00
43428.04132	43428	0.041319444	29.30	0.00
43428.05174	43428	0.051736111	29.26	0.00
43428.06215	43428	0.062152778	29.30	0.00
43428.07257	43428	0.072569444	29.26	0.00
43428.08299	43428	0.082986111	29.30	0.00
43428.0934	43428	0.093402778	29.30	0.00
43428.10382	43428	0.103819444	29.26	0.00
43428.11424	43428	0.114236111	29.26	0.00
43428.12465	43428	0.124652778	29.21	0.00
43428.13507	43428	0.135069444	29.21	0.00
43428.14549	43428	0.145486111	29.17	0.00
43428.1559	43428	0.155902778	29.13	0.00
43428.16632	43428	0.166319444	28.95	0.00
43428.17674	43428	0.176736111	29.00	0.00
43428.18715	43428	0.187152778	28.91	0.00
43428.19757	43428	0.197569444	28.95	0.00
43428.20799	43428	0.207986111	28.78	0.00
43428.2184	43428	0.218402778	28.83	11.15
43428.22882	43428	0.228819444	28.78	111.88
43428.23924	43428	0.239236111	28.91	333.28
43428.24965	43428	0.249652778	28.91	600.96
43428.26007	43428	0.260069444	28.91	1357.44
43428.27049	43428	0.270486111	29.04	2311.04
43428.2809	43428	0.280902778	29.04	2853.12
43428.29132	43428	0.291319444	29.08	4008.96
43428.30174	43428	0.301736111	29.08	2842.88
43428.31215	43428	0.312152778	29.17	5154.56
43428.32257	43428	0.322569444	29.17	4979.20
43428.33299	43428	0.332986111	29.13	5568.00
43428.3434	43428	0.343402778	29.13	5928.96
43428.35382	43428	0.353819444	29.17	6438.40
43428.36424	43428	0.364236111	29.26	6922.24
43428.37465	43428	0.374652778	29.26	7367.68
43428.38507	43428	0.385069444	29.26	7930.88
43428.39549	43428	0.395486111	29.34	8230.40
43428.4059	43428	0.405902778	29.34	8552.96
43428.41632	43428	0.416319444	29.38	8509.44
43428.42674	43428	0.426736111	29.43	8396.80
43428.43715	43428	0.437152778	29.47	8517.12
43428.44757	43428	0.447569444	29.47	8166.40
43428.45799	43428	0.457986111	29.51	7718.40
43428.4684	43428	0.468402778	29.60	8074.24
43428.47882	43428	0.478819444	29.60	8081.92
43428.48924	43428	0.489236111	29.64	7759.36
43428.49965	43428	0.499652778	29.64	7802.88
43428.51007	43428	0.510069444	29.68	7859.20
43428.52049	43428	0.520486111	29.68	7731.20
43428.5309	43428	0.530902778	29.73	7667.20
43428.54132	43428	0.541319444	29.77	7467.52
43428.55174	43428	0.551736111	29.81	7459.84
43428.56215	43428	0.562152778	29.77	7296.00
43428.57257	43428	0.572569444	29.81	6924.80
43428.58299	43428	0.582986111	29.86	6732.80
43428.5934	43428	0.593402778	29.86	6479.36
43428.60382	43428	0.603819444	29.90	6103.04
43428.61424	43428	0.614236111	29.94	5900.80
43428.62465	43428	0.624652778	29.94	5457.92
43428.63507	43428	0.635069444	29.98	5200.64
43428.64549	43428	0.645486111	29.98	4779.52
43428.6559	43428	0.655902778	30.03	4312.32
43428.66632	43428	0.666319444	30.07	3965.44
43428.67674	43428	0.676736111	30.16	3480.32
43428.68715	43428	0.687152778	30.16	3024.64
43428.69757	43428	0.697569444	30.20	2547.20
43428.70799	43428	0.707986111	30.20	2061.44
43428.7184	43428	0.718402778	30.24	1623.04
43428.72882	43428	0.728819444	30.33	1156.48
43428.73924	43428	0.739236111	30.20	738.88
43428.74965	43428	0.749652778	30.24	350.24
43428.76007	43428	0.760069444	30.24	118.12
43428.77049	43428	0.770486111	30.24	36.20
43428.7809	43428	0.780902778	30.20	5.35
43428.79132	43428	0.791319444	30.16	0.00
43428.80174	43428	0.801736111	30.07	0.00
43428.81215	43428	0.812152778	30.03	0.00
43428.82257	43428	0.822569444	30.03	0.00
43428.83299	43428	0.832986111	29.98	0.00
43428.8434	43428	0.843402778	29.98	0.00
43428.85382	43428	0.853819444	29.90	0.00
43428.86424	43428	0.864236111	29.90	0.00
43428.87465	43428	0.874652778	29.94	0.00
43428.88507	43428	0.885069444	30.07	0.00
43428.89549	43428	0.895486111	30.07	0.00
43428.9059	43428	0.905902778	30.03	0.00
43428.91632	43428	0.916319444	30.03	0.00
43428.92674	43428	0.926736111	29.98	0.00
43428.93715	43428	0.937152778	29.94	0.00
43428.94757	43428	0.947569444	29.81	0.00
43428.95799	43428	0.957986111	29.73	0.00
43428.9684	43428	0.968402778	29.68	0.00
43428.97882	43428	0.978819444	29.64	0.00
43428.98924	43428	0.989236111	29.60	0.00
43428.99965	43428	0.999652778	29.73	0.00
43429.01007	43429	0.010069444	30.03	0.00
43429.02049	43429	0.020486111	30.07	0.00
43429.0309	43429	0.030902778	30.07	0.00
43429.04132	43429	0.041319444	30.07	0.00
43429.05174	43429	0.051736111	29.98	0.00
43429.06215	43429	0.062152778	29.98	0.00
43429.07257	43429	0.072569444	29.94	0.00
43429.08299	43429	0.082986111	29.90	0.00
43429.0934	43429	0.093402778	29.86	0.00
43429.10382	43429	0.103819444	29.86	0.00
43429.11424	43429	0.114236111	29.81	0.00
43429.12465	43429	0.124652778	29.77	0.00
43429.13507	43429	0.135069444	29.73	0.00
43429.14549	43429	0.145486111	29.73	0.00
43429.1559	43429	0.155902778	29.64	0.00
43429.16632	43429	0.166319444	29.60	0.00
43429.17674	43429	0.176736111	29.64	0.00
43429.18715	43429	0.187152778	29.56	0.00
43429.19757	43429	0.197569444	29.56	0.00
43429.20799	43429	0.207986111	29.47	0.00
43429.2184	43429	0.218402778	29.51	7.36
43429.22882	43429	0.228819444	29.43	64.86
43429.23924	43429	0.239236111	29.38	210.40
43429.24965	43429	0.249652778	29.38	440.00
43429.26007	43429	0.260069444	29.43	846.40
43429.27049	43429	0.270486111	29.47	2145.28
43429.2809	43429	0.280902778	29.56	3301.12
43429.29132	43429	0.291319444	29.47	1767.68
43429.30174	43429	0.301736111	29.51	2684.16
43429.31215	43429	0.312152778	29.51	1600.00
43429.32257	43429	0.322569444	29.60	2359.68
43429.33299	43429	0.332986111	29.60	5504.00
43429.3434	43429	0.343402778	29.64	5396.48
43429.35382	43429	0.353819444	29.60	6348.80
43429.36424	43429	0.364236111	29.56	2726.40
43429.37465	43429	0.374652778	29.56	2327.68
43429.38507	43429	0.385069444	29.60	7631.36
43429.39549	43429	0.395486111	29.64	7902.72
43429.4059	43429	0.405902778	29.64	7559.68
43429.41632	43429	0.416319444	29.68	7767.04
43429.42674	43429	0.426736111	29.77	7767.04
43429.43715	43429	0.437152778	29.77	7703.04
43429.44757	43429	0.447569444	29.77	7567.36
43429.45799	43429	0.457986111	29.77	7388.16
43429.4684	43429	0.468402778	29.73	7104.00
43429.47882	43429	0.478819444	29.73	6868.48
43429.48924	43429	0.489236111	29.68	6282.24
43429.49965	43429	0.499652778	29.68	6210.56
43429.51007	43429	0.510069444	29.73	6085.12
43429.52049	43429	0.520486111	29.77	6036.48
43429.5309	43429	0.530902778	29.77	5936.64
43429.54132	43429	0.541319444	29.81	5831.68
43429.55174	43429	0.551736111	29.81	5729.28
43429.56215	43429	0.562152778	29.81	5706.24
43429.57257	43429	0.572569444	29.86	5629.44
43429.58299	43429	0.582986111	29.86	5501.44
43429.5934	43429	0.593402778	29.90	5324.80
43429.60382	43429	0.603819444	29.94	5190.40
43429.61424	43429	0.614236111	29.94	4883.20
43429.62465	43429	0.624652778	29.94	4480.00
43429.63507	43429	0.635069444	29.94	4147.20
43429.64549	43429	0.645486111	29.94	3837.44
43429.6559	43429	0.655902778	29.98	3540.48
43429.66632	43429	0.666319444	29.94	3217.92
43429.67674	43429	0.676736111	30.11	2792.96
43429.68715	43429	0.687152778	30.07	2036.48
43429.69757	43429	0.697569444	30.11	1230.72
43429.70799	43429	0.707986111	30.20	800.32
43429.7184	43429	0.718402778	30.16	735.36
43429.72882	43429	0.728819444	30.20	691.52
43429.73924	43429	0.739236111	30.20	429.60
43429.74965	43429	0.749652778	30.16	276.64
43429.76007	43429	0.760069444	30.16	154.04
43429.77049	43429	0.770486111	30.11	53.66
43429.7809	43429	0.780902778	30.03	7.58
43429.79132	43429	0.791319444	30.03	0.00
43429.80174	43429	0.801736111	29.98	0.00
43429.81215	43429	0.812152778	29.94	0.00
43429.82257	43429	0.822569444	29.98	0.00
43429.83299	43429	0.832986111	29.98	0.00
43429.8434	43429	0.843402778	29.98	0.00
43429.85382	43429	0.853819444	29.98	0.00
43429.86424	43429	0.864236111	29.94	0.00
43429.87465	43429	0.874652778	29.90	0.00
43429.88507	43429	0.885069444	29.90	0.00
43429.89549	43429	0.895486111	29.90	0.00
43429.9059	43429	0.905902778	29.90	0.00
43429.91632	43429	0.916319444	29.86	0.00
43429.92674	43429	0.926736111	29.86	0.00
43429.93715	43429	0.937152778	29.81	0.00
43429.94757	43429	0.947569444	29.77	0.00
43429.95799	43429	0.957986111	29.77	0.00
43429.9684	43429	0.968402778	29.81	0.00
43429.97882	43429	0.978819444	29.77	0.00
43429.98924	43429	0.989236111	29.77	0.00
43429.99965	43429	0.999652778	29.77	0.00
43430.01007	43430	0.010069444	29.90	0.00
43430.02049	43430	0.020486111	30.07	0.00
43430.0309	43430	0.030902778	30.11	0.00
43430.04132	43430	0.041319444	30.11	0.00
43430.05174	43430	0.051736111	30.16	0.00
43430.06215	43430	0.062152778	30.16	0.00
43430.07257	43430	0.072569444	30.20	0.00
43430.08299	43430	0.082986111	30.20	0.00
43430.0934	43430	0.093402778	30.20	0.00
43430.10382	43430	0.103819444	30.20	0.00
43430.11424	43430	0.114236111	30.20	0.00
43430.12465	43430	0.124652778	30.24	0.00
43430.13507	43430	0.135069444	30.24	0.00
43430.14549	43430	0.145486111	30.24	0.00
43430.1559	43430	0.155902778	30.20	0.00
43430.16632	43430	0.166319444	30.16	0.00
43430.17674	43430	0.176736111	30.16	0.00
43430.18715	43430	0.187152778	30.16	0.00
43430.19757	43430	0.197569444	30.11	0.00
43430.20799	43430	0.207986111	29.98	0.00
43430.2184	43430	0.218402778	29.98	7.36
43430.22882	43430	0.228819444	29.90	75.18
43430.23924	43430	0.239236111	29.94	293.84
43430.24965	43430	0.249652778	29.86	755.84
43430.26007	43430	0.260069444	29.90	1740.16
43430.27049	43430	0.270486111	29.90	2979.84
43430.2809	43430	0.280902778	29.94	4268.80
43430.29132	43430	0.291319444	29.98	5108.48
43430.30174	43430	0.301736111	29.98	5411.84
43430.31215	43430	0.312152778	30.03	5642.24
43430.32257	43430	0.322569444	30.07	5570.56
43430.33299	43430	0.332986111	30.11	8532.48
43430.3434	43430	0.343402778	30.16	8517.12
43430.35382	43430	0.353819444	30.11	8238.08
43430.36424	43430	0.364236111	30.16	7902.72
43430.37465	43430	0.374652778	30.16	7068.16
43430.38507	43430	0.385069444	30.20	7334.40
43430.39549	43430	0.395486111	30.24	7093.76
43430.4059	43430	0.405902778	30.24	6661.12
43430.41632	43430	0.416319444	30.24	6663.68
43430.42674	43430	0.426736111	30.24	6510.08
43430.43715	43430	0.437152778	30.28	6184.96
43430.44757	43430	0.447569444	30.24	6182.40
43430.45799	43430	0.457986111	30.28	5793.28
43430.4684	43430	0.468402778	30.28	5011.20
43430.47882	43430	0.478819444	30.28	4547.84
43430.48924	43430	0.489236111	30.28	5365.76
43430.49965	43430	0.499652778	30.24	5176.32
43430.51007	43430	0.510069444	30.28	5457.92
43430.52049	43430	0.520486111	30.28	5242.88
43430.5309	43430	0.530902778	30.28	5557.76
43430.54132	43430	0.541319444	30.28	5158.40
43430.55174	43430	0.551736111	30.28	5004.80
43430.56215	43430	0.562152778	30.33	4951.04
43430.57257	43430	0.572569444	30.37	5008.64
43430.58299	43430	0.582986111	30.41	4765.44
43430.5934	43430	0.593402778	30.41	4366.08
43430.60382	43430	0.603819444	30.41	4001.28
43430.61424	43430	0.614236111	30.41	3755.52
43430.62465	43430	0.624652778	30.46	3411.20
43430.63507	43430	0.635069444	30.50	3115.52
43430.64549	43430	0.645486111	30.50	2873.60
43430.6559	43430	0.655902778	30.50	2693.12
43430.66632	43430	0.666319444	30.54	2484.48
43430.67674	43430	0.676736111	30.54	2218.24
43430.68715	43430	0.687152778	30.59	1946.88
43430.69757	43430	0.697569444	30.59	1697.92
43430.70799	43430	0.707986111	30.63	1425.92
43430.7184	43430	0.718402778	30.67	1181.44
43430.72882	43430	0.728819444	30.71	921.28
43430.73924	43430	0.739236111	30.76	666.56
43430.74965	43430	0.749652778	30.84	431.52
43430.76007	43430	0.760069444	30.89	176.32
43430.77049	43430	0.770486111	31.01	75.18
43430.7809	43430	0.780902778	31.01	8.47
43430.79132	43430	0.791319444	31.01	0.00
43430.80174	43430	0.801736111	31.01	0.00
43430.81215	43430	0.812152778	30.97	0.00
43430.82257	43430	0.822569444	30.89	0.00
43430.83299	43430	0.832986111	30.89	0.00
43430.8434	43430	0.843402778	30.80	0.00
43430.85382	43430	0.853819444	30.76	0.00
43430.86424	43430	0.864236111	30.80	0.00
43430.87465	43430	0.874652778	30.80	0.00
43430.88507	43430	0.885069444	30.71	0.00
43430.89549	43430	0.895486111	30.71	0.00
43430.9059	43430	0.905902778	30.76	0.00
43430.91632	43430	0.916319444	30.67	0.00
43430.92674	43430	0.926736111	30.71	0.00
43430.93715	43430	0.937152778	30.71	0.00
43430.94757	43430	0.947569444	30.71	0.00
43430.95799	43430	0.957986111	30.71	0.00
43430.9684	43430	0.968402778	30.71	0.00
43430.97882	43430	0.978819444	30.76	0.00
43430.98924	43430	0.989236111	30.71	0.00
43430.99965	43430	0.999652778	30.67	0.00
43431.01007	43431	0.010069444	30.59	0.00
43431.02049	43431	0.020486111	30.54	0.00
43431.0309	43431	0.030902778	30.54	0.00
43431.04132	43431	0.041319444	30.59	0.00
43431.05174	43431	0.051736111	30.59	0.00
43431.06215	43431	0.062152778	30.63	0.00
43431.07257	43431	0.072569444	30.59	0.00
43431.08299	43431	0.082986111	30.54	0.00
43431.0934	43431	0.093402778	30.54	0.00
43431.10382	43431	0.103819444	30.54	0.00
43431.11424	43431	0.114236111	30.54	0.00
43431.12465	43431	0.124652778	30.50	0.00
43431.13507	43431	0.135069444	30.50	0.00
43431.14549	43431	0.145486111	30.46	0.00
43431.1559	43431	0.155902778	30.50	0.00
43431.16632	43431	0.166319444	30.46	0.00
43431.17674	43431	0.176736111	30.46	0.00
43431.18715	43431	0.187152778	30.41	0.00
43431.19757	43431	0.197569444	30.41	0.00
43431.20799	43431	0.207986111	30.37	0.00
43431.2184	43431	0.218402778	30.37	5.57
43431.22882	43431	0.228819444	30.33	68.50
43431.23924	43431	0.239236111	30.37	267.68
43431.24965	43431	0.249652778	30.37	710.40
43431.26007	43431	0.260069444	30.37	1555.20
43431.27049	43431	0.270486111	30.37	2122.24
43431.2809	43431	0.280902778	30.37	1281.60
43431.29132	43431	0.291319444	30.33	1353.60
43431.30174	43431	0.301736111	30.33	4793.60
43431.31215	43431	0.312152778	30.28	5050.88
43431.32257	43431	0.322569444	30.24	6643.20
43431.33299	43431	0.332986111	30.16	3413.76
43431.3434	43431	0.343402778	30.24	3225.60
43431.35382	43431	0.353819444	30.33	3622.40
43431.36424	43431	0.364236111	30.37	2391.68
43431.37465	43431	0.374652778	30.41	3893.76
43431.38507	43431	0.385069444	30.41	4222.72
43431.39549	43431	0.395486111	30.41	3690.24
43431.4059	43431	0.405902778	30.37	4097.28
43431.41632	43431	0.416319444	30.46	5253.12
43431.42674	43431	0.426736111	30.46	5186.56
43431.43715	43431	0.437152778	30.50	6904.32
43431.44757	43431	0.447569444	30.46	4318.72
43431.45799	43431	0.457986111	30.63	8181.76
43431.4684	43431	0.468402778	30.63	5136.64
43431.47882	43431	0.478819444	30.63	4040.96
43431.48924	43431	0.489236111	30.59	3608.32
43431.49965	43431	0.499652778	30.59	2575.36
43431.51007	43431	0.510069444	30.54	3136.00
43431.52049	43431	0.520486111	30.63	3168.00
43431.5309	43431	0.530902778	30.71	6103.04
43431.54132	43431	0.541319444	30.59	2066.56
43431.55174	43431	0.551736111	30.63	3325.44
43431.56215	43431	0.562152778	30.67	4040.96
43431.57257	43431	0.572569444	30.63	2273.92
43431.58299	43431	0.582986111	30.63	4298.24
43431.5934	43431	0.593402778	30.50	2043.52
43431.60382	43431	0.603819444	30.54	1904.64
43431.61424	43431	0.614236111	30.54	1667.20
43431.62465	43431	0.624652778	30.59	1672.96
43431.63507	43431	0.635069444	30.59	1415.04
43431.64549	43431	0.645486111	30.54	1253.76
43431.6559	43431	0.655902778	30.54	1122.56
43431.66632	43431	0.666319444	30.59	1147.52
43431.67674	43431	0.676736111	30.59	1726.72
43431.68715	43431	0.687152778	30.63	1749.12
43431.69757	43431	0.697569444	30.63	1509.76
43431.70799	43431	0.707986111	30.54	1128.96
43431.7184	43431	0.718402778	30.54	556.80
43431.72882	43431	0.728819444	30.50	376.96
43431.73924	43431	0.739236111	30.59	250.80
43431.74965	43431	0.749652778	30.59	145.00
43431.76007	43431	0.760069444	30.54	98.40
43431.77049	43431	0.770486111	30.63	36.64
43431.7809	43431	0.780902778	30.67	2.67
43431.79132	43431	0.791319444	30.71	0.00
43431.80174	43431	0.801736111	30.76	0.00
43431.81215	43431	0.812152778	30.76	0.00
43431.82257	43431	0.822569444	30.71	0.00
43431.83299	43431	0.832986111	30.71	0.00
43431.8434	43431	0.843402778	30.71	0.00
43431.85382	43431	0.853819444	30.76	0.00
43431.86424	43431	0.864236111	30.67	0.00
43431.87465	43431	0.874652778	30.71	0.00
43431.88507	43431	0.885069444	30.67	0.00
43431.89549	43431	0.895486111	30.63	0.00
43431.9059	43431	0.905902778	30.63	0.00
43431.91632	43431	0.916319444	30.63	0.00
43431.92674	43431	0.926736111	30.54	0.00
43431.93715	43431	0.937152778	30.59	0.00
43431.94757	43431	0.947569444	30.59	0.00
43431.95799	43431	0.957986111	30.59	0.00
43431.9684	43431	0.968402778	30.54	0.00
43431.97882	43431	0.978819444	30.50	0.00
43431.98924	43431	0.989236111	30.50	0.00
43431.99965	43431	0.999652778	30.50	0.00
43432.01007	43432	0.010069444	30.46	0.00
43432.02049	43432	0.020486111	30.46	0.00
43432.0309	43432	0.030902778	30.46	0.00
43432.04132	43432	0.041319444	30.50	0.00
43432.05174	43432	0.051736111	30.50	0.00
43432.06215	43432	0.062152778	30.50	0.00
43432.07257	43432	0.072569444	30.46	0.00
43432.08299	43432	0.082986111	30.54	0.00
43432.0934	43432	0.093402778	30.54	0.00
43432.10382	43432	0.103819444	30.50	0.00
43432.11424	43432	0.114236111	30.54	0.00
43432.12465	43432	0.124652778	30.50	0.00
43432.13507	43432	0.135069444	30.59	0.00
43432.14549	43432	0.145486111	30.54	0.00
43432.1559	43432	0.155902778	30.50	0.00
43432.16632	43432	0.166319444	30.46	0.00
43432.17674	43432	0.176736111	30.46	0.00
43432.18715	43432	0.187152778	30.46	0.00
43432.19757	43432	0.197569444	30.50	0.00
43432.20799	43432	0.207986111	30.46	0.00
43432.2184	43432	0.218402778	30.41	6.02
43432.22882	43432	0.228819444	30.41	63.08
43432.23924	43432	0.239236111	30.41	251.68
43432.24965	43432	0.249652778	30.46	546.08
43432.26007	43432	0.260069444	30.46	942.40
43432.27049	43432	0.270486111	30.41	1409.92
43432.2809	43432	0.280902778	30.50	2043.52
43432.29132	43432	0.291319444	30.46	2334.72
43432.30174	43432	0.301736111	30.46	2968.32
43432.31215	43432	0.312152778	30.50	3408.64
43432.32257	43432	0.322569444	30.54	4394.24
43432.33299	43432	0.332986111	30.59	6300.16
43432.3434	43432	0.343402778	30.67	6922.24
43432.35382	43432	0.353819444	30.67	3171.84
43432.36424	43432	0.364236111	30.80	10273.28
43432.37465	43432	0.374652778	30.76	6100.48
43432.38507	43432	0.385069444	30.80	9651.20
43432.39549	43432	0.395486111	30.89	9259.52
43432.4059	43432	0.405902778	30.89	8724.48
43432.41632	43432	0.416319444	30.89	8161.28
43432.42674	43432	0.426736111	30.89	7938.56
43432.43715	43432	0.437152778	30.93	8125.44
43432.44757	43432	0.447569444	30.97	8174.08
43432.45799	43432	0.457986111	30.93	5990.40
43432.4684	43432	0.468402778	30.93	5486.08
43432.47882	43432	0.478819444	30.97	6110.72
43432.48924	43432	0.489236111	30.93	4058.88
43432.49965	43432	0.499652778	31.01	3546.88
43432.51007	43432	0.510069444	31.10	5150.72
43432.52049	43432	0.520486111	31.01	3797.76
43432.5309	43432	0.530902778	31.01	2131.20
43432.54132	43432	0.541319444	30.97	3708.16
43432.55174	43432	0.551736111	30.93	3366.40
43432.56215	43432	0.562152778	30.97	6320.64
43432.57257	43432	0.572569444	30.93	4047.36
43432.58299	43432	0.582986111	30.93	3961.60
43432.5934	43432	0.593402778	30.89	1548.80
43432.60382	43432	0.603819444	30.84	586.24
43432.61424	43432	0.614236111	30.89	19.21
43432.62465	43432	0.624652778	30.89	49.20
43432.63507	43432	0.635069444	30.89	468.00
43432.64549	43432	0.645486111	30.93	904.32
43432.6559	43432	0.655902778	30.93	722.88
43432.66632	43432	0.666319444	30.89	185.28
43432.67674	43432	0.676736111	30.89	45.62
43432.68715	43432	0.687152778	30.84	68.44
43432.69757	43432	0.697569444	30.84	206.80
43432.70799	43432	0.707986111	30.89	376.16
43432.7184	43432	0.718402778	30.80	170.96
43432.72882	43432	0.728819444	30.80	70.22
43432.73924	43432	0.739236111	30.80	45.18
43432.74965	43432	0.749652778	30.80	38.43
43432.76007	43432	0.760069444	30.71	15.39
43432.77049	43432	0.770486111	30.76	3.12
43432.7809	43432	0.780902778	30.76	0.00
43432.79132	43432	0.791319444	30.71	0.00
43432.80174	43432	0.801736111	30.76	0.00
43432.81215	43432	0.812152778	30.76	0.00
43432.82257	43432	0.822569444	30.76	0.00
43432.83299	43432	0.832986111	30.67	0.00
43432.8434	43432	0.843402778	30.67	0.00
43432.85382	43432	0.853819444	30.67	0.00
43432.86424	43432	0.864236111	30.67	0.00
43432.87465	43432	0.874652778	30.67	0.00
43432.88507	43432	0.885069444	30.63	0.00
43432.89549	43432	0.895486111	30.59	0.00
43432.9059	43432	0.905902778	30.54	0.00
43432.91632	43432	0.916319444	30.54	0.00
43432.92674	43432	0.926736111	30.54	0.00
43432.93715	43432	0.937152778	30.50	0.00
43432.94757	43432	0.947569444	30.46	0.00
43432.95799	43432	0.957986111	30.37	0.00
43432.9684	43432	0.968402778	30.46	0.00
43432.97882	43432	0.978819444	30.46	0.00
43432.98924	43432	0.989236111	30.41	0.00
43432.99965	43432	0.999652778	30.33	0.00
43433.01007	43433	0.010069444	30.37	0.00
43433.02049	43433	0.020486111	30.37	0.00
43433.0309	43433	0.030902778	30.41	0.00
43433.04132	43433	0.041319444	30.41	0.00
43433.05174	43433	0.051736111	30.37	0.00
43433.06215	43433	0.062152778	30.37	0.00
43433.07257	43433	0.072569444	30.37	0.00
43433.08299	43433	0.082986111	30.33	0.00
43433.0934	43433	0.093402778	30.28	0.00
43433.10382	43433	0.103819444	30.28	0.00
43433.11424	43433	0.114236111	30.28	0.00
43433.12465	43433	0.124652778	30.28	0.00
43433.13507	43433	0.135069444	30.24	0.00
43433.14549	43433	0.145486111	30.24	0.00
43433.1559	43433	0.155902778	30.24	0.00
43433.16632	43433	0.166319444	30.24	0.00
43433.17674	43433	0.176736111	30.20	0.00
43433.18715	43433	0.187152778	30.24	0.00
43433.19757	43433	0.197569444	30.20	0.00
43433.20799	43433	0.207986111	30.24	0.00
43433.2184	43433	0.218402778	30.24	5.35
43433.22882	43433	0.228819444	30.28	66.66
43433.23924	43433	0.239236111	30.24	231.76
43433.24965	43433	0.249652778	30.24	524.80
43433.26007	43433	0.260069444	30.33	956.48
43433.27049	43433	0.270486111	30.28	1544.96
43433.2809	43433	0.280902778	30.37	2266.88
43433.29132	43433	0.291319444	30.33	3194.88
43433.30174	43433	0.301736111	30.41	3665.92
43433.31215	43433	0.312152778	30.41	4590.08
43433.32257	43433	0.322569444	30.46	5529.60
43433.33299	43433	0.332986111	30.46	7132.16
43433.3434	43433	0.343402778	30.50	7331.84
43433.35382	43433	0.353819444	30.46	8017.92
43433.36424	43433	0.364236111	30.50	9587.20
43433.37465	43433	0.374652778	30.54	10280.96
43433.38507	43433	0.385069444	30.54	10572.80
43433.39549	43433	0.395486111	30.59	11238.40
43433.4059	43433	0.405902778	30.63	10516.48
43433.41632	43433	0.416319444	30.63	10408.96
43433.42674	43433	0.426736111	30.67	10649.60
43433.43715	43433	0.437152778	30.67	9781.76
43433.44757	43433	0.447569444	30.67	9651.20
43433.45799	43433	0.457986111	30.80	9594.88
43433.4684	43433	0.468402778	30.80	8960.00
43433.47882	43433	0.478819444	30.84	8601.60
43433.48924	43433	0.489236111	30.84	8117.76
43433.49965	43433	0.499652778	30.84	7774.72
43433.51007	43433	0.510069444	30.89	7334.40
43433.52049	43433	0.520486111	30.84	6922.24
43433.5309	43433	0.530902778	30.89	6149.12
43433.54132	43433	0.541319444	30.84	5857.28
43433.55174	43433	0.551736111	30.84	5457.92
43433.56215	43433	0.562152778	30.89	5236.48
43433.57257	43433	0.572569444	30.84	5248.00
43433.58299	43433	0.582986111	30.89	4725.76
43433.5934	43433	0.593402778	30.97	4144.64
43433.60382	43433	0.603819444	30.93	3983.36
43433.61424	43433	0.614236111	30.93	3658.24
43433.62465	43433	0.624652778	30.97	3055.36
43433.63507	43433	0.635069444	31.01	2602.24
43433.64549	43433	0.645486111	31.06	2613.12
43433.6559	43433	0.655902778	31.06	2565.12
43433.66632	43433	0.666319444	31.14	2204.16
43433.67674	43433	0.676736111	31.10	961.92
43433.68715	43433	0.687152778	31.10	1118.08
43433.69757	43433	0.697569444	31.10	1265.60
43433.70799	43433	0.707986111	31.10	748.80
43433.7184	43433	0.718402778	31.06	948.16
43433.72882	43433	0.728819444	31.01	611.68
43433.73924	43433	0.739236111	31.01	435.04
43433.74965	43433	0.749652778	30.93	360.96
43433.76007	43433	0.760069444	30.89	300.96
43433.77049	43433	0.770486111	30.89	91.12
43433.7809	43433	0.780902778	30.84	9.59
43433.79132	43433	0.791319444	30.80	0.00
43433.80174	43433	0.801736111	30.80	0.00
43433.81215	43433	0.812152778	30.80	0.00
43433.82257	43433	0.822569444	30.71	0.00
43433.83299	43433	0.832986111	30.71	0.00
43433.8434	43433	0.843402778	30.71	0.00
43433.85382	43433	0.853819444	30.76	0.00
43433.86424	43433	0.864236111	30.71	0.00
43433.87465	43433	0.874652778	30.76	0.00
43433.88507	43433	0.885069444	30.71	0.00
43433.89549	43433	0.895486111	30.71	0.00
43433.9059	43433	0.905902778	30.71	0.00
43433.91632	43433	0.916319444	30.71	0.00
43433.92674	43433	0.926736111	30.67	0.00
43433.93715	43433	0.937152778	30.67	0.00
43433.94757	43433	0.947569444	30.63	0.00
43433.95799	43433	0.957986111	30.59	0.00
43433.9684	43433	0.968402778	30.50	0.00
43433.97882	43433	0.978819444	30.46	0.00
43433.98924	43433	0.989236111	30.50	0.00
43433.99965	43433	0.999652778	30.46	0.00
43434.01007	43434	0.010069444	30.37	0.00
43434.02049	43434	0.020486111	30.33	0.00
43434.0309	43434	0.030902778	30.33	0.00
43434.04132	43434	0.041319444	30.33	0.00
43434.05174	43434	0.051736111	30.28	0.00
43434.06215	43434	0.062152778	30.28	0.00
43434.07257	43434	0.072569444	30.28	0.00
43434.08299	43434	0.082986111	30.28	0.00
43434.0934	43434	0.093402778	30.28	0.00
43434.10382	43434	0.103819444	30.24	0.00
43434.11424	43434	0.114236111	30.20	0.00
43434.12465	43434	0.124652778	30.28	0.00
43434.13507	43434	0.135069444	30.24	0.00
43434.14549	43434	0.145486111	30.28	0.00
43434.1559	43434	0.155902778	30.28	0.00
43434.16632	43434	0.166319444	30.28	0.00
43434.17674	43434	0.176736111	30.28	0.00
43434.18715	43434	0.187152778	30.28	0.00
43434.19757	43434	0.197569444	30.24	0.00
43434.20799	43434	0.207986111	30.24	0.00
43434.2184	43434	0.218402778	30.28	2.67
43434.22882	43434	0.228819444	30.28	37.98
43434.23924	43434	0.239236111	30.24	180.80
43434.24965	43434	0.249652778	30.28	453.28
43434.26007	43434	0.260069444	30.24	610.88
43434.27049	43434	0.270486111	30.24	1004.80
43434.2809	43434	0.280902778	30.24	2107.52
43434.29132	43434	0.291319444	30.28	2486.40
43434.30174	43434	0.301736111	30.28	2814.72
43434.31215	43434	0.312152778	30.28	3312.64
43434.32257	43434	0.322569444	30.33	4858.88
43434.33299	43434	0.332986111	30.41	5511.68
43434.3434	43434	0.343402778	30.46	6760.96
43434.35382	43434	0.353819444	30.50	7234.56
43434.36424	43434	0.364236111	30.54	8309.76
43434.37465	43434	0.374652778	30.54	8808.96
43434.38507	43434	0.385069444	30.63	9717.76
43434.39549	43434	0.395486111	30.71	10088.96
43434.4059	43434	0.405902778	30.67	10193.92
43434.41632	43434	0.416319444	30.84	11837.44
43434.42674	43434	0.426736111	30.80	10388.48
43434.43715	43434	0.437152778	30.89	10280.96
43434.44757	43434	0.447569444	30.93	10030.08
43434.45799	43434	0.457986111	30.97	10030.08
43434.4684	43434	0.468402778	31.01	9651.20
43434.47882	43434	0.478819444	31.01	9052.16
43434.48924	43434	0.489236111	31.10	8524.80
43434.49965	43434	0.499652778	31.14	8074.24
43434.51007	43434	0.510069444	31.14	7818.24
43434.52049	43434	0.520486111	31.14	7347.20
43434.5309	43434	0.530902778	31.14	6561.28
43434.54132	43434	0.541319444	31.19	6208.00
43434.55174	43434	0.551736111	31.19	5959.68
43434.56215	43434	0.562152778	31.19	5506.56
43434.57257	43434	0.572569444	31.19	5312.00
43434.58299	43434	0.582986111	31.23	4904.96
43434.5934	43434	0.593402778	31.23	4579.84
43434.60382	43434	0.603819444	31.19	4266.24
43434.61424	43434	0.614236111	31.19	3909.12
43434.62465	43434	0.624652778	31.23	3590.40
43434.63507	43434	0.635069444	31.19	3230.72
43434.64549	43434	0.645486111	31.19	2906.88
43434.6559	43434	0.655902778	31.19	2708.48
43434.66632	43434	0.666319444	31.19	2359.68
43434.67674	43434	0.676736111	31.19	2079.36
43434.68715	43434	0.687152778	31.14	1808.64
43434.69757	43434	0.697569444	31.19	1480.32
43434.70799	43434	0.707986111	31.19	1258.24
43434.7184	43434	0.718402778	31.19	983.36
43434.72882	43434	0.728819444	31.19	770.24
43434.73924	43434	0.739236111	31.14	529.12
43434.74965	43434	0.749652778	31.14	339.36
43434.76007	43434	0.760069444	31.10	189.84
43434.77049	43434	0.770486111	31.10	70.22
43434.7809	43434	0.780902778	31.10	14.05
43434.79132	43434	0.791319444	31.10	0.00
43434.80174	43434	0.801736111	31.01	0.00
43434.81215	43434	0.812152778	31.06	0.00
43434.82257	43434	0.822569444	31.01	0.00
43434.83299	43434	0.832986111	31.01	0.00
43434.8434	43434	0.843402778	30.97	0.00
43434.85382	43434	0.853819444	30.97	0.00
43434.86424	43434	0.864236111	31.01	0.00
43434.87465	43434	0.874652778	30.97	0.00
43434.88507	43434	0.885069444	31.01	0.00
43434.89549	43434	0.895486111	31.01	0.00
43434.9059	43434	0.905902778	31.06	0.00
43434.91632	43434	0.916319444	31.01	0.00
43434.92674	43434	0.926736111	31.01	0.00
43434.93715	43434	0.937152778	30.97	0.00
43434.94757	43434	0.947569444	30.97	0.00
43434.95799	43434	0.957986111	30.93	0.00
43434.9684	43434	0.968402778	30.97	0.00
43434.97882	43434	0.978819444	30.93	0.00
43434.98924	43434	0.989236111	30.89	0.00
43434.99965	43434	0.999652778	30.84	0.00
43435.01007	43435	0.010069444	30.76	0.00
43435.02049	43435	0.020486111	30.67	0.00
43435.0309	43435	0.030902778	30.67	0.00
43435.04132	43435	0.041319444	30.59	0.00
43435.05174	43435	0.051736111	30.59	0.00
43435.06215	43435	0.062152778	30.67	0.00
43435.07257	43435	0.072569444	30.67	0.00
43435.08299	43435	0.082986111	30.71	0.00
43435.0934	43435	0.093402778	30.71	0.00
43435.10382	43435	0.103819444	30.71	0.00
43435.11424	43435	0.114236111	30.63	0.00
43435.12465	43435	0.124652778	30.67	0.00
43435.13507	43435	0.135069444	30.59	0.00
43435.14549	43435	0.145486111	30.46	0.00
43435.1559	43435	0.155902778	30.54	0.00
43435.16632	43435	0.166319444	30.46	0.00
43435.17674	43435	0.176736111	30.50	0.00
43435.18715	43435	0.187152778	30.54	0.00
43435.19757	43435	0.197569444	30.54	0.00
43435.20799	43435	0.207986111	30.50	0.00
43435.2184	43435	0.218402778	30.46	3.57
43435.22882	43435	0.228819444	30.46	42.44
43435.23924	43435	0.239236111	30.46	154.84
43435.24965	43435	0.249652778	30.46	282.88
43435.26007	43435	0.260069444	30.54	596.64
43435.27049	43435	0.270486111	30.50	932.16
43435.2809	43435	0.280902778	30.50	1220.80
43435.29132	43435	0.291319444	30.50	1815.68
43435.30174	43435	0.301736111	30.50	2685.44
43435.31215	43435	0.312152778	30.59	3540.48
43435.32257	43435	0.322569444	30.59	3751.68
43435.33299	43435	0.332986111	30.54	4334.08
43435.3434	43435	0.343402778	30.63	5388.80
43435.35382	43435	0.353819444	30.67	6090.24
43435.36424	43435	0.364236111	30.71	7024.64
43435.37465	43435	0.374652778	30.76	8174.08
43435.38507	43435	0.385069444	30.80	8424.96
43435.39549	43435	0.395486111	30.89	8916.48
43435.4059	43435	0.405902778	30.93	9280.00
43435.41632	43435	0.416319444	31.01	9059.84
43435.42674	43435	0.426736111	31.01	9615.36
43435.43715	43435	0.437152778	31.06	9167.36
43435.44757	43435	0.447569444	31.10	9410.56
43435.45799	43435	0.457986111	31.19	9044.48
43435.4684	43435	0.468402778	31.27	8852.48
43435.47882	43435	0.478819444	31.27	8773.12
43435.48924	43435	0.489236111	31.27	8465.92
43435.49965	43435	0.499652778	31.31	8010.24
43435.51007	43435	0.510069444	31.31	8074.24
43435.52049	43435	0.520486111	31.40	7695.36
43435.5309	43435	0.530902778	31.40	6991.36
43435.54132	43435	0.541319444	31.40	6850.56
43435.55174	43435	0.551736111	31.49	6374.40
43435.56215	43435	0.562152778	31.44	5890.56
43435.57257	43435	0.572569444	31.40	5642.24
43435.58299	43435	0.582986111	31.40	5108.48
43435.5934	43435	0.593402778	31.44	4743.68
43435.60382	43435	0.603819444	31.40	4290.56
43435.61424	43435	0.614236111	31.44	4165.12
43435.62465	43435	0.624652778	31.44	3605.76
43435.63507	43435	0.635069444	31.44	3417.60
43435.64549	43435	0.645486111	31.40	3165.44
43435.6559	43435	0.655902778	31.44	2656.00
43435.66632	43435	0.666319444	31.49	2341.76
43435.67674	43435	0.676736111	31.53	1979.52
43435.68715	43435	0.687152778	31.57	1708.16
43435.69757	43435	0.697569444	31.57	1457.28
43435.70799	43435	0.707986111	31.57	1172.48
43435.7184	43435	0.718402778	31.57	929.28
43435.72882	43435	0.728819444	31.57	734.72
43435.73924	43435	0.739236111	31.53	524.80
43435.74965	43435	0.749652778	31.53	330.40
43435.76007	43435	0.760069444	31.49	199.68
43435.77049	43435	0.770486111	31.49	80.98
43435.7809	43435	0.780902778	31.44	14.50
43435.79132	43435	0.791319444	31.49	0.00
43435.80174	43435	0.801736111	31.44	0.00
43435.81215	43435	0.812152778	31.44	0.00
43435.82257	43435	0.822569444	31.40	0.00
43435.83299	43435	0.832986111	31.40	0.00
43435.8434	43435	0.843402778	31.44	0.00
43435.85382	43435	0.853819444	31.44	0.00
43435.86424	43435	0.864236111	31.40	0.00
43435.87465	43435	0.874652778	31.40	0.00
43435.88507	43435	0.885069444	31.40	0.00
43435.89549	43435	0.895486111	31.36	0.00
43435.9059	43435	0.905902778	31.40	0.00
43435.91632	43435	0.916319444	31.40	0.00
43435.92674	43435	0.926736111	31.40	0.00
43435.93715	43435	0.937152778	31.44	0.00
43435.94757	43435	0.947569444	31.49	0.00
43435.95799	43435	0.957986111	31.44	0.00
43435.9684	43435	0.968402778	31.44	0.00
43435.97882	43435	0.978819444	31.44	0.00
43435.98924	43435	0.989236111	31.40	0.00
43435.99965	43435	0.999652778	31.44	0.00
43436.01007	43436	0.010069444	31.40	0.00
43436.02049	43436	0.020486111	31.36	0.00
43436.0309	43436	0.030902778	31.40	0.00
43436.04132	43436	0.041319444	31.36	0.00
43436.05174	43436	0.051736111	31.36	0.00
43436.06215	43436	0.062152778	31.27	0.00
43436.07257	43436	0.072569444	31.23	0.00
43436.08299	43436	0.082986111	31.19	0.00
43436.0934	43436	0.093402778	31.14	0.00
43436.10382	43436	0.103819444	31.14	0.00
43436.11424	43436	0.114236111	31.14	0.00
43436.12465	43436	0.124652778	31.14	0.00
43436.13507	43436	0.135069444	31.10	0.00
43436.14549	43436	0.145486111	30.97	0.00
43436.1559	43436	0.155902778	30.89	0.00
43436.16632	43436	0.166319444	30.93	0.00
43436.17674	43436	0.176736111	30.93	0.00
43436.18715	43436	0.187152778	30.93	0.00
43436.19757	43436	0.197569444	30.93	0.00
43436.20799	43436	0.207986111	30.89	0.00
43436.2184	43436	0.218402778	30.93	2.45
43436.22882	43436	0.228819444	30.93	29.45
43436.23924	43436	0.239236111	30.89	101.04
43436.24965	43436	0.249652778	30.93	198.80
43436.26007	43436	0.260069444	30.89	311.68
43436.27049	43436	0.270486111	30.93	644.80
43436.2809	43436	0.280902778	30.84	853.44
43436.29132	43436	0.291319444	30.93	1312.64
43436.30174	43436	0.301736111	30.93	1721.60
43436.31215	43436	0.312152778	30.97	2063.36
43436.32257	43436	0.322569444	30.93	3023.36
43436.33299	43436	0.332986111	30.97	3453.44
43436.3434	43436	0.343402778	31.01	4208.64
43436.35382	43436	0.353819444	31.06	5332.48
43436.36424	43436	0.364236111	31.10	5637.12
43436.37465	43436	0.374652778	31.14	6840.32
43436.38507	43436	0.385069444	31.23	7774.72
43436.39549	43436	0.395486111	31.27	7831.04
43436.4059	43436	0.405902778	31.36	8253.44
43436.41632	43436	0.416319444	31.44	8317.44
43436.42674	43436	0.426736111	31.44	8588.80
43436.43715	43436	0.437152778	31.53	8230.40
43436.44757	43436	0.447569444	31.57	8465.92
43436.45799	43436	0.457986111	31.66	8217.60
43436.4684	43436	0.468402778	31.70	7838.72
43436.47882	43436	0.478819444	31.74	8125.44
43436.48924	43436	0.489236111	31.79	7774.72
43436.49965	43436	0.499652778	31.83	7447.04
43436.51007	43436	0.510069444	31.87	7004.16
43436.52049	43436	0.520486111	31.96	6942.72
43436.5309	43436	0.530902778	31.92	6625.28
43436.54132	43436	0.541319444	32.00	6279.68
43436.55174	43436	0.551736111	32.00	5941.76
43436.56215	43436	0.562152778	32.00	5596.16
43436.57257	43436	0.572569444	32.00	5122.56
43436.58299	43436	0.582986111	32.00	4640.00
43436.5934	43436	0.593402778	32.00	4348.16
43436.60382	43436	0.603819444	32.04	3847.68
43436.61424	43436	0.614236111	32.00	3571.20
43436.62465	43436	0.624652778	31.96	3022.08
43436.63507	43436	0.635069444	32.00	2712.32
43436.64549	43436	0.645486111	31.96	2282.88
43436.6559	43436	0.655902778	31.92	1961.60
43436.66632	43436	0.666319444	31.92	1671.68
43436.67674	43436	0.676736111	32.04	1500.16
43436.68715	43436	0.687152778	31.96	1278.08
43436.69757	43436	0.697569444	31.87	1031.68
43436.70799	43436	0.707986111	31.83	826.24
43436.7184	43436	0.718402778	31.87	625.12
43436.72882	43436	0.728819444	31.83	448.48
43436.73924	43436	0.739236111	31.87	322.40
43436.74965	43436	0.749652778	31.92	197.84
43436.76007	43436	0.760069444	31.96	109.08
43436.77049	43436	0.770486111	31.96	47.40
43436.7809	43436	0.780902778	31.92	11.15
43436.79132	43436	0.791319444	31.92	0.00
43436.80174	43436	0.801736111	31.92	0.00
43436.81215	43436	0.812152778	32.00	0.00
43436.82257	43436	0.822569444	32.04	0.00
43436.83299	43436	0.832986111	32.00	0.00
43436.8434	43436	0.843402778	32.00	0.00
43436.85382	43436	0.853819444	32.00	0.00
43436.86424	43436	0.864236111	32.04	0.00
43436.87465	43436	0.874652778	31.96	0.00
43436.88507	43436	0.885069444	31.96	0.00
43436.89549	43436	0.895486111	31.96	0.00
43436.9059	43436	0.905902778	31.96	0.00
43436.91632	43436	0.916319444	31.87	0.00
43436.92674	43436	0.926736111	31.92	0.00
43436.93715	43436	0.937152778	31.92	0.00
43436.94757	43436	0.947569444	31.92	0.00
43436.95799	43436	0.957986111	31.87	0.00
43436.9684	43436	0.968402778	31.92	0.00
43436.97882	43436	0.978819444	31.87	0.00
43436.98924	43436	0.989236111	31.87	0.00
43436.99965	43436	0.999652778	31.83	0.00
43437.01007	43437	0.010069444	31.74	0.00
43437.02049	43437	0.020486111	31.70	0.00
43437.0309	43437	0.030902778	31.66	0.00
43437.04132	43437	0.041319444	31.49	0.00
43437.05174	43437	0.051736111	31.44	0.00
43437.06215	43437	0.062152778	31.49	0.00
43437.07257	43437	0.072569444	31.31	0.00
43437.08299	43437	0.082986111	31.36	0.00
43437.0934	43437	0.093402778	31.23	0.00
43437.10382	43437	0.103819444	31.10	0.00
43437.11424	43437	0.114236111	31.10	0.00
43437.12465	43437	0.124652778	31.19	0.00
43437.13507	43437	0.135069444	31.10	0.00
43437.14549	43437	0.145486111	31.19	0.00
43437.1559	43437	0.155902778	31.36	0.00
43437.16632	43437	0.166319444	31.49	0.00
43437.17674	43437	0.176736111	31.49	0.00
43437.18715	43437	0.187152778	31.44	0.00
43437.19757	43437	0.197569444	31.49	0.00
43437.20799	43437	0.207986111	31.49	0.00
43437.2184	43437	0.218402778	31.44	2.67
43437.22882	43437	0.228819444	31.40	36.20
43437.23924	43437	0.239236111	31.40	127.96
43437.24965	43437	0.249652778	31.44	298.08
43437.26007	43437	0.260069444	31.40	506.88
43437.27049	43437	0.270486111	31.31	1075.20
43437.2809	43437	0.280902778	31.27	800.32
43437.29132	43437	0.291319444	31.19	854.40
43437.30174	43437	0.301736111	31.19	3036.16
43437.31215	43437	0.312152778	31.14	3801.60
43437.32257	43437	0.322569444	31.14	3546.88
43437.33299	43437	0.332986111	31.10	1735.68
43437.3434	43437	0.343402778	31.14	6220.80
43437.35382	43437	0.353819444	31.19	7539.20
43437.36424	43437	0.364236111	31.27	7334.40
43437.37465	43437	0.374652778	31.31	7260.16
43437.38507	43437	0.385069444	31.40	7866.88
43437.39549	43437	0.395486111	31.49	8345.60
43437.4059	43437	0.405902778	31.57	8501.76
43437.41632	43437	0.416319444	31.61	8581.12
43437.42674	43437	0.426736111	31.70	8360.96
43437.43715	43437	0.437152778	31.74	7838.72
43437.44757	43437	0.447569444	31.79	7946.24
43437.45799	43437	0.457986111	31.83	7938.56
43437.4684	43437	0.468402778	31.83	6609.92
43437.47882	43437	0.478819444	31.87	6704.64
43437.48924	43437	0.489236111	31.92	6804.48
43437.49965	43437	0.499652778	31.96	6750.72
43437.51007	43437	0.510069444	32.04	6356.48
43437.52049	43437	0.520486111	32.09	6502.40
43437.5309	43437	0.530902778	32.17	6246.40
43437.54132	43437	0.541319444	32.17	5857.28
43437.55174	43437	0.551736111	32.22	5657.60
43437.56215	43437	0.562152778	32.30	5800.96
43437.57257	43437	0.572569444	32.34	5416.96
43437.58299	43437	0.582986111	32.30	5158.40
43437.5934	43437	0.593402778	32.34	4705.28
43437.60382	43437	0.603819444	32.34	4354.56
43437.61424	43437	0.614236111	32.34	3994.88
43437.62465	43437	0.624652778	32.30	3567.36
43437.63507	43437	0.635069444	32.39	3335.68
43437.64549	43437	0.645486111	32.34	2856.96
43437.6559	43437	0.655902778	32.39	2430.72
43437.66632	43437	0.666319444	32.34	2181.12
43437.67674	43437	0.676736111	32.30	1828.48
43437.68715	43437	0.687152778	32.22	1523.20
43437.69757	43437	0.697569444	32.17	1190.40
43437.70799	43437	0.707986111	32.13	923.20
43437.7184	43437	0.718402778	32.09	738.88
43437.72882	43437	0.728819444	31.96	364.48
43437.73924	43437	0.739236111	31.87	309.92
43437.74965	43437	0.749652778	31.79	380.64
43437.76007	43437	0.760069444	31.74	246.08
43437.77049	43437	0.770486111	31.61	102.84
43437.7809	43437	0.780902778	31.49	2.67
43437.79132	43437	0.791319444	31.31	0.00
43437.80174	43437	0.801736111	31.27	0.00
43437.81215	43437	0.812152778	31.27	0.00
43437.82257	43437	0.822569444	31.23	0.00
43437.83299	43437	0.832986111	31.23	0.00
43437.8434	43437	0.843402778	31.23	0.00
43437.85382	43437	0.853819444	31.19	0.00
43437.86424	43437	0.864236111	31.01	0.00
43437.87465	43437	0.874652778	30.89	0.00
43437.88507	43437	0.885069444	30.80	0.00
43437.89549	43437	0.895486111	30.84	0.00
43437.9059	43437	0.905902778	30.84	0.00
43437.91632	43437	0.916319444	30.84	0.00
43437.92674	43437	0.926736111	30.89	0.00
43437.93715	43437	0.937152778	30.84	0.00
43437.94757	43437	0.947569444	30.84	0.00
43437.95799	43437	0.957986111	30.80	0.00
43437.9684	43437	0.968402778	30.80	0.00
43437.97882	43437	0.978819444	30.84	0.00
43437.98924	43437	0.989236111	30.84	0.00
43437.99965	43437	0.999652778	30.84	0.00
43438.01007	43438	0.010069444	30.84	0.00
43438.02049	43438	0.020486111	30.76	0.00
43438.0309	43438	0.030902778	30.89	0.00
43438.04132	43438	0.041319444	30.84	0.00
43438.05174	43438	0.051736111	30.89	0.00
43438.06215	43438	0.062152778	30.84	0.00
43438.07257	43438	0.072569444	30.84	0.00
43438.08299	43438	0.082986111	30.80	0.00
43438.0934	43438	0.093402778	30.80	0.00
43438.10382	43438	0.103819444	30.80	0.00
43438.11424	43438	0.114236111	30.71	0.00
43438.12465	43438	0.124652778	30.71	0.00
43438.13507	43438	0.135069444	30.59	0.00
43438.14549	43438	0.145486111	30.54	0.00
43438.1559	43438	0.155902778	30.63	0.00
43438.16632	43438	0.166319444	30.67	0.00
43438.17674	43438	0.176736111	30.63	0.00
43438.18715	43438	0.187152778	30.59	0.00
43438.19757	43438	0.197569444	30.63	0.00
43438.20799	43438	0.207986111	30.63	0.00
43438.2184	43438	0.218402778	30.59	2.67
43438.22882	43438	0.228819444	30.54	35.31
43438.23924	43438	0.239236111	30.54	127.96
43438.24965	43438	0.249652778	30.54	261.44
43438.26007	43438	0.260069444	30.50	536.32
43438.27049	43438	0.270486111	30.50	854.40
43438.2809	43438	0.280902778	30.50	1399.04
43438.29132	43438	0.291319444	30.50	1875.84
43438.30174	43438	0.301736111	30.50	2432.64
43438.31215	43438	0.312152778	30.54	2814.72
43438.32257	43438	0.322569444	30.54	2965.76
43438.33299	43438	0.332986111	30.63	3319.04
43438.3434	43438	0.343402778	30.63	3047.68
43438.35382	43438	0.353819444	30.63	4451.84
43438.36424	43438	0.364236111	30.67	5026.56
43438.37465	43438	0.374652778	30.76	6438.40
43438.38507	43438	0.385069444	30.76	6371.84
43438.39549	43438	0.395486111	30.84	7306.24
43438.4059	43438	0.405902778	30.84	7257.60
43438.41632	43438	0.416319444	30.93	7710.72
43438.42674	43438	0.426736111	31.10	7559.68
43438.43715	43438	0.437152778	31.19	7511.04
43438.44757	43438	0.447569444	31.23	7439.36
43438.45799	43438	0.457986111	31.36	7311.36
43438.4684	43438	0.468402778	31.40	7380.48
43438.47882	43438	0.478819444	31.44	7198.72
43438.48924	43438	0.489236111	31.53	7170.56
43438.49965	43438	0.499652778	31.57	7052.80
43438.51007	43438	0.510069444	31.61	7016.96
43438.52049	43438	0.520486111	31.66	6814.72
43438.5309	43438	0.530902778	31.70	6302.72
43438.54132	43438	0.541319444	31.79	6617.60
43438.55174	43438	0.551736111	31.79	6228.48
43438.56215	43438	0.562152778	31.79	6018.56
43438.57257	43438	0.572569444	31.79	5706.24
43438.58299	43438	0.582986111	31.79	5504.00
43438.5934	43438	0.593402778	31.83	5100.80
43438.60382	43438	0.603819444	31.83	4779.52
43438.61424	43438	0.614236111	31.87	4723.20
43438.62465	43438	0.624652778	31.96	4272.64
43438.63507	43438	0.635069444	31.96	4055.04
43438.64549	43438	0.645486111	31.96	3425.28
43438.6559	43438	0.655902778	31.92	1824.00
43438.66632	43438	0.666319444	31.87	2209.28
43438.67674	43438	0.676736111	31.92	2181.12
43438.68715	43438	0.687152778	31.87	1562.24
43438.69757	43438	0.697569444	31.87	229.12
43438.70799	43438	0.707986111	31.87	225.52
43438.7184	43438	0.718402778	31.83	168.32
43438.72882	43438	0.728819444	31.83	279.36
43438.73924	43438	0.739236111	31.79	488.96
43438.74965	43438	0.749652778	31.74	816.64
43438.76007	43438	0.760069444	31.74	460.00
43438.77049	43438	0.770486111	31.74	184.40
43438.7809	43438	0.780902778	31.74	25.01
43438.79132	43438	0.791319444	31.74	0.00
43438.80174	43438	0.801736111	31.74	0.00
43438.81215	43438	0.812152778	31.74	0.00
43438.82257	43438	0.822569444	31.66	0.00
43438.83299	43438	0.832986111	31.61	0.00
43438.8434	43438	0.843402778	31.49	0.00
43438.85382	43438	0.853819444	31.44	0.00
43438.86424	43438	0.864236111	31.36	0.00
43438.87465	43438	0.874652778	31.36	0.00
43438.88507	43438	0.885069444	31.31	0.00
43438.89549	43438	0.895486111	31.27	0.00
43438.9059	43438	0.905902778	31.23	0.00
43438.91632	43438	0.916319444	31.23	0.00
43438.92674	43438	0.926736111	31.23	0.00
43438.93715	43438	0.937152778	31.19	0.00
43438.94757	43438	0.947569444	31.19	0.00
43438.95799	43438	0.957986111	31.19	0.00
43438.9684	43438	0.968402778	31.19	0.00
43438.97882	43438	0.978819444	31.14	0.00
43438.98924	43438	0.989236111	31.10	0.00
43438.99965	43438	0.999652778	31.06	0.00
43439.01007	43439	0.010069444	31.06	0.00
43439.02049	43439	0.020486111	31.01	0.00
43439.0309	43439	0.030902778	30.97	0.00
43439.04132	43439	0.041319444	30.97	0.00
43439.05174	43439	0.051736111	30.93	0.00
43439.06215	43439	0.062152778	30.93	0.00
43439.07257	43439	0.072569444	30.93	0.00
43439.08299	43439	0.082986111	30.84	0.00
43439.0934	43439	0.093402778	30.80	0.00
43439.10382	43439	0.103819444	30.80	0.00
43439.11424	43439	0.114236111	30.71	0.00
43439.12465	43439	0.124652778	30.67	0.00
43439.13507	43439	0.135069444	30.50	0.00
43439.14549	43439	0.145486111	30.63	0.00
43439.1559	43439	0.155902778	30.76	0.00
43439.16632	43439	0.166319444	30.93	0.00
43439.17674	43439	0.176736111	31.10	0.00
43439.18715	43439	0.187152778	31.14	0.00
43439.19757	43439	0.197569444	31.14	0.00
43439.20799	43439	0.207986111	31.10	0.00
43439.2184	43439	0.218402778	30.97	1.56
43439.22882	43439	0.228819444	30.84	29.50
43439.23924	43439	0.239236111	30.80	110.08
43439.24965	43439	0.249652778	30.80	298.32
43439.26007	43439	0.260069444	30.84	509.60
43439.27049	43439	0.270486111	30.80	760.32
43439.2809	43439	0.280902778	30.80	1114.56
43439.29132	43439	0.291319444	30.89	1460.48
43439.30174	43439	0.301736111	30.89	955.84
43439.31215	43439	0.312152778	30.89	2445.44
43439.32257	43439	0.322569444	30.89	2798.08
43439.33299	43439	0.332986111	30.89	978.88
43439.3434	43439	0.343402778	30.93	3829.76
43439.35382	43439	0.353819444	30.93	1328.64
43439.36424	43439	0.364236111	30.97	4976.64
43439.37465	43439	0.374652778	31.06	4572.16
43439.38507	43439	0.385069444	31.06	4190.72
43439.39549	43439	0.395486111	31.10	4330.24
43439.4059	43439	0.405902778	31.10	4655.36
43439.41632	43439	0.416319444	31.10	4897.28
43439.42674	43439	0.426736111	31.10	5447.68
43439.43715	43439	0.437152778	31.14	5588.48
43439.44757	43439	0.447569444	31.14	5783.04
43439.45799	43439	0.457986111	31.19	6325.76
43439.4684	43439	0.468402778	31.23	7057.92
43439.47882	43439	0.478819444	31.27	7334.40
43439.48924	43439	0.489236111	31.27	6950.40
43439.49965	43439	0.499652778	31.31	5923.84
43439.51007	43439	0.510069444	31.36	4519.68
43439.52049	43439	0.520486111	31.49	7759.36
43439.5309	43439	0.530902778	31.49	3951.36
43439.54132	43439	0.541319444	31.57	6515.20
43439.55174	43439	0.551736111	31.66	5959.68
43439.56215	43439	0.562152778	31.70	5857.28
43439.57257	43439	0.572569444	31.79	5488.64
43439.58299	43439	0.582986111	31.79	5194.24
43439.5934	43439	0.593402778	31.87	4926.72
43439.60382	43439	0.603819444	31.87	4576.00
43439.61424	43439	0.614236111	31.87	4218.88
43439.62465	43439	0.624652778	31.74	947.84
43439.63507	43439	0.635069444	31.74	1313.28
43439.64549	43439	0.645486111	31.74	2175.36
43439.6559	43439	0.655902778	31.79	1110.08
43439.66632	43439	0.666319444	31.74	713.92
43439.67674	43439	0.676736111	31.70	793.28
43439.68715	43439	0.687152778	31.70	631.36
43439.69757	43439	0.697569444	31.61	375.20
43439.70799	43439	0.707986111	31.53	402.88
43439.7184	43439	0.718402778	31.44	325.04
43439.72882	43439	0.728819444	31.44	317.92
43439.73924	43439	0.739236111	31.49	137.88
43439.74965	43439	0.749652778	31.49	56.34
43439.76007	43439	0.760069444	31.57	23.45
43439.77049	43439	0.770486111	31.57	11.60
43439.7809	43439	0.780902778	31.61	2.90
43439.79132	43439	0.791319444	31.66	0.00
43439.80174	43439	0.801736111	31.66	0.00
43439.81215	43439	0.812152778	31.61	0.00
43439.82257	43439	0.822569444	31.66	0.00
43439.83299	43439	0.832986111	31.66	0.00
43439.8434	43439	0.843402778	31.61	0.00
43439.85382	43439	0.853819444	31.61	0.00
43439.86424	43439	0.864236111	31.61	0.00
43439.87465	43439	0.874652778	31.61	0.00
43439.88507	43439	0.885069444	31.61	0.00
43439.89549	43439	0.895486111	31.53	0.00
43439.9059	43439	0.905902778	31.57	0.00
43439.91632	43439	0.916319444	31.57	0.00
43439.92674	43439	0.926736111	31.49	0.00
43439.93715	43439	0.937152778	31.49	0.00
43439.94757	43439	0.947569444	31.36	0.00
43439.95799	43439	0.957986111	31.36	0.00
43439.9684	43439	0.968402778	31.31	0.00
43439.97882	43439	0.978819444	31.31	0.00
43439.98924	43439	0.989236111	31.19	0.00
43439.99965	43439	0.999652778	31.19	0.00
43440.01007	43440	0.010069444	31.14	0.00
43440.02049	43440	0.020486111	31.01	0.00
43440.0309	43440	0.030902778	30.97	0.00
43440.04132	43440	0.041319444	30.93	0.00
43440.05174	43440	0.051736111	30.89	0.00
43440.06215	43440	0.062152778	30.84	0.00
43440.07257	43440	0.072569444	30.71	0.00
43440.08299	43440	0.082986111	30.71	0.00
43440.0934	43440	0.093402778	30.63	0.00
43440.10382	43440	0.103819444	30.59	0.00
43440.11424	43440	0.114236111	30.54	0.00
43440.12465	43440	0.124652778	30.50	0.00
43440.13507	43440	0.135069444	30.50	0.00
43440.14549	43440	0.145486111	30.50	0.00
43440.1559	43440	0.155902778	30.54	0.00
43440.16632	43440	0.166319444	30.59	0.00
43440.17674	43440	0.176736111	30.50	0.00
43440.18715	43440	0.187152778	30.46	0.00
43440.19757	43440	0.197569444	30.46	0.00
43440.20799	43440	0.207986111	30.50	0.00
43440.2184	43440	0.218402778	30.46	0.00
43440.22882	43440	0.228819444	30.37	0.00
43440.23924	43440	0.239236111	30.37	0.66
43440.24965	43440	0.249652778	30.41	6.91
43440.26007	43440	0.260069444	30.37	13.61
43440.27049	43440	0.270486111	30.37	15.84
43440.2809	43440	0.280902778	30.37	43.84
43440.29132	43440	0.291319444	30.37	21.44
43440.30174	43440	0.301736111	30.33	32.18
43440.31215	43440	0.312152778	30.33	24.60
43440.32257	43440	0.322569444	30.28	22.34
43440.33299	43440	0.332986111	30.37	23.67
