date.time	date	time	temp	lux
43423.7165	43423	0.71650463	29.13	85.28
43423.72692	43423	0.726921296	27.80	15.75
43423.73734	43423	0.737337963	27.54	15.77
43423.74775	43423	0.74775463	27.41	15.35
43423.75817	43423	0.758171296	27.37	15.77
43423.76859	43423	0.768587963	27.28	5.94
43423.779	43423	0.77900463	27.11	5.94
43423.78942	43423	0.789421296	26.77	5.94
43423.79984	43423	0.799837963	26.90	5.94
43423.81025	43423	0.81025463	27.58	5.09
43423.82067	43423	0.820671296	27.80	4.88
43423.83109	43423	0.831087963	27.88	5.09
43423.8415	43423	0.84150463	27.97	5.09
43423.85192	43423	0.851921296	27.97	5.31
43423.86234	43423	0.862337963	27.93	5.09
43423.87275	43423	0.87275463	27.97	0.21
43423.88317	43423	0.883171296	28.01	0.21
43423.89359	43423	0.893587963	28.01	0.21
43423.904	43423	0.90400463	28.14	0.21
43423.91442	43423	0.914421296	28.18	0.21
43423.92484	43423	0.924837963	28.14	0.21
43423.93525	43423	0.93525463	28.14	0.21
43423.94567	43423	0.945671296	28.18	0.21
43423.95609	43423	0.956087963	28.18	0.21
43423.9665	43423	0.96650463	28.14	0.21
43423.97692	43423	0.976921296	28.10	0.00
43423.98734	43423	0.987337963	28.05	0.00
43423.99775	43423	0.99775463	28.05	0.00
43424.00817	43424	0.008171296	28.14	0.00
43424.01859	43424	0.018587963	28.14	0.00
43424.029	43424	0.02900463	28.23	0.00
43424.03942	43424	0.039421296	28.18	0.00
43424.04984	43424	0.049837963	28.14	0.00
43424.06025	43424	0.06025463	28.18	0.00
43424.07067	43424	0.070671296	28.18	0.00
43424.08109	43424	0.081087963	28.23	0.00
43424.0915	43424	0.09150463	28.18	0.00
43424.10192	43424	0.101921296	28.18	0.00
43424.11234	43424	0.112337963	28.18	0.00
43424.12275	43424	0.12275463	28.18	0.00
43424.13317	43424	0.133171296	28.23	0.00
43424.14359	43424	0.143587963	28.23	0.00
43424.154	43424	0.15400463	28.27	0.00
43424.16442	43424	0.164421296	28.27	0.00
43424.17484	43424	0.174837963	28.27	0.00
43424.18525	43424	0.18525463	28.23	0.00
43424.19567	43424	0.195671296	28.23	0.00
43424.20609	43424	0.206087963	28.27	0.00
43424.2165	43424	0.21650463	28.27	0.00
43424.22692	43424	0.226921296	28.27	0.00
43424.23734	43424	0.237337963	28.27	0.00
43424.24775	43424	0.24775463	28.31	0.00
43424.25817	43424	0.258171296	28.27	0.00
43424.26859	43424	0.268587963	28.31	0.00
43424.279	43424	0.27900463	28.40	0.00
43424.28942	43424	0.289421296	28.53	0.00
43424.29984	43424	0.299837963	28.65	0.00
43424.31025	43424	0.31025463	28.61	0.00
43424.32067	43424	0.320671296	28.53	0.00
43424.33109	43424	0.331087963	28.57	0.00
43424.3415	43424	0.34150463	28.48	0.00
43424.35192	43424	0.351921296	28.53	0.00
43424.36234	43424	0.362337963	28.44	0.00
43424.37275	43424	0.37275463	28.35	0.00
43424.38317	43424	0.383171296	28.27	0.00
43424.39359	43424	0.393587963	28.14	0.00
43424.404	43424	0.40400463	28.18	0.00
43424.41442	43424	0.414421296	28.23	0.42
43424.42484	43424	0.424837963	28.18	7.22
43424.43525	43424	0.43525463	28.27	6.58
43424.44567	43424	0.445671296	28.23	5.94
43424.45609	43424	0.456087963	28.05	5.94
43424.4665	43424	0.46650463	28.14	5.94
43424.47692	43424	0.476921296	28.18	5.94
43424.48734	43424	0.487337963	28.27	5.94
43424.49775	43424	0.49775463	28.23	6.37
43424.50817	43424	0.508171296	28.23	6.16
43424.51859	43424	0.518587963	28.14	6.16
43424.529	43424	0.52900463	28.05	6.16
43424.53942	43424	0.539421296	27.97	6.16
43424.54984	43424	0.549837963	27.88	6.16
43424.56025	43424	0.56025463	27.88	6.37
43424.57067	43424	0.570671296	27.88	6.16
43424.58109	43424	0.581087963	27.88	6.37
43424.5915	43424	0.59150463	27.84	6.16
43424.60192	43424	0.601921296	27.80	6.16
43424.61234	43424	0.612337963	27.80	6.37
43424.62275	43424	0.62275463	27.84	6.37
43424.63317	43424	0.633171296	27.84	6.58
43424.64359	43424	0.643587963	27.80	6.16
43424.654	43424	0.65400463	27.84	1.91
43424.66442	43424	0.664421296	27.88	7.22
43424.67484	43424	0.674837963	27.88	6.16
43424.68525	43424	0.68525463	27.88	5.31
43424.69567	43424	0.695671296	27.88	5.09
43424.70609	43424	0.706087963	27.97	5.73
43424.7165	43424	0.71650463	27.93	5.73
43424.72692	43424	0.726921296	27.84	5.09
43424.73734	43424	0.737337963	27.75	5.73
43424.74775	43424	0.74775463	27.75	5.52
43424.75817	43424	0.758171296	27.71	5.73
43424.76859	43424	0.768587963	27.71	5.73
43424.779	43424	0.77900463	27.71	5.73
43424.78942	43424	0.789421296	27.71	5.09
43424.79984	43424	0.799837963	27.71	5.09
43424.81025	43424	0.81025463	27.67	5.52
43424.82067	43424	0.820671296	27.67	6.16
43424.83109	43424	0.831087963	27.84	5.73
43424.8415	43424	0.84150463	27.80	5.73
43424.85192	43424	0.851921296	27.84	5.73
43424.86234	43424	0.862337963	27.84	5.09
43424.87275	43424	0.87275463	27.88	5.73
43424.88317	43424	0.883171296	27.88	0.21
43424.89359	43424	0.893587963	27.93	0.00
43424.904	43424	0.90400463	27.93	0.00
43424.91442	43424	0.914421296	27.93	0.00
43424.92484	43424	0.924837963	27.93	0.00
43424.93525	43424	0.93525463	27.93	0.00
43424.94567	43424	0.945671296	27.88	0.00
43424.95609	43424	0.956087963	27.97	0.00
43424.9665	43424	0.96650463	27.93	0.00
43424.97692	43424	0.976921296	27.84	0.00
43424.98734	43424	0.987337963	27.88	0.00
43424.99775	43424	0.99775463	27.84	0.00
43425.00817	43425	0.008171296	27.88	0.00
43425.01859	43425	0.018587963	27.93	0.00
43425.029	43425	0.02900463	27.97	0.00
43425.03942	43425	0.039421296	27.97	0.00
43425.04984	43425	0.049837963	27.93	0.00
43425.06025	43425	0.06025463	27.97	0.00
43425.07067	43425	0.070671296	28.01	0.00
43425.08109	43425	0.081087963	28.01	0.00
43425.0915	43425	0.09150463	27.97	0.00
43425.10192	43425	0.101921296	28.01	0.00
43425.11234	43425	0.112337963	28.05	0.00
43425.12275	43425	0.12275463	28.01	0.00
43425.13317	43425	0.133171296	28.01	0.00
43425.14359	43425	0.143587963	28.01	0.00
43425.154	43425	0.15400463	28.10	0.00
43425.16442	43425	0.164421296	28.10	0.00
43425.17484	43425	0.174837963	28.01	0.00
43425.18525	43425	0.18525463	28.05	0.00
43425.19567	43425	0.195671296	28.01	0.00
43425.20609	43425	0.206087963	28.05	0.00
43425.2165	43425	0.21650463	28.05	0.00
43425.22692	43425	0.226921296	28.05	0.00
43425.23734	43425	0.237337963	28.10	0.00
43425.24775	43425	0.24775463	28.10	0.00
43425.25817	43425	0.258171296	28.10	0.21
43425.26859	43425	0.268587963	28.10	0.00
43425.279	43425	0.27900463	28.10	0.00
43425.28942	43425	0.289421296	28.14	0.00
43425.29984	43425	0.299837963	30.33	7920.64
43425.31025	43425	0.31025463	30.93	5683.20
43425.32067	43425	0.320671296	29.73	935.68
43425.33109	43425	0.331087963	32.04	6768.64
43425.3415	43425	0.34150463	33.16	16588.80
43425.35192	43425	0.351921296	32.69	1840.64
43425.36234	43425	0.362337963	31.23	2491.52
43425.37275	43425	0.37275463	30.16	7846.40
43425.38317	43425	0.383171296	29.94	4303.36
43425.39359	43425	0.393587963	29.56	68362.24
43425.404	43425	0.40400463	31.61	7715.84
43425.41442	43425	0.414421296	29.51	6077.44
43425.42484	43425	0.424837963	30.16	5859.84
43425.43525	43425	0.43525463	30.37	6010.88
43425.44567	43425	0.445671296	30.24	6095.36
43425.45609	43425	0.456087963	30.37	6758.40
43425.4665	43425	0.46650463	30.20	6394.88
43425.47692	43425	0.476921296	29.00	7559.68
43425.48734	43425	0.487337963	29.86	8363.52
43425.49775	43425	0.49775463	30.67	8015.36
43425.50817	43425	0.508171296	30.28	7928.32
43425.51859	43425	0.518587963	29.08	3892.48
43425.529	43425	0.52900463	28.95	4922.88
43425.53942	43425	0.539421296	28.70	2702.08
43425.54984	43425	0.549837963	28.78	2405.12
43425.56025	43425	0.56025463	28.83	2280.96
43425.57067	43425	0.570671296	28.87	2221.44
43425.58109	43425	0.581087963	28.91	2076.80
43425.5915	43425	0.59150463	29.00	1975.04
43425.60192	43425	0.601921296	29.00	1829.12
43425.61234	43425	0.612337963	28.95	1757.44
43425.62275	43425	0.62275463	28.95	1614.08
43425.63317	43425	0.633171296	28.95	1491.20
43425.64359	43425	0.643587963	28.95	1319.04
43425.654	43425	0.65400463	28.91	1147.20
43425.66442	43425	0.664421296	28.95	966.40
43425.67484	43425	0.674837963	28.95	836.80
43425.68525	43425	0.68525463	28.91	685.76
43425.69567	43425	0.695671296	28.91	542.56
43425.70609	43425	0.706087963	28.91	428.32
43425.7165	43425	0.71650463	28.78	325.92
43425.72692	43425	0.726921296	28.83	237.12
43425.73734	43425	0.737337963	28.74	156.92
43425.74775	43425	0.74775463	28.74	97.20
43425.75817	43425	0.758171296	28.78	46.04
43425.76859	43425	0.768587963	28.74	13.83
43425.779	43425	0.77900463	28.78	0.63
43425.78942	43425	0.789421296	28.74	0.00
43425.79984	43425	0.799837963	28.78	0.00
43425.81025	43425	0.81025463	28.74	0.00
43425.82067	43425	0.820671296	28.74	0.00
43425.83109	43425	0.831087963	28.74	0.00
43425.8415	43425	0.84150463	28.74	0.00
43425.85192	43425	0.851921296	28.70	0.00
43425.86234	43425	0.862337963	28.74	0.00
43425.87275	43425	0.87275463	28.65	0.00
43425.88317	43425	0.883171296	28.65	0.00
43425.89359	43425	0.893587963	28.61	0.00
43425.904	43425	0.90400463	28.57	0.00
43425.91442	43425	0.914421296	28.53	0.00
43425.92484	43425	0.924837963	28.57	0.00
43425.93525	43425	0.93525463	28.53	0.00
43425.94567	43425	0.945671296	28.48	0.00
43425.95609	43425	0.956087963	28.48	0.00
43425.9665	43425	0.96650463	28.48	0.00
43425.97692	43425	0.976921296	28.44	0.00
43425.98734	43425	0.987337963	28.44	0.00
43425.99775	43425	0.99775463	28.40	0.00
43426.00817	43426	0.008171296	28.40	0.00
43426.01859	43426	0.018587963	28.31	0.00
43426.029	43426	0.02900463	28.27	0.00
43426.03942	43426	0.039421296	28.27	0.00
43426.04984	43426	0.049837963	28.27	0.00
43426.06025	43426	0.06025463	28.27	0.00
43426.07067	43426	0.070671296	28.23	0.00
43426.08109	43426	0.081087963	28.27	0.00
43426.0915	43426	0.09150463	28.27	0.00
43426.10192	43426	0.101921296	28.31	0.00
43426.11234	43426	0.112337963	28.27	0.00
43426.12275	43426	0.12275463	28.27	0.00
43426.13317	43426	0.133171296	28.27	0.00
43426.14359	43426	0.143587963	28.23	0.00
43426.154	43426	0.15400463	28.27	0.00
43426.16442	43426	0.164421296	28.23	0.00
43426.17484	43426	0.174837963	28.27	0.00
43426.18525	43426	0.18525463	28.23	0.00
43426.19567	43426	0.195671296	28.27	0.00
43426.20609	43426	0.206087963	28.27	0.00
43426.2165	43426	0.21650463	28.23	0.00
43426.22692	43426	0.226921296	28.18	8.49
43426.23734	43426	0.237337963	28.23	31.13
43426.24775	43426	0.24775463	28.23	68.62
43426.25817	43426	0.258171296	28.23	115.16
43426.26859	43426	0.268587963	28.23	241.36
43426.279	43426	0.27900463	28.23	194.40
43426.28942	43426	0.289421296	28.18	215.84
43426.29984	43426	0.299837963	28.27	249.84
43426.31025	43426	0.31025463	28.27	491.20
43426.32067	43426	0.320671296	28.27	348.80
43426.33109	43426	0.331087963	28.27	620.80
43426.3415	43426	0.34150463	28.23	694.40
43426.35192	43426	0.351921296	28.18	804.48
43426.36234	43426	0.362337963	28.23	974.72
43426.37275	43426	0.37275463	28.27	723.20
43426.38317	43426	0.383171296	28.27	517.60
43426.39359	43426	0.393587963	28.23	1090.24
43426.404	43426	0.40400463	28.23	725.76
43426.41442	43426	0.414421296	28.35	1250.24
43426.42484	43426	0.424837963	28.31	390.56
43426.43525	43426	0.43525463	28.35	1525.12
43426.44567	43426	0.445671296	28.40	1243.52
43426.45609	43426	0.456087963	28.48	1100.48
43426.4665	43426	0.46650463	28.48	1837.44
43426.47692	43426	0.476921296	28.48	956.16
43426.48734	43426	0.487337963	28.48	1114.88
43426.49775	43426	0.49775463	28.53	1937.92
43426.50817	43426	0.508171296	28.57	2014.08
43426.51859	43426	0.518587963	28.61	2068.48
43426.529	43426	0.52900463	28.65	2078.72
43426.53942	43426	0.539421296	28.70	2083.84
43426.54984	43426	0.549837963	28.70	2053.12
43426.56025	43426	0.56025463	28.65	1998.72
43426.57067	43426	0.570671296	28.70	1969.92
43426.58109	43426	0.581087963	28.74	1886.72
43426.5915	43426	0.59150463	28.78	1839.36
43426.60192	43426	0.601921296	28.78	1705.60
43426.61234	43426	0.612337963	28.83	1562.88
43426.62275	43426	0.62275463	28.74	1449.60
43426.63317	43426	0.633171296	28.78	1342.72
43426.64359	43426	0.643587963	28.83	1243.52
43426.654	43426	0.65400463	28.83	1120.96
43426.66442	43426	0.664421296	28.87	969.60
43426.67484	43426	0.674837963	28.83	166.32
43426.68525	43426	0.68525463	28.78	115.16
43426.69567	43426	0.695671296	28.78	78.50
43426.70609	43426	0.706087963	28.78	69.06
43426.7165	43426	0.71650463	28.78	104.84
43426.72692	43426	0.726921296	28.74	121.12
43426.73734	43426	0.737337963	28.74	89.56
43426.74775	43426	0.74775463	28.78	92.08
43426.75817	43426	0.758171296	28.74	26.82
43426.76859	43426	0.768587963	28.70	5.52
43426.779	43426	0.77900463	28.70	0.00
43426.78942	43426	0.789421296	28.78	0.00
43426.79984	43426	0.799837963	28.78	0.00
43426.81025	43426	0.81025463	28.83	0.00
43426.82067	43426	0.820671296	28.78	0.00
43426.83109	43426	0.831087963	28.74	0.00
43426.8415	43426	0.84150463	28.61	0.00
43426.85192	43426	0.851921296	28.61	0.00
43426.86234	43426	0.862337963	28.65	0.00
43426.87275	43426	0.87275463	28.61	0.00
43426.88317	43426	0.883171296	28.57	0.00
43426.89359	43426	0.893587963	28.61	0.00
43426.904	43426	0.90400463	28.61	0.00
43426.91442	43426	0.914421296	28.61	0.00
43426.92484	43426	0.924837963	28.61	0.00
43426.93525	43426	0.93525463	28.57	0.00
43426.94567	43426	0.945671296	28.57	0.00
43426.95609	43426	0.956087963	28.53	0.00
43426.9665	43426	0.96650463	28.48	0.00
43426.97692	43426	0.976921296	28.44	0.00
43426.98734	43426	0.987337963	28.53	0.00
43426.99775	43426	0.99775463	28.48	0.00
43427.00817	43427	0.008171296	28.44	0.00
43427.01859	43427	0.018587963	28.53	0.00
43427.029	43427	0.02900463	28.44	0.00
43427.03942	43427	0.039421296	28.44	0.00
43427.04984	43427	0.049837963	28.44	0.00
43427.06025	43427	0.06025463	28.44	0.00
43427.07067	43427	0.070671296	28.48	0.00
43427.08109	43427	0.081087963	28.40	0.00
43427.0915	43427	0.09150463	28.35	0.00
43427.10192	43427	0.101921296	28.35	0.00
43427.11234	43427	0.112337963	28.40	0.00
43427.12275	43427	0.12275463	28.40	0.00
43427.13317	43427	0.133171296	28.40	0.00
43427.14359	43427	0.143587963	28.40	0.00
43427.154	43427	0.15400463	28.40	0.00
43427.16442	43427	0.164421296	28.40	0.00
43427.17484	43427	0.174837963	28.35	0.00
43427.18525	43427	0.18525463	28.35	0.00
43427.19567	43427	0.195671296	28.40	0.00
43427.20609	43427	0.206087963	28.40	0.00
43427.2165	43427	0.21650463	28.40	0.00
43427.22692	43427	0.226921296	28.40	4.24
43427.23734	43427	0.237337963	28.35	15.75
43427.24775	43427	0.24775463	28.35	38.78
43427.25817	43427	0.258171296	28.35	97.20
43427.26859	43427	0.268587963	28.40	128.76
43427.279	43427	0.27900463	28.35	232.00
43427.28942	43427	0.289421296	28.44	406.56
43427.29984	43427	0.299837963	28.40	492.96
43427.31025	43427	0.31025463	28.44	606.40
43427.32067	43427	0.320671296	28.44	813.76
43427.33109	43427	0.331087963	28.40	342.08
43427.3415	43427	0.34150463	28.44	923.84
43427.35192	43427	0.351921296	28.44	897.28
43427.36234	43427	0.362337963	28.44	1167.68
43427.37275	43427	0.37275463	28.48	1512.96
43427.38317	43427	0.383171296	28.48	1316.48
43427.39359	43427	0.393587963	28.48	636.16
43427.404	43427	0.40400463	28.48	1373.44
43427.41442	43427	0.414421296	28.53	1642.88
43427.42484	43427	0.424837963	28.57	1697.28
43427.43525	43427	0.43525463	28.61	1801.60
43427.44567	43427	0.445671296	28.74	1874.56
43427.45609	43427	0.456087963	28.70	1820.16
43427.4665	43427	0.46650463	28.74	1864.32
43427.47692	43427	0.476921296	28.74	1997.44
43427.48734	43427	0.487337963	28.83	2094.08
43427.49775	43427	0.49775463	28.78	2158.72
43427.50817	43427	0.508171296	28.91	2226.56
43427.51859	43427	0.518587963	28.91	2175.36
43427.529	43427	0.52900463	28.91	2226.56
43427.53942	43427	0.539421296	29.00	2223.36
43427.54984	43427	0.549837963	29.04	2355.84
43427.56025	43427	0.56025463	29.04	2345.60
43427.57067	43427	0.570671296	29.08	2313.60
43427.58109	43427	0.581087963	29.08	2216.32
43427.5915	43427	0.59150463	29.13	2131.20
43427.60192	43427	0.601921296	29.13	1966.72
43427.61234	43427	0.612337963	29.17	1806.72
43427.62275	43427	0.62275463	29.17	1619.20
43427.63317	43427	0.633171296	29.08	1521.28
43427.64359	43427	0.643587963	29.17	1332.48
43427.654	43427	0.65400463	29.17	1241.60
43427.66442	43427	0.664421296	29.17	1107.52
43427.67484	43427	0.674837963	29.21	923.84
43427.68525	43427	0.68525463	29.17	800.00
43427.69567	43427	0.695671296	29.13	681.60
43427.70609	43427	0.706087963	29.08	464.80
43427.7165	43427	0.71650463	29.30	340.32
43427.72692	43427	0.726921296	29.21	246.48
43427.73734	43427	0.737337963	29.26	187.60
43427.74775	43427	0.74775463	29.34	107.52
43427.75817	43427	0.758171296	29.38	58.38
43427.76859	43427	0.768587963	29.30	20.02
43427.779	43427	0.77900463	29.17	2.12
43427.78942	43427	0.789421296	29.26	0.00
43427.79984	43427	0.799837963	29.21	0.00
43427.81025	43427	0.81025463	29.21	0.00
43427.82067	43427	0.820671296	29.26	0.00
43427.83109	43427	0.831087963	29.30	0.00
43427.8415	43427	0.84150463	29.30	0.00
43427.85192	43427	0.851921296	29.34	0.00
43427.86234	43427	0.862337963	29.34	0.00
43427.87275	43427	0.87275463	29.30	0.00
43427.88317	43427	0.883171296	29.21	0.00
43427.89359	43427	0.893587963	29.17	0.00
43427.904	43427	0.90400463	29.08	0.00
43427.91442	43427	0.914421296	29.00	0.00
43427.92484	43427	0.924837963	28.95	0.00
43427.93525	43427	0.93525463	29.00	0.00
43427.94567	43427	0.945671296	29.00	0.00
43427.95609	43427	0.956087963	29.04	0.00
43427.9665	43427	0.96650463	28.95	0.00
43427.97692	43427	0.976921296	28.95	0.00
43427.98734	43427	0.987337963	28.91	0.00
43427.99775	43427	0.99775463	28.91	0.00
43428.00817	43428	0.008171296	28.91	0.00
43428.01859	43428	0.018587963	28.87	0.00
43428.029	43428	0.02900463	28.87	0.00
43428.03942	43428	0.039421296	28.87	0.00
43428.04984	43428	0.049837963	28.87	0.00
43428.06025	43428	0.06025463	28.83	0.00
43428.07067	43428	0.070671296	28.78	0.00
43428.08109	43428	0.081087963	28.83	0.00
43428.0915	43428	0.09150463	28.74	0.00
43428.10192	43428	0.101921296	28.78	0.00
43428.11234	43428	0.112337963	28.83	0.00
43428.12275	43428	0.12275463	28.83	0.00
43428.13317	43428	0.133171296	28.87	0.00
43428.14359	43428	0.143587963	28.78	0.00
43428.154	43428	0.15400463	28.78	0.00
43428.16442	43428	0.164421296	28.83	0.00
43428.17484	43428	0.174837963	28.83	0.00
43428.18525	43428	0.18525463	28.74	0.00
43428.19567	43428	0.195671296	28.70	0.00
43428.20609	43428	0.206087963	28.65	0.00
43428.2165	43428	0.21650463	28.70	0.00
43428.22692	43428	0.226921296	28.74	11.28
43428.23734	43428	0.237337963	28.74	43.08
43428.24775	43428	0.24775463	28.74	87.84
43428.25817	43428	0.258171296	28.74	113.44
43428.26859	43428	0.268587963	28.74	265.36
43428.279	43428	0.27900463	28.78	348.80
43428.28942	43428	0.289421296	28.78	428.32
43428.29984	43428	0.299837963	28.78	509.12
43428.31025	43428	0.31025463	28.78	578.40
43428.32067	43428	0.320671296	28.78	667.84
43428.33109	43428	0.331087963	28.78	758.72
43428.3415	43428	0.34150463	28.78	801.92
43428.35192	43428	0.351921296	28.83	927.04
43428.36234	43428	0.362337963	28.87	1125.12
43428.37275	43428	0.37275463	28.87	1239.04
43428.38317	43428	0.383171296	28.83	1168.64
43428.39359	43428	0.393587963	28.91	1259.52
43428.404	43428	0.40400463	28.91	1391.36
43428.41442	43428	0.414421296	28.91	1436.16
43428.42484	43428	0.424837963	28.95	1356.80
43428.43525	43428	0.43525463	29.04	1488.00
43428.44567	43428	0.445671296	29.00	1692.80
43428.45609	43428	0.456087963	29.04	1808.64
43428.4665	43428	0.46650463	29.08	1822.08
43428.47692	43428	0.476921296	29.17	1922.56
43428.48734	43428	0.487337963	29.30	1788.16
43428.49775	43428	0.49775463	29.26	1793.28
43428.50817	43428	0.508171296	29.30	1820.16
43428.51859	43428	0.518587963	29.34	1864.32
43428.529	43428	0.52900463	29.34	1405.44
43428.53942	43428	0.539421296	29.30	1479.68
43428.54984	43428	0.549837963	29.38	1601.92
43428.56025	43428	0.56025463	29.47	1723.52
43428.57067	43428	0.570671296	29.47	1783.04
43428.58109	43428	0.581087963	29.47	1793.28
43428.5915	43428	0.59150463	29.56	2005.76
43428.60192	43428	0.601921296	29.56	1716.48
43428.61234	43428	0.612337963	29.60	1682.56
43428.62275	43428	0.62275463	29.60	1579.52
43428.63317	43428	0.633171296	29.68	1463.04
43428.64359	43428	0.643587963	29.86	1374.72
43428.654	43428	0.65400463	29.86	1276.48
43428.66442	43428	0.664421296	29.86	1108.16
43428.67484	43428	0.674837963	29.81	1014.72
43428.68525	43428	0.68525463	29.86	864.64
43428.69567	43428	0.695671296	29.90	717.12
43428.70609	43428	0.706087963	29.90	585.12
43428.7165	43428	0.71650463	29.90	449.60
43428.72692	43428	0.726921296	29.81	335.20
43428.73734	43428	0.737337963	29.81	226.08
43428.74775	43428	0.74775463	29.81	138.20
43428.75817	43428	0.758171296	29.81	72.08
43428.76859	43428	0.768587963	29.73	27.67
43428.779	43428	0.77900463	29.77	4.67
43428.78942	43428	0.789421296	29.68	0.00
43428.79984	43428	0.799837963	29.64	0.00
43428.81025	43428	0.81025463	29.68	0.00
43428.82067	43428	0.820671296	29.60	0.00
43428.83109	43428	0.831087963	29.60	0.00
43428.8415	43428	0.84150463	29.68	0.00
43428.85192	43428	0.851921296	29.60	0.00
43428.86234	43428	0.862337963	29.56	0.00
43428.87275	43428	0.87275463	29.56	0.00
43428.88317	43428	0.883171296	29.60	0.00
43428.89359	43428	0.893587963	29.68	0.00
43428.904	43428	0.90400463	29.73	0.00
43428.91442	43428	0.914421296	29.73	0.00
43428.92484	43428	0.924837963	29.73	0.00
43428.93525	43428	0.93525463	29.68	0.00
43428.94567	43428	0.945671296	29.56	0.00
43428.95609	43428	0.956087963	29.64	0.00
43428.9665	43428	0.96650463	29.64	0.00
43428.97692	43428	0.976921296	29.64	0.00
43428.98734	43428	0.987337963	29.60	0.00
43428.99775	43428	0.99775463	29.56	0.00
43429.00817	43429	0.008171296	29.56	0.00
43429.01859	43429	0.018587963	29.51	0.00
43429.029	43429	0.02900463	29.47	0.00
43429.03942	43429	0.039421296	29.47	0.00
43429.04984	43429	0.049837963	29.51	0.00
43429.06025	43429	0.06025463	29.47	0.00
43429.07067	43429	0.070671296	29.43	0.00
43429.08109	43429	0.081087963	29.43	0.00
43429.0915	43429	0.09150463	29.47	0.00
43429.10192	43429	0.101921296	29.43	0.00
43429.11234	43429	0.112337963	29.30	0.00
43429.12275	43429	0.12275463	29.30	0.00
43429.13317	43429	0.133171296	29.26	0.00
43429.14359	43429	0.143587963	29.26	0.00
43429.154	43429	0.15400463	29.21	0.00
43429.16442	43429	0.164421296	29.21	0.00
43429.17484	43429	0.174837963	29.17	0.00
43429.18525	43429	0.18525463	29.17	0.00
43429.19567	43429	0.195671296	29.17	0.00
43429.20609	43429	0.206087963	29.13	0.00
43429.2165	43429	0.21650463	29.13	0.21
43429.22692	43429	0.226921296	29.13	11.50
43429.23734	43429	0.237337963	29.13	44.34
43429.24775	43429	0.24775463	29.08	90.40
43429.25817	43429	0.258171296	29.00	278.08
43429.26859	43429	0.268587963	29.00	273.04
43429.279	43429	0.27900463	28.95	385.44
43429.28942	43429	0.289421296	28.91	455.52
43429.29984	43429	0.299837963	28.95	573.28
43429.31025	43429	0.31025463	29.00	779.84
43429.32067	43429	0.320671296	29.00	851.84
43429.33109	43429	0.331087963	29.04	852.80
43429.3415	43429	0.34150463	29.00	974.08
43429.35192	43429	0.351921296	29.04	990.08
43429.36234	43429	0.362337963	29.08	1061.44
43429.37275	43429	0.37275463	29.08	1220.48
43429.38317	43429	0.383171296	29.17	1268.80
43429.39359	43429	0.393587963	29.21	1329.28
43429.404	43429	0.40400463	29.21	1354.24
43429.41442	43429	0.414421296	29.21	1340.16
43429.42484	43429	0.424837963	29.26	1353.60
43429.43525	43429	0.43525463	29.26	1361.92
43429.44567	43429	0.445671296	29.26	1353.60
43429.45609	43429	0.456087963	29.34	1281.60
43429.4665	43429	0.46650463	29.34	1247.68
43429.47692	43429	0.476921296	29.43	1226.24
43429.48734	43429	0.487337963	29.51	1307.84
43429.49775	43429	0.49775463	29.56	1296.96
43429.50817	43429	0.508171296	29.56	1293.44
43429.51859	43429	0.518587963	29.60	1305.28
43429.529	43429	0.52900463	29.60	1302.72
43429.53942	43429	0.539421296	29.64	1336.96
43429.54984	43429	0.549837963	29.64	1430.40
43429.56025	43429	0.56025463	29.64	1472.64
43429.57067	43429	0.570671296	29.68	1441.28
43429.58109	43429	0.581087963	29.77	1526.40
43429.5915	43429	0.59150463	29.77	1449.60
43429.60192	43429	0.601921296	29.73	1386.24
43429.61234	43429	0.612337963	29.73	1400.32
43429.62275	43429	0.62275463	29.81	1315.20
43429.63317	43429	0.633171296	29.81	1354.24
43429.64359	43429	0.643587963	29.81	1251.84
43429.654	43429	0.65400463	29.86	1072.64
43429.66442	43429	0.664421296	29.90	999.36
43429.67484	43429	0.674837963	29.90	924.48
43429.68525	43429	0.68525463	29.86	839.04
43429.69567	43429	0.695671296	29.90	812.80
43429.70609	43429	0.706087963	29.94	588.48
43429.7165	43429	0.71650463	29.90	448.64
43429.72692	43429	0.726921296	29.90	322.56
43429.73734	43429	0.737337963	29.86	212.48
43429.74775	43429	0.74775463	29.81	132.24
43429.75817	43429	0.758171296	29.77	68.20
43429.76859	43429	0.768587963	29.73	24.27
43429.779	43429	0.77900463	29.73	3.39
43429.78942	43429	0.789421296	29.68	0.00
43429.79984	43429	0.799837963	29.60	0.00
43429.81025	43429	0.81025463	29.60	0.00
43429.82067	43429	0.820671296	29.60	0.00
43429.83109	43429	0.831087963	29.56	0.00
43429.8415	43429	0.84150463	29.60	0.00
43429.85192	43429	0.851921296	29.60	0.00
43429.86234	43429	0.862337963	29.56	0.00
43429.87275	43429	0.87275463	29.60	0.00
43429.88317	43429	0.883171296	29.60	0.00
43429.89359	43429	0.893587963	29.68	0.00
43429.904	43429	0.90400463	29.73	0.00
43429.91442	43429	0.914421296	29.77	0.00
43429.92484	43429	0.924837963	29.77	0.00
43429.93525	43429	0.93525463	29.77	0.00
43429.94567	43429	0.945671296	29.81	0.00
43429.95609	43429	0.956087963	29.81	0.00
43429.9665	43429	0.96650463	29.98	0.00
43429.97692	43429	0.976921296	30.03	0.00
43429.98734	43429	0.987337963	30.07	0.00
43429.99775	43429	0.99775463	29.94	0.00
43430.00817	43430	0.008171296	29.90	0.00
43430.01859	43430	0.018587963	29.86	0.00
43430.029	43430	0.02900463	29.77	0.00
43430.03942	43430	0.039421296	29.77	0.00
43430.04984	43430	0.049837963	29.81	0.00
43430.06025	43430	0.06025463	29.77	0.00
43430.07067	43430	0.070671296	29.81	0.00
43430.08109	43430	0.081087963	29.77	0.00
43430.0915	43430	0.09150463	29.73	0.00
43430.10192	43430	0.101921296	29.73	0.00
43430.11234	43430	0.112337963	29.64	0.00
43430.12275	43430	0.12275463	29.60	0.00
43430.13317	43430	0.133171296	29.60	0.00
43430.14359	43430	0.143587963	29.60	0.00
43430.154	43430	0.15400463	29.56	0.00
43430.16442	43430	0.164421296	29.64	0.00
43430.17484	43430	0.174837963	29.68	0.00
43430.18525	43430	0.18525463	29.64	0.00
43430.19567	43430	0.195671296	29.60	0.00
43430.20609	43430	0.206087963	29.56	0.00
43430.2165	43430	0.21650463	29.56	0.21
43430.22692	43430	0.226921296	29.60	11.71
43430.23734	43430	0.237337963	29.56	52.00
43430.24775	43430	0.24775463	29.56	127.92
43430.25817	43430	0.258171296	29.56	217.52
43430.26859	43430	0.268587963	29.51	339.52
43430.279	43430	0.27900463	29.47	471.68
43430.28942	43430	0.289421296	29.51	608.16
43430.29984	43430	0.299837963	29.51	784.00
43430.31025	43430	0.31025463	29.47	919.68
43430.32067	43430	0.320671296	29.56	1026.56
43430.33109	43430	0.331087963	29.56	1075.84
43430.3415	43430	0.34150463	29.56	1163.52
43430.35192	43430	0.351921296	29.60	1254.40
43430.36234	43430	0.362337963	29.56	1303.68
43430.37275	43430	0.37275463	29.64	1438.72
43430.38317	43430	0.383171296	29.64	1480.32
43430.39359	43430	0.393587963	29.64	1564.80
43430.404	43430	0.40400463	29.68	1616.64
43430.41442	43430	0.414421296	29.64	1662.08
43430.42484	43430	0.424837963	29.68	1732.48
43430.43525	43430	0.43525463	29.68	1720.96
43430.44567	43430	0.445671296	29.73	1848.96
43430.45609	43430	0.456087963	29.73	1912.32
43430.4665	43430	0.46650463	29.81	1794.56
43430.47692	43430	0.476921296	29.77	1796.48
43430.48734	43430	0.487337963	29.81	1739.52
43430.49775	43430	0.49775463	29.86	1764.48
43430.50817	43430	0.508171296	29.86	1230.72
43430.51859	43430	0.518587963	30.03	1614.08
43430.529	43430	0.52900463	30.07	1715.84
43430.53942	43430	0.539421296	30.11	1673.60
43430.54984	43430	0.549837963	30.11	1663.36
43430.56025	43430	0.56025463	30.16	1650.56
43430.57067	43430	0.570671296	30.20	1621.76
43430.58109	43430	0.581087963	30.20	1547.52
43430.5915	43430	0.59150463	30.11	1438.72
43430.60192	43430	0.601921296	30.20	1386.24
43430.61234	43430	0.612337963	30.16	1327.36
43430.62275	43430	0.62275463	30.20	1218.56
43430.63317	43430	0.633171296	30.24	1078.40
43430.64359	43430	0.643587963	30.28	984.96
43430.654	43430	0.65400463	30.37	879.04
43430.66442	43430	0.664421296	30.41	800.00
43430.67484	43430	0.674837963	30.46	711.36
43430.68525	43430	0.68525463	30.50	620.80
43430.69567	43430	0.695671296	30.46	546.08
43430.70609	43430	0.706087963	30.41	431.68
43430.7165	43430	0.71650463	30.33	325.04
43430.72692	43430	0.726921296	30.33	279.84
43430.73734	43430	0.737337963	30.28	185.92
43430.74775	43430	0.74775463	30.20	104.96
43430.75817	43430	0.758171296	30.24	43.50
43430.76859	43430	0.768587963	30.28	21.30
43430.779	43430	0.77900463	30.20	2.54
43430.78942	43430	0.789421296	30.16	0.00
43430.79984	43430	0.799837963	30.20	0.00
43430.81025	43430	0.81025463	30.20	0.00
43430.82067	43430	0.820671296	30.20	0.00
43430.83109	43430	0.831087963	30.16	0.00
43430.8415	43430	0.84150463	30.16	0.00
43430.85192	43430	0.851921296	30.16	0.00
43430.86234	43430	0.862337963	30.11	0.00
43430.87275	43430	0.87275463	30.11	0.00
43430.88317	43430	0.883171296	30.20	0.00
43430.89359	43430	0.893587963	30.11	0.00
43430.904	43430	0.90400463	30.16	0.00
43430.91442	43430	0.914421296	30.16	0.00
43430.92484	43430	0.924837963	30.11	0.00
43430.93525	43430	0.93525463	30.16	0.00
43430.94567	43430	0.945671296	30.11	0.00
43430.95609	43430	0.956087963	30.16	0.00
43430.9665	43430	0.96650463	30.24	0.00
43430.97692	43430	0.976921296	30.41	0.00
43430.98734	43430	0.987337963	30.46	0.00
43430.99775	43430	0.99775463	30.50	0.00
43431.00817	43431	0.008171296	30.46	0.00
43431.01859	43431	0.018587963	30.37	0.00
43431.029	43431	0.02900463	30.41	0.00
43431.03942	43431	0.039421296	30.41	0.00
43431.04984	43431	0.049837963	30.46	0.00
43431.06025	43431	0.06025463	30.37	0.00
43431.07067	43431	0.070671296	30.33	0.00
43431.08109	43431	0.081087963	30.33	0.00
43431.0915	43431	0.09150463	30.37	0.00
43431.10192	43431	0.101921296	30.41	0.00
43431.11234	43431	0.112337963	30.37	0.00
43431.12275	43431	0.12275463	30.33	0.00
43431.13317	43431	0.133171296	30.37	0.00
43431.14359	43431	0.143587963	30.28	0.00
43431.154	43431	0.15400463	30.24	0.00
43431.16442	43431	0.164421296	30.20	0.00
43431.17484	43431	0.174837963	30.20	0.00
43431.18525	43431	0.18525463	30.20	0.00
43431.19567	43431	0.195671296	30.20	0.00
43431.20609	43431	0.206087963	30.16	0.00
43431.2165	43431	0.21650463	30.16	0.21
43431.22692	43431	0.226921296	30.20	13.83
43431.23734	43431	0.237337963	30.16	60.56
43431.24775	43431	0.24775463	30.16	156.04
43431.25817	43431	0.258171296	30.20	323.36
43431.26859	43431	0.268587963	30.16	504.00
43431.279	43431	0.27900463	30.16	278.08
43431.28942	43431	0.289421296	30.20	253.44
43431.29984	43431	0.299837963	30.20	714.56
43431.31025	43431	0.31025463	30.20	622.56
43431.32067	43431	0.320671296	30.24	528.96
43431.33109	43431	0.331087963	30.24	1185.60
43431.3415	43431	0.34150463	30.28	583.36
43431.35192	43431	0.351921296	30.28	560.48
43431.36234	43431	0.362337963	30.20	498.88
43431.37275	43431	0.37275463	30.24	628.48
43431.38317	43431	0.383171296	30.20	717.12
43431.39359	43431	0.393587963	30.20	689.92
43431.404	43431	0.40400463	30.20	667.20
43431.41442	43431	0.414421296	30.20	821.44
43431.42484	43431	0.424837963	30.24	875.84
43431.43525	43431	0.43525463	30.28	1327.36
43431.44567	43431	0.445671296	30.28	924.48
43431.45609	43431	0.456087963	30.33	1114.24
43431.4665	43431	0.46650463	30.41	1854.08
43431.47692	43431	0.476921296	30.41	1762.56
43431.48734	43431	0.487337963	30.46	1856.00
43431.49775	43431	0.49775463	30.41	1922.56
43431.50817	43431	0.508171296	30.41	934.72
43431.51859	43431	0.518587963	30.41	969.60
43431.529	43431	0.52900463	30.41	1140.48
43431.53942	43431	0.539421296	30.46	827.20
43431.54984	43431	0.549837963	30.41	1948.16
43431.56025	43431	0.56025463	30.46	1123.52
43431.57067	43431	0.570671296	30.41	711.36
43431.58109	43431	0.581087963	30.50	675.52
43431.5915	43431	0.59150463	30.41	516.64
43431.60192	43431	0.601921296	30.41	483.52
43431.61234	43431	0.612337963	30.37	583.36
43431.62275	43431	0.62275463	30.37	452.16
43431.63317	43431	0.633171296	30.33	418.08
43431.64359	43431	0.643587963	30.33	348.00
43431.654	43431	0.65400463	30.28	304.48
43431.66442	43431	0.664421296	30.28	300.24
43431.67484	43431	0.674837963	30.28	432.64
43431.68525	43431	0.68525463	30.28	701.12
43431.69567	43431	0.695671296	30.24	512.48
43431.70609	43431	0.706087963	30.28	414.72
43431.7165	43431	0.71650463	30.20	231.12
43431.72692	43431	0.726921296	30.16	132.24
43431.73734	43431	0.737337963	30.16	81.88
43431.74775	43431	0.74775463	30.20	53.70
43431.75817	43431	0.758171296	30.16	34.10
43431.76859	43431	0.768587963	30.20	17.45
43431.779	43431	0.77900463	30.28	1.48
43431.78942	43431	0.789421296	30.24	0.00
43431.79984	43431	0.799837963	30.20	0.00
43431.81025	43431	0.81025463	30.16	0.00
43431.82067	43431	0.820671296	30.20	0.00
43431.83109	43431	0.831087963	30.16	0.00
43431.8415	43431	0.84150463	30.16	0.00
43431.85192	43431	0.851921296	30.16	0.00
43431.86234	43431	0.862337963	30.11	0.00
43431.87275	43431	0.87275463	30.16	0.00
43431.88317	43431	0.883171296	30.16	0.00
43431.89359	43431	0.893587963	30.16	0.00
43431.904	43431	0.90400463	30.07	0.00
43431.91442	43431	0.914421296	30.11	0.00
43431.92484	43431	0.924837963	30.07	0.00
43431.93525	43431	0.93525463	30.11	0.00
43431.94567	43431	0.945671296	30.07	0.00
43431.95609	43431	0.956087963	30.11	0.00
43431.9665	43431	0.96650463	30.07	0.00
43431.97692	43431	0.976921296	30.03	0.00
43431.98734	43431	0.987337963	30.03	0.00
43431.99775	43431	0.99775463	30.03	0.00
43432.00817	43432	0.008171296	30.03	0.00
43432.01859	43432	0.018587963	30.03	0.00
43432.029	43432	0.02900463	30.03	0.00
43432.03942	43432	0.039421296	30.03	0.00
43432.04984	43432	0.049837963	29.94	0.00
43432.06025	43432	0.06025463	29.98	0.00
43432.07067	43432	0.070671296	29.90	0.00
43432.08109	43432	0.081087963	29.90	0.00
43432.0915	43432	0.09150463	29.86	0.00
43432.10192	43432	0.101921296	29.90	0.00
43432.11234	43432	0.112337963	29.90	0.00
43432.12275	43432	0.12275463	29.86	0.00
43432.13317	43432	0.133171296	29.86	0.00
43432.14359	43432	0.143587963	29.81	0.00
43432.154	43432	0.15400463	29.86	0.00
43432.16442	43432	0.164421296	29.81	0.00
43432.17484	43432	0.174837963	29.77	0.00
43432.18525	43432	0.18525463	29.77	0.00
43432.19567	43432	0.195671296	29.81	0.00
43432.20609	43432	0.206087963	29.77	0.00
43432.2165	43432	0.21650463	29.77	0.42
43432.22692	43432	0.226921296	29.81	14.90
43432.23734	43432	0.237337963	29.73	63.96
43432.24775	43432	0.24775463	29.73	138.20
43432.25817	43432	0.258171296	29.77	244.72
43432.26859	43432	0.268587963	29.73	320.80
43432.279	43432	0.27900463	29.77	440.16
43432.28942	43432	0.289421296	29.90	551.20
43432.29984	43432	0.299837963	30.03	654.40
43432.31025	43432	0.31025463	30.07	730.88
43432.32067	43432	0.320671296	30.11	997.76
43432.33109	43432	0.331087963	30.07	1167.68
43432.3415	43432	0.34150463	30.16	1263.04
43432.35192	43432	0.351921296	30.11	1637.76
43432.36234	43432	0.362337963	30.11	1786.24
43432.37275	43432	0.37275463	30.11	1606.40
43432.38317	43432	0.383171296	30.16	1068.16
43432.39359	43432	0.393587963	30.16	1651.20
43432.404	43432	0.40400463	30.24	1770.88
43432.41442	43432	0.414421296	30.20	1910.40
43432.42484	43432	0.424837963	30.24	2034.56
43432.43525	43432	0.43525463	30.28	2180.48
43432.44567	43432	0.445671296	30.33	2065.28
43432.45609	43432	0.456087963	30.33	1769.60
43432.4665	43432	0.46650463	30.33	1224.64
43432.47692	43432	0.476921296	30.41	1216.32
43432.48734	43432	0.487337963	30.37	1319.04
43432.49775	43432	0.49775463	30.37	910.08
43432.50817	43432	0.508171296	30.50	1951.36
43432.51859	43432	0.518587963	30.59	1779.84
43432.529	43432	0.52900463	30.59	563.04
43432.53942	43432	0.539421296	30.54	596.16
43432.54984	43432	0.549837963	30.59	484.48
43432.56025	43432	0.56025463	30.63	1007.04
43432.57067	43432	0.570671296	30.63	937.28
43432.58109	43432	0.581087963	30.67	1230.72
43432.5915	43432	0.59150463	30.67	317.20
43432.60192	43432	0.601921296	30.67	182.48
43432.61234	43432	0.612337963	30.67	28.95
43432.62275	43432	0.62275463	30.67	5.94
43432.63317	43432	0.633171296	30.63	57.94
43432.64359	43432	0.643587963	30.59	119.40
43432.654	43432	0.65400463	30.54	143.32
43432.66442	43432	0.664421296	30.54	103.16
43432.67484	43432	0.674837963	30.54	4.67
43432.68525	43432	0.68525463	30.46	2.76
43432.69567	43432	0.695671296	30.41	5.09
43432.70609	43432	0.706087963	30.37	17.47
43432.7165	43432	0.71650463	30.37	21.94
43432.72692	43432	0.726921296	30.33	11.50
43432.73734	43432	0.737337963	30.33	7.22
43432.74775	43432	0.74775463	30.33	4.46
43432.75817	43432	0.758171296	30.24	5.09
43432.76859	43432	0.768587963	30.24	0.63
43432.779	43432	0.77900463	30.24	0.00
43432.78942	43432	0.789421296	30.24	0.00
43432.79984	43432	0.799837963	30.20	0.00
43432.81025	43432	0.81025463	30.24	0.00
43432.82067	43432	0.820671296	30.33	0.00
43432.83109	43432	0.831087963	30.24	0.00
43432.8415	43432	0.84150463	30.28	0.00
43432.85192	43432	0.851921296	30.33	0.00
43432.86234	43432	0.862337963	30.37	0.00
43432.87275	43432	0.87275463	30.37	0.00
43432.88317	43432	0.883171296	30.28	0.00
43432.89359	43432	0.893587963	30.33	0.00
43432.904	43432	0.90400463	30.20	0.00
43432.91442	43432	0.914421296	30.16	0.00
43432.92484	43432	0.924837963	30.20	0.00
43432.93525	43432	0.93525463	30.20	0.00
43432.94567	43432	0.945671296	30.20	0.00
43432.95609	43432	0.956087963	30.24	0.00
43432.9665	43432	0.96650463	30.28	0.00
43432.97692	43432	0.976921296	30.28	0.00
43432.98734	43432	0.987337963	30.24	0.00
43432.99775	43432	0.99775463	30.24	0.00
43433.00817	43433	0.008171296	30.20	0.00
43433.01859	43433	0.018587963	30.20	0.00
43433.029	43433	0.02900463	30.20	0.00
43433.03942	43433	0.039421296	30.20	0.00
43433.04984	43433	0.049837963	30.24	0.00
43433.06025	43433	0.06025463	30.20	0.00
43433.07067	43433	0.070671296	30.20	0.00
43433.08109	43433	0.081087963	30.16	0.00
43433.0915	43433	0.09150463	30.16	0.00
43433.10192	43433	0.101921296	30.20	0.00
43433.11234	43433	0.112337963	30.16	0.00
43433.12275	43433	0.12275463	30.16	0.00
43433.13317	43433	0.133171296	30.20	0.00
43433.14359	43433	0.143587963	30.16	0.00
43433.154	43433	0.15400463	30.16	0.00
43433.16442	43433	0.164421296	30.11	0.00
43433.17484	43433	0.174837963	30.20	0.00
43433.18525	43433	0.18525463	30.11	0.00
43433.19567	43433	0.195671296	30.11	0.00
43433.20609	43433	0.206087963	30.11	0.00
43433.2165	43433	0.21650463	30.11	0.42
43433.22692	43433	0.226921296	30.11	11.07
43433.23734	43433	0.237337963	30.07	52.42
43433.24775	43433	0.24775463	30.07	114.32
43433.25817	43433	0.258171296	30.03	209.04
43433.26859	43433	0.268587963	30.03	299.36
43433.279	43433	0.27900463	30.07	406.24
43433.28942	43433	0.289421296	30.11	540.16
43433.29984	43433	0.299837963	30.11	631.04
43433.31025	43433	0.31025463	30.16	782.40
43433.32067	43433	0.320671296	30.07	962.88
43433.33109	43433	0.331087963	30.11	1162.56
43433.3415	43433	0.34150463	30.11	1311.36
43433.35192	43433	0.351921296	30.11	1432.96
43433.36234	43433	0.362337963	30.07	1769.60
43433.37275	43433	0.37275463	30.11	1757.44
43433.38317	43433	0.383171296	30.16	1923.84
43433.39359	43433	0.393587963	30.20	1988.48
43433.404	43433	0.40400463	30.20	1824.00
43433.41442	43433	0.414421296	30.20	1913.60
43433.42484	43433	0.424837963	30.24	1949.44
43433.43525	43433	0.43525463	30.24	2085.76
43433.44567	43433	0.445671296	30.28	2031.36
43433.45609	43433	0.456087963	30.28	1912.32
43433.4665	43433	0.46650463	30.33	1854.08
43433.47692	43433	0.476921296	30.33	1784.96
43433.48734	43433	0.487337963	30.33	1740.16
43433.49775	43433	0.49775463	30.33	1694.72
43433.50817	43433	0.508171296	30.37	1399.04
43433.51859	43433	0.518587963	30.37	1534.72
43433.529	43433	0.52900463	30.37	1400.32
43433.53942	43433	0.539421296	30.41	1320.32
43433.54984	43433	0.549837963	30.41	1255.36
43433.56025	43433	0.56025463	30.37	1219.52
43433.57067	43433	0.570671296	30.41	1121.92
43433.58109	43433	0.581087963	30.46	1035.84
43433.5915	43433	0.59150463	30.59	886.40
43433.60192	43433	0.601921296	30.54	786.56
43433.61234	43433	0.612337963	30.63	802.56
43433.62275	43433	0.62275463	30.63	659.52
43433.63317	43433	0.633171296	30.71	579.20
43433.64359	43433	0.643587963	30.71	452.96
43433.654	43433	0.65400463	30.80	344.64
43433.66442	43433	0.664421296	30.84	284.08
43433.67484	43433	0.674837963	30.89	223.52
43433.68525	43433	0.68525463	30.93	358.24
43433.69567	43433	0.695671296	30.93	165.52
43433.70609	43433	0.706087963	30.93	134.72
43433.7165	43433	0.71650463	30.93	171.44
43433.72692	43433	0.726921296	30.93	174.00
