date.time	date	time	temp	lux
43423.69583	43423	0.695833333	28.7	184.00
43423.70625	43423	0.70625	27.88	27.00
43423.71667	43423	0.716666667	27.63	22.00
43423.72708	43423	0.727083333	27.75	22.00
43423.7375	43423	0.7375	27.75	23.00
43423.74792	43423	0.747916667	27.75	22.00
43423.75833	43423	0.758333333	27.8	23.00
43423.76875	43423	0.76875	27.75	22.00
43423.77917	43423	0.779166667	27.8	22.00
43423.78958	43423	0.789583333	27.8	22.00
43423.8	43423	0.8	27.8	22.00
43423.81042	43423	0.810416667	26.98	0.00
43423.82083	43423	0.820833333	26.64	0.00
43423.83125	43423	0.83125	26.55	0.00
43423.84167	43423	0.841666667	26.47	0.00
43423.85208	43423	0.852083333	26.42	0.00
43423.8625	43423	0.8625	26.38	0.00
43423.87292	43423	0.872916667	26.38	0.00
43423.88333	43423	0.883333333	26.38	0.00
43423.89375	43423	0.89375	26.38	0.00
43423.90417	43423	0.904166667	26.3	0.00
43423.91458	43423	0.914583333	26.25	0.00
43423.925	43423	0.925	26.3	0.00
43423.93542	43423	0.935416667	26.3	0.00
43423.94583	43423	0.945833333	26.3	0.00
43423.95625	43423	0.95625	26.25	0.00
43423.96667	43423	0.966666667	26.3	0.00
43423.97708	43423	0.977083333	26.3	0.00
43423.9875	43423	0.9875	26.3	0.00
43423.99792	43423	0.997916667	26.3	0.00
43424.00833	43424	0.008333333	26.25	0.00
43424.01875	43424	0.01875	26.25	0.00
43424.02917	43424	0.029166667	26.3	0.00
43424.03958	43424	0.039583333	26.3	0.00
43424.05	43424	0.05	26.3	0.00
43424.06042	43424	0.060416667	26.3	0.00
43424.07083	43424	0.070833333	26.25	0.00
43424.08125	43424	0.08125	26.25	0.00
43424.09167	43424	0.091666667	26.3	0.00
43424.10208	43424	0.102083333	26.25	0.00
43424.1125	43424	0.1125	26.25	0.00
43424.12292	43424	0.122916667	26.25	0.00
43424.13333	43424	0.133333333	26.25	0.00
43424.14375	43424	0.14375	26.21	0.00
43424.15417	43424	0.154166667	26.3	0.00
43424.16458	43424	0.164583333	26.21	0.00
43424.175	43424	0.175	26.25	0.00
43424.18542	43424	0.185416667	26.21	0.00
43424.19583	43424	0.195833333	26.21	0.00
43424.20625	43424	0.20625	26.21	0.00
43424.21667	43424	0.216666667	26.25	0.00
43424.22708	43424	0.227083333	26.25	25.00
43424.2375	43424	0.2375	26.21	29.00
43424.24792	43424	0.247916667	26.25	43.00
43424.25833	43424	0.258333333	26.3	132.00
43424.26875	43424	0.26875	26.38	458.00
43424.27917	43424	0.279166667	26.81	909.00
43424.28958	43424	0.289583333	27.15	940.00
43424.3	43424	0.3	27.8	1722.00
43424.31042	43424	0.310416667	27.67	1736.00
43424.32083	43424	0.320833333	28.4	3889.00
43424.33125	43424	0.33125	28.74	3895.00
43424.34167	43424	0.341666667	31.4	1534.00
43424.35208	43424	0.352083333	30.03	1029.00
43424.3625	43424	0.3625	27.37	166.00
43424.37292	43424	0.372916667	25.87	344.00
43424.38333	43424	0.383333333	26.21	285.00
43424.39375	43424	0.39375	26.3	146.00
43424.39514	43424	0.395138889	 	 
43424.40417	43424	0.404166667	26.3	560.00
43424.41458	43424	0.414583333	26.38	1231.00
43424.425	43424	0.425	26.81	1550.00
43424.43542	43424	0.435416667	26.81	1405.00
43424.44583	43424	0.445833333	26.51	1218.00
43424.45625	43424	0.45625	25.99	1020.00
43424.46667	43424	0.466666667	25.91	888.00
43424.47708	43424	0.477083333	25.74	690.00
43424.4875	43424	0.4875	26.25	4704.00
43424.49792	43424	0.497916667	27.28	1126.00
43424.50833	43424	0.508333333	28.27	4436.00
43424.51875	43424	0.51875	31.1	29491.00
43424.52917	43424	0.529166667	33.37	2620.00
43424.53958	43424	0.539583333	35.52	7839.00
43424.55	43424	0.55	30.03	11172.00
43424.56042	43424	0.560416667	29.26	26870.00
43424.57083	43424	0.570833333	29.21	41431.00
43424.58125	43424	0.58125	29.47	32328.00
43424.59167	43424	0.591666667	29.38	23276.00
43424.60208	43424	0.602083333	29.47	33485.00
43424.6125	43424	0.6125	29.38	33352.00
43424.62292	43424	0.622916667	29.3	26368.00
43424.63333	43424	0.633333333	29.3	27136.00
43424.64375	43424	0.64375	29.21	23255.00
43424.65417	43424	0.654166667	29.04	20526.00
43424.66458	43424	0.664583333	28.83	4210.00
43424.675	43424	0.675	28.95	14740.00
43424.68542	43424	0.685416667	28.78	6518.00
43424.69583	43424	0.695833333	28.7	2854.00
43424.70625	43424	0.70625	28.74	5381.00
43424.71667	43424	0.716666667	28.65	2198.00
43424.71944	43424	0.719444444	 	 
43424.71944	43424	0.719444444	 	 
43424.71944	43424	0.719444444	 	 
43424.71944	43424	0.719444444	 	 
43424.71944	43424	0.719444444	 	 
43424.71944	43424	0.719444444	 	 
43424.71944	43424	0.719444444	 	 
43424.71944	43424	0.719444444	 	 
43424.71944	43424	0.719444444	 	 
43424.72014	43424	0.720138889	 	 
43424.72014	43424	0.720138889	 	 
43424.72014	43424	0.720138889	 	 
43424.72014	43424	0.720138889	 	 
43424.72014	43424	0.720138889	 	 
43424.72014	43424	0.720138889	 	 
43424.72014	43424	0.720138889	 	 
43424.72014	43424	0.720138889	 	 
43424.72014	43424	0.720138889	 	 
43424.72014	43424	0.720138889	 	 
43424.72014	43424	0.720138889	 	 
43424.72014	43424	0.720138889	 	 
43424.72014	43424	0.720138889	 	 
43424.72014	43424	0.720138889	 	 
43424.72014	43424	0.720138889	 	 
43424.72014	43424	0.720138889	 	 
43424.72014	43424	0.720138889	 	 
43424.72014	43424	0.720138889	 	 
43424.72014	43424	0.720138889	 	 
43424.72083	43424	0.720833333	 	 
43424.72083	43424	0.720833333	 	 
43424.72083	43424	0.720833333	 	 
43424.72083	43424	0.720833333	 	 
43424.72083	43424	0.720833333	 	 
43424.72083	43424	0.720833333	 	 
43424.72083	43424	0.720833333	 	 
43424.72083	43424	0.720833333	 	 
43424.72083	43424	0.720833333	 	 
43424.72083	43424	0.720833333	 	 
43424.72083	43424	0.720833333	 	 
43424.72083	43424	0.720833333	 	 
43424.72083	43424	0.720833333	 	 
43424.72083	43424	0.720833333	 	 
43424.72083	43424	0.720833333	 	 
43424.72083	43424	0.720833333	 	 
43424.72083	43424	0.720833333	 	 
43424.72083	43424	0.720833333	 	 
43424.72083	43424	0.720833333	 	 
43424.72083	43424	0.720833333	 	 
43424.72083	43424	0.720833333	 	 
43424.72083	43424	0.720833333	 	 
43424.72083	43424	0.720833333	 	 
43424.72083	43424	0.720833333	 	 
43424.72083	43424	0.720833333	 	 
43424.72083	43424	0.720833333	 	 
43424.72083	43424	0.720833333	 	 
43424.72153	43424	0.721527778	 	 
43424.72153	43424	0.721527778	 	 
43424.72153	43424	0.721527778	 	 
43424.72153	43424	0.721527778	 	 
43424.72153	43424	0.721527778	 	 
43424.72153	43424	0.721527778	 	 
43424.72153	43424	0.721527778	 	 
43424.72153	43424	0.721527778	 	 
43424.72222	43424	0.722222222	 	 
43424.72222	43424	0.722222222	 	 
43424.72222	43424	0.722222222	 	 
43424.72708	43424	0.727083333	28.7	3633.00
43424.7375	43424	0.7375	28.65	2298.00
43424.74792	43424	0.747916667	28.65	1373.00
43424.75833	43424	0.758333333	28.57	601.00
43424.76875	43424	0.76875	28.53	184.00
43424.77917	43424	0.779166667	28.57	18.00
43424.78958	43424	0.789583333	28.53	0.00
43424.8	43424	0.8	28.53	0.00
43424.81042	43424	0.810416667	28.53	0.00
43424.82083	43424	0.820833333	28.48	0.00
43424.83125	43424	0.83125	28.48	0.00
43424.84167	43424	0.841666667	28.48	0.00
43424.85208	43424	0.852083333	28.44	0.00
43424.8625	43424	0.8625	28.48	0.00
43424.87292	43424	0.872916667	28.44	0.00
43424.88333	43424	0.883333333	28.44	0.00
43424.8875	43424	0.8875	 	 
43424.88819	43424	0.888194444	 	 
43424.88819	43424	0.888194444	 	 
43424.88889	43424	0.888888889	 	 
43424.88889	43424	0.888888889	 	 
43424.88889	43424	0.888888889	 	 
43424.88889	43424	0.888888889	 	 
43424.88889	43424	0.888888889	 	 
43424.88889	43424	0.888888889	 	 
43424.88889	43424	0.888888889	 	 
43424.88889	43424	0.888888889	 	 
43424.88958	43424	0.889583333	 	 
43424.88958	43424	0.889583333	 	 
43424.88958	43424	0.889583333	 	 
43424.88958	43424	0.889583333	 	 
43424.88958	43424	0.889583333	 	 
43424.88958	43424	0.889583333	 	 
43424.88958	43424	0.889583333	 	 
43424.88958	43424	0.889583333	 	 
43424.88958	43424	0.889583333	 	 
43424.88958	43424	0.889583333	 	 
43424.88958	43424	0.889583333	 	 
43424.88958	43424	0.889583333	 	 
43424.88958	43424	0.889583333	 	 
43424.88958	43424	0.889583333	 	 
43424.88958	43424	0.889583333	 	 
43424.88958	43424	0.889583333	 	 
43424.88958	43424	0.889583333	 	 
43424.88958	43424	0.889583333	 	 
43424.89028	43424	0.890277778	 	 
