date.time	date	time	temp	lux
43423.69729	43423	0.697291667	28.95	19.45
43423.70771	43423	0.707708333	27.75	4.73
43423.71813	43423	0.718125	27.58	4.73
43423.72854	43423	0.728541667	27.67	4.95
43423.73896	43423	0.738958333	27.67	4.73
43423.74938	43423	0.749375	27.67	4.73
43423.75979	43423	0.759791667	27.63	4.73
43423.77021	43423	0.770208333	27.71	4.30
43423.78063	43423	0.780625	27.71	4.30
43423.79104	43423	0.791041667	27.71	4.30
43423.80146	43423	0.801458333	27.71	4.30
43423.81188	43423	0.811875	27.07	0.00
43423.82229	43423	0.822291667	26.85	0.00
43423.83271	43423	0.832708333	26.68	0.00
43423.84313	43423	0.843125	26.60	0.00
43423.85354	43423	0.853541667	26.60	0.00
43423.86396	43423	0.863958333	26.47	0.00
43423.87438	43423	0.874375	26.51	0.00
43423.88479	43423	0.884791667	26.47	0.00
43423.89521	43423	0.895208333	26.42	0.00
43423.90563	43423	0.905625	26.30	0.00
43423.91604	43423	0.916041667	26.30	0.00
43423.92646	43423	0.926458333	26.34	0.00
43423.93688	43423	0.936875	26.30	0.00
43423.94729	43423	0.947291667	26.34	0.00
43423.95771	43423	0.957708333	26.34	0.00
43423.96813	43423	0.968125	26.25	0.00
43423.97854	43423	0.978541667	26.25	0.00
43423.98896	43423	0.988958333	26.34	0.00
43423.99938	43423	0.999375	26.34	0.00
43424.00979	43424	0.009791667	26.25	0.00
43424.02021	43424	0.020208333	26.30	0.00
43424.03063	43424	0.030625	26.30	0.00
43424.04104	43424	0.041041667	26.34	0.00
43424.05146	43424	0.051458333	26.30	0.00
43424.06188	43424	0.061875	26.34	0.00
43424.07229	43424	0.072291667	26.30	0.00
43424.08271	43424	0.082708333	26.30	0.00
43424.09313	43424	0.093125	26.34	0.00
43424.10354	43424	0.103541667	26.30	0.00
43424.11396	43424	0.113958333	26.30	0.00
43424.12438	43424	0.124375	26.25	0.00
43424.13479	43424	0.134791667	26.30	0.00
43424.14521	43424	0.145208333	26.30	0.00
43424.15563	43424	0.155625	26.30	0.00
43424.16604	43424	0.166041667	26.30	0.00
43424.17646	43424	0.176458333	26.30	0.00
43424.18688	43424	0.186875	26.30	0.00
43424.19729	43424	0.197291667	26.30	0.00
43424.20771	43424	0.207708333	26.25	0.00
43424.21813	43424	0.218125	26.25	0.00
43424.22854	43424	0.228541667	26.30	5.81
43424.23896	43424	0.238958333	26.25	9.92
43424.24938	43424	0.249375	26.25	18.34
43424.25979	43424	0.259791667	26.30	83.08
43424.27021	43424	0.270208333	26.42	396.80
43424.28063	43424	0.280625	26.81	676.48
43424.29104	43424	0.291041667	27.15	1479.04
43424.30146	43424	0.301458333	27.54	491.52
43424.31188	43424	0.311875	27.50	848.00
43424.32229	43424	0.322291667	27.97	945.92
43424.33271	43424	0.332708333	28.10	1383.04
43424.34313	43424	0.343125	31.61	7700.48
43424.35354	43424	0.353541667	34.32	8271.36
43424.36396	43424	0.363958333	28.23	7815.68
43424.37438	43424	0.374375	26.85	6067.20
43424.38479	43424	0.384791667	27.97	4025.60
43424.39521	43424	0.395208333	27.71	4290.56
43424.40563	43424	0.405625	26.72	1847.04
43424.41604	43424	0.416041667	27.07	3042.56
43424.42646	43424	0.426458333	28.10	6927.36
43424.43688	43424	0.436875	28.61	10833.92
43424.44729	43424	0.447291667	27.97	7823.36
43424.45771	43424	0.457708333	27.37	7232.00
43424.46813	43424	0.468125	26.94	5406.72
43424.47854	43424	0.478541667	27.02	8271.36
43424.48896	43424	0.488958333	26.90	4765.44
43424.49938	43424	0.499375	26.94	3221.76
43424.50979	43424	0.509791667	27.75	3114.24
43424.52021	43424	0.520208333	29.77	17786.88
43424.53063	43424	0.530625	29.81	2890.24
43424.54104	43424	0.541041667	30.54	2105.60
43424.55146	43424	0.551458333	30.37	28200.96
43424.56188	43424	0.561875	28.74	1699.20
43424.57229	43424	0.572291667	28.61	1292.16
43424.58271	43424	0.582708333	28.70	2671.36
43424.59313	43424	0.593125	28.70	2520.32
43424.60354	43424	0.603541667	28.74	2255.36
43424.61396	43424	0.613958333	28.74	2198.40
43424.62438	43424	0.624375	28.65	2225.92
43424.63479	43424	0.634791667	28.70	2086.40
43424.64521	43424	0.645208333	28.65	2040.32
43424.65563	43424	0.655625	28.70	1861.12
43424.66604	43424	0.666041667	28.61	510.08
43424.67646	43424	0.676458333	28.65	1361.92
43424.68688	43424	0.686875	28.61	402.88
43424.69729	43424	0.697291667	28.65	264.48
43424.70771	43424	0.707708333	28.61	249.84
43424.71813	43424	0.718125	28.57	435.52
43424.72854	43424	0.728541667	28.61	428.64
43424.73896	43424	0.738958333	28.61	265.36
43424.74938	43424	0.749375	28.61	145.16
43424.75979	43424	0.759791667	28.57	57.02
43424.77021	43424	0.770208333	28.61	16.17
43424.78063	43424	0.780625	28.53	0.86
43424.79104	43424	0.791041667	28.53	0.00
43424.80146	43424	0.801458333	28.48	0.00
43424.81188	43424	0.811875	28.48	0.00
43424.82229	43424	0.822291667	28.48	0.00
43424.83271	43424	0.832708333	28.48	0.00
43424.84313	43424	0.843125	28.48	0.00
43424.85354	43424	0.853541667	28.48	0.00
43424.86396	43424	0.863958333	28.44	0.00
43424.87438	43424	0.874375	28.44	0.00
43424.88479	43424	0.884791667	28.44	0.00
43424.89521	43424	0.895208333	28.44	0.00
43424.90563	43424	0.905625	28.44	0.00
43424.91604	43424	0.916041667	28.40	0.00
43424.92646	43424	0.926458333	28.44	0.00
43424.93688	43424	0.936875	28.40	0.00
43424.94729	43424	0.947291667	28.31	0.00
43424.95771	43424	0.957708333	28.27	0.00
43424.96813	43424	0.968125	28.27	0.00
43424.97854	43424	0.978541667	28.23	0.00
43424.98896	43424	0.988958333	28.05	0.00
43424.99938	43424	0.999375	28.01	0.00
43425.00979	43425	0.009791667	28.01	0.00
43425.02021	43425	0.020208333	28.10	0.00
43425.03063	43425	0.030625	28.10	0.00
43425.04104	43425	0.041041667	28.10	0.00
43425.05146	43425	0.051458333	28.14	0.00
43425.06188	43425	0.061875	28.18	0.00
43425.07229	43425	0.072291667	28.18	0.00
43425.08271	43425	0.082708333	28.18	0.00
43425.09313	43425	0.093125	28.10	0.00
43425.10354	43425	0.103541667	28.10	0.00
43425.11396	43425	0.113958333	28.18	0.00
43425.12438	43425	0.124375	28.23	0.00
43425.13479	43425	0.134791667	28.23	0.00
43425.14521	43425	0.145208333	28.27	0.00
43425.15563	43425	0.155625	28.31	0.00
43425.16604	43425	0.166041667	28.35	0.00
43425.17646	43425	0.176458333	28.31	0.00
43425.18688	43425	0.186875	28.35	0.00
43425.19729	43425	0.197291667	28.35	0.00
43425.20771	43425	0.207708333	28.35	0.00
43425.21813	43425	0.218125	28.31	0.86
43425.22854	43425	0.228541667	28.31	11.00
43425.23896	43425	0.238958333	28.31	45.78
43425.24938	43425	0.249375	28.27	95.00
43425.25979	43425	0.259791667	28.27	211.76
43425.27021	43425	0.270208333	28.23	398.08
43425.28063	43425	0.280625	28.27	594.40
43425.29104	43425	0.291041667	28.31	605.60
43425.30146	43425	0.301458333	28.31	680.96
43425.31188	43425	0.311875	28.27	751.36
43425.32229	43425	0.322291667	28.35	470.08
43425.33271	43425	0.332708333	28.35	1183.68
43425.34313	43425	0.343125	28.35	517.44
43425.35354	43425	0.353541667	28.35	1352.96
43425.36396	43425	0.363958333	28.40	1560.32
43425.37438	43425	0.374375	28.40	1479.68
43425.38479	43425	0.384791667	28.40	1854.08
43425.39521	43425	0.395208333	28.40	578.88
43425.40563	43425	0.405625	28.44	565.12
43425.41604	43425	0.416041667	28.48	673.92
43425.42646	43425	0.426458333	28.44	2284.80
43425.43688	43425	0.436875	28.48	686.08
43425.44729	43425	0.447291667	28.53	2353.28
43425.45771	43425	0.457708333	28.48	1322.88
43425.46813	43425	0.468125	28.48	625.92
43425.47854	43425	0.478541667	28.57	1141.44
43425.48896	43425	0.488958333	28.61	2067.84
43425.49938	43425	0.499375	28.61	2606.72
43425.50979	43425	0.509791667	28.61	2763.52
43425.52021	43425	0.520208333	28.65	2486.40
43425.53063	43425	0.530625	28.61	1268.16
43425.54104	43425	0.541041667	28.65	2918.40
43425.55146	43425	0.551458333	28.65	2908.16
43425.56188	43425	0.561875	28.65	1137.28
43425.57229	43425	0.572291667	28.65	2594.56
43425.58271	43425	0.582708333	28.70	2548.48
43425.59313	43425	0.593125	28.65	2504.96
43425.60354	43425	0.603541667	28.65	2618.88
43425.61396	43425	0.613958333	28.65	695.36
43425.62438	43425	0.624375	28.70	2069.76
43425.63479	43425	0.634791667	28.70	2355.20
43425.64521	43425	0.645208333	28.70	2135.04
43425.65563	43425	0.655625	28.65	1868.16
43425.66604	43425	0.666041667	28.65	1701.76
43425.67646	43425	0.676458333	28.61	1430.40
43425.68688	43425	0.686875	28.61	1119.04
43425.69729	43425	0.697291667	28.65	956.48
43425.70771	43425	0.707708333	28.61	787.20
43425.71813	43425	0.718125	28.61	642.72
43425.72854	43425	0.728541667	28.65	464.00
43425.73896	43425	0.738958333	28.65	286.88
43425.74938	43425	0.749375	28.65	152.92
43425.75979	43425	0.759791667	28.57	53.54
43425.77021	43425	0.770208333	28.53	13.37
43425.78063	43425	0.780625	28.53	0.64
43425.79104	43425	0.791041667	28.48	0.00
43425.80146	43425	0.801458333	28.53	0.00
43425.81188	43425	0.811875	28.53	0.00
43425.82229	43425	0.822291667	28.48	0.00
43425.83271	43425	0.832708333	28.48	0.00
43425.84313	43425	0.843125	28.48	0.00
43425.85354	43425	0.853541667	28.44	0.00
43425.86396	43425	0.863958333	28.48	0.00
43425.87438	43425	0.874375	28.44	0.00
43425.88479	43425	0.884791667	28.40	0.00
43425.89521	43425	0.895208333	28.44	0.00
43425.90563	43425	0.905625	28.40	0.00
43425.91604	43425	0.916041667	28.44	0.00
43425.92646	43425	0.926458333	28.44	0.00
43425.93688	43425	0.936875	28.40	0.00
43425.94729	43425	0.947291667	28.40	0.00
43425.95771	43425	0.957708333	28.40	0.00
43425.96813	43425	0.968125	28.44	0.00
43425.97854	43425	0.978541667	28.35	0.00
43425.98896	43425	0.988958333	28.31	0.00
43425.99938	43425	0.999375	28.27	0.00
43426.00979	43426	0.009791667	28.23	0.00
43426.02021	43426	0.020208333	28.14	0.00
43426.03063	43426	0.030625	28.10	0.00
43426.04104	43426	0.041041667	28.05	0.00
43426.05146	43426	0.051458333	28.18	0.00
43426.06188	43426	0.061875	28.23	0.00
43426.07229	43426	0.072291667	28.23	0.00
43426.08271	43426	0.082708333	28.27	0.00
43426.09313	43426	0.093125	28.23	0.00
43426.10354	43426	0.103541667	28.18	0.00
43426.11396	43426	0.113958333	28.18	0.00
43426.12438	43426	0.124375	28.23	0.00
43426.13479	43426	0.134791667	28.18	0.00
43426.14521	43426	0.145208333	28.18	0.00
43426.15563	43426	0.155625	28.18	0.00
43426.16604	43426	0.166041667	28.18	0.00
43426.17646	43426	0.176458333	28.23	0.00
43426.18688	43426	0.186875	28.27	0.00
43426.19729	43426	0.197291667	28.31	0.00
43426.20771	43426	0.207708333	28.31	0.00
43426.21813	43426	0.218125	28.35	1.07
43426.22854	43426	0.228541667	28.40	16.38
43426.23896	43426	0.238958333	28.35	55.30
43426.24938	43426	0.249375	28.35	126.96
43426.25979	43426	0.259791667	28.35	225.52
43426.27021	43426	0.270208333	28.35	376.64
43426.28063	43426	0.280625	28.40	270.56
43426.29104	43426	0.291041667	28.40	325.84
43426.30146	43426	0.301458333	28.35	414.88
43426.31188	43426	0.311875	28.40	978.88
43426.32229	43426	0.322291667	28.44	497.60
43426.33271	43426	0.332708333	28.44	377.44
43426.34313	43426	0.343125	28.44	649.12
43426.35354	43426	0.353541667	28.44	463.20
43426.36396	43426	0.363958333	28.48	1329.28
43426.37438	43426	0.374375	28.53	1305.92
43426.38479	43426	0.384791667	28.53	1399.04
43426.39521	43426	0.395208333	28.53	1461.76
43426.40563	43426	0.405625	28.57	1628.80
43426.41604	43426	0.416041667	28.57	1697.28
43426.42646	43426	0.426458333	28.61	2080.00
43426.43688	43426	0.436875	28.61	2100.48
43426.44729	43426	0.447291667	28.61	928.00
43426.45771	43426	0.457708333	28.65	1117.44
43426.46813	43426	0.468125	28.70	1525.12
43426.47854	43426	0.478541667	28.70	1756.16
43426.48896	43426	0.488958333	28.70	1176.64
43426.49938	43426	0.499375	28.70	2394.88
43426.50979	43426	0.509791667	28.70	2344.96
43426.52021	43426	0.520208333	28.70	868.48
43426.53063	43426	0.530625	28.74	2684.16
43426.54104	43426	0.541041667	28.78	2584.32
43426.55146	43426	0.551458333	28.78	2668.80
43426.56188	43426	0.561875	28.74	2501.76
43426.57229	43426	0.572291667	28.78	2055.68
43426.58271	43426	0.582708333	28.78	2598.40
43426.59313	43426	0.593125	28.78	2359.04
43426.60354	43426	0.603541667	28.74	2302.08
43426.61396	43426	0.613958333	28.78	2212.48
43426.62438	43426	0.624375	28.78	2093.44
43426.63479	43426	0.634791667	28.78	2074.88
43426.64521	43426	0.645208333	28.74	706.56
43426.65563	43426	0.655625	28.78	2058.88
43426.66604	43426	0.666041667	28.74	1622.40
43426.67646	43426	0.676458333	28.74	481.28
43426.68688	43426	0.686875	28.70	117.52
43426.69729	43426	0.697291667	28.70	90.72
43426.70771	43426	0.707708333	28.70	72.10
43426.71813	43426	0.718125	28.70	146.04
43426.72854	43426	0.728541667	28.70	158.08
43426.73896	43426	0.738958333	28.70	82.08
43426.74938	43426	0.749375	28.70	97.60
43426.75979	43426	0.759791667	28.65	26.79
43426.77021	43426	0.770208333	28.65	4.52
43426.78063	43426	0.780625	28.65	0.00
43426.79104	43426	0.791041667	28.61	0.00
43426.80146	43426	0.801458333	28.61	0.00
43426.81188	43426	0.811875	28.65	0.00
43426.82229	43426	0.822291667	28.61	0.00
43426.83271	43426	0.832708333	28.65	0.00
43426.84313	43426	0.843125	28.61	0.00
43426.85354	43426	0.853541667	28.65	0.00
43426.86396	43426	0.863958333	28.57	0.00
43426.87438	43426	0.874375	28.61	0.00
43426.88479	43426	0.884791667	28.61	0.00
43426.89521	43426	0.895208333	28.61	0.00
43426.90563	43426	0.905625	28.57	0.00
43426.91604	43426	0.916041667	28.57	0.00
43426.92646	43426	0.926458333	28.65	0.00
43426.93688	43426	0.936875	28.57	0.00
43426.94729	43426	0.947291667	28.61	0.00
43426.95771	43426	0.957708333	28.57	0.00
43426.96813	43426	0.968125	28.61	0.00
43426.97854	43426	0.978541667	28.57	0.00
43426.98896	43426	0.988958333	28.53	0.00
43426.99938	43426	0.999375	28.53	0.00
43427.00979	43427	0.009791667	28.48	0.00
43427.02021	43427	0.020208333	28.48	0.00
43427.03063	43427	0.030625	28.40	0.00
43427.04104	43427	0.041041667	28.35	0.00
43427.05146	43427	0.051458333	28.31	0.00
43427.06188	43427	0.061875	28.31	0.00
43427.07229	43427	0.072291667	28.31	0.00
43427.08271	43427	0.082708333	28.35	0.00
43427.09313	43427	0.093125	28.44	0.00
43427.10354	43427	0.103541667	28.44	0.00
43427.11396	43427	0.113958333	28.48	0.00
43427.12438	43427	0.124375	28.48	0.00
43427.13479	43427	0.134791667	28.48	0.00
43427.14521	43427	0.145208333	28.48	0.00
43427.15563	43427	0.155625	28.48	0.00
43427.16604	43427	0.166041667	28.48	0.00
43427.17646	43427	0.176458333	28.48	0.00
43427.18688	43427	0.186875	28.44	0.00
43427.19729	43427	0.197291667	28.48	0.00
43427.20771	43427	0.207708333	28.48	0.00
43427.21813	43427	0.218125	28.48	0.00
43427.22854	43427	0.228541667	28.53	6.02
43427.23896	43427	0.238958333	28.53	18.99
43427.24938	43427	0.249375	28.57	36.69
43427.25979	43427	0.259791667	28.53	110.60
43427.27021	43427	0.270208333	28.44	189.20
43427.28063	43427	0.280625	28.53	218.64
43427.29104	43427	0.291041667	28.53	475.20
43427.30146	43427	0.301458333	28.53	349.92
43427.31188	43427	0.311875	28.53	704.96
43427.32229	43427	0.322291667	28.61	909.76
43427.33271	43427	0.332708333	28.61	817.28
43427.34313	43427	0.343125	28.65	1046.72
43427.35354	43427	0.353541667	28.61	1069.12
43427.36396	43427	0.363958333	28.65	1144.00
43427.37438	43427	0.374375	28.65	1161.28
43427.38479	43427	0.384791667	28.70	1243.20
43427.39521	43427	0.395208333	28.70	1472.00
43427.40563	43427	0.405625	28.74	1514.24
43427.41604	43427	0.416041667	28.78	1514.24
43427.42646	43427	0.426458333	28.78	1736.32
43427.43688	43427	0.436875	28.78	1738.24
43427.44729	43427	0.447291667	28.83	1724.16
43427.45771	43427	0.457708333	28.87	2086.40
43427.46813	43427	0.468125	28.78	1095.04
43427.47854	43427	0.478541667	28.87	781.12
43427.48896	43427	0.488958333	28.78	827.52
43427.49938	43427	0.499375	28.91	2293.12
43427.50979	43427	0.509791667	28.95	942.72
43427.52021	43427	0.520208333	29.00	1850.88
43427.53063	43427	0.530625	29.00	2088.32
43427.54104	43427	0.541041667	29.04	2162.56
43427.55146	43427	0.551458333	29.08	2157.44
43427.56188	43427	0.561875	29.17	2148.48
43427.57229	43427	0.572291667	29.21	2069.76
43427.58271	43427	0.582708333	29.21	2126.08
43427.59313	43427	0.593125	29.26	2190.08
43427.60354	43427	0.603541667	29.26	2095.36
43427.61396	43427	0.613958333	29.21	2002.56
43427.62438	43427	0.624375	29.21	1975.04
43427.63479	43427	0.634791667	29.21	1888.64
43427.64521	43427	0.645208333	29.17	1687.04
43427.65563	43427	0.655625	29.17	1627.52
43427.66604	43427	0.666041667	29.13	1461.76
43427.67646	43427	0.676458333	29.08	1303.36
43427.68688	43427	0.686875	29.17	1168.96
43427.69729	43427	0.697291667	29.13	915.84
43427.70771	43427	0.707708333	29.08	669.76
43427.71813	43427	0.718125	29.04	461.44
43427.72854	43427	0.728541667	29.04	363.68
43427.73896	43427	0.738958333	29.00	253.12
43427.74938	43427	0.749375	29.00	128.68
43427.75979	43427	0.759791667	29.00	66.50
43427.77021	43427	0.770208333	29.00	18.32
43427.78063	43427	0.780625	28.95	1.29
43427.79104	43427	0.791041667	28.95	0.00
43427.80146	43427	0.801458333	28.95	0.00
43427.81188	43427	0.811875	28.91	0.00
43427.82229	43427	0.822291667	28.91	0.00
43427.83271	43427	0.832708333	28.91	0.00
43427.84313	43427	0.843125	28.95	0.00
43427.85354	43427	0.853541667	29.00	0.00
43427.86396	43427	0.863958333	28.95	0.00
43427.87438	43427	0.874375	28.87	0.00
43427.88479	43427	0.884791667	28.87	0.00
43427.89521	43427	0.895208333	28.87	0.00
43427.90563	43427	0.905625	28.87	0.00
43427.91604	43427	0.916041667	28.87	0.00
43427.92646	43427	0.926458333	28.87	0.00
43427.93688	43427	0.936875	28.83	0.00
43427.94729	43427	0.947291667	28.83	0.00
43427.95771	43427	0.957708333	28.87	0.00
43427.96813	43427	0.968125	28.87	0.00
43427.97854	43427	0.978541667	28.83	0.00
43427.98896	43427	0.988958333	28.83	0.00
43427.99938	43427	0.999375	28.87	0.00
43428.00979	43428	0.009791667	28.87	0.00
43428.02021	43428	0.020208333	28.83	0.00
43428.03063	43428	0.030625	28.83	0.00
43428.04104	43428	0.041041667	28.78	0.00
43428.05146	43428	0.051458333	28.87	0.00
43428.06188	43428	0.061875	28.74	0.00
43428.07229	43428	0.072291667	28.74	0.00
43428.08271	43428	0.082708333	28.78	0.00
43428.09313	43428	0.093125	28.74	0.00
43428.10354	43428	0.103541667	28.83	0.00
43428.11396	43428	0.113958333	28.87	0.00
43428.12438	43428	0.124375	28.87	0.00
43428.13479	43428	0.134791667	28.87	0.00
43428.14521	43428	0.145208333	28.91	0.00
43428.15563	43428	0.155625	28.91	0.00
43428.16604	43428	0.166041667	28.91	0.00
43428.17646	43428	0.176458333	28.91	0.00
43428.18688	43428	0.186875	28.87	0.00
43428.19729	43428	0.197291667	28.91	0.00
43428.20771	43428	0.207708333	28.95	0.00
43428.21813	43428	0.218125	28.91	1.50
43428.22854	43428	0.228541667	28.91	18.34
43428.23896	43428	0.238958333	28.95	63.06
43428.24938	43428	0.249375	28.83	131.40
43428.25979	43428	0.259791667	28.87	227.28
43428.27021	43428	0.270208333	28.87	346.40
43428.28063	43428	0.280625	28.83	454.56
43428.29104	43428	0.291041667	28.83	597.92
43428.30146	43428	0.301458333	28.87	726.40
43428.31188	43428	0.311875	28.87	803.52
43428.32229	43428	0.322291667	28.91	841.60
43428.33271	43428	0.332708333	28.91	958.08
43428.34313	43428	0.343125	28.91	1029.44
43428.35354	43428	0.353541667	28.91	1094.08
43428.36396	43428	0.363958333	29.00	1189.76
43428.37438	43428	0.374375	29.00	1221.44
43428.38479	43428	0.384791667	29.00	1308.48
43428.39521	43428	0.395208333	29.04	1368.32
43428.40563	43428	0.405625	29.04	1449.60
43428.41604	43428	0.416041667	29.08	1608.96
43428.42646	43428	0.426458333	29.08	634.08
43428.43688	43428	0.436875	29.17	1546.88
43428.44729	43428	0.447291667	29.17	1637.12
43428.45771	43428	0.457708333	29.17	1649.92
43428.46813	43428	0.468125	29.17	1467.52
43428.47854	43428	0.478541667	29.21	1758.08
43428.48896	43428	0.488958333	29.26	1804.16
43428.49938	43428	0.499375	29.26	1800.96
43428.50979	43428	0.509791667	29.30	1863.04
43428.52021	43428	0.520208333	29.34	1876.48
43428.53063	43428	0.530625	29.30	1978.24
43428.54104	43428	0.541041667	29.30	1980.16
43428.55146	43428	0.551458333	29.34	2010.88
43428.56188	43428	0.561875	29.34	2003.84
43428.57229	43428	0.572291667	29.47	2007.68
43428.58271	43428	0.582708333	29.60	2033.28
43428.59313	43428	0.593125	29.77	2078.08
43428.60354	43428	0.603541667	29.81	1947.52
43428.61396	43428	0.613958333	29.77	1976.32
43428.62438	43428	0.624375	29.77	1914.24
43428.63479	43428	0.634791667	29.81	1778.56
43428.64521	43428	0.645208333	29.81	1764.48
43428.65563	43428	0.655625	29.73	1676.16
43428.66604	43428	0.666041667	29.64	1573.76
43428.67646	43428	0.676458333	29.51	1416.96
43428.68688	43428	0.686875	29.51	1255.04
43428.69729	43428	0.697291667	29.47	1102.72
43428.70771	43428	0.707708333	29.47	887.36
43428.71813	43428	0.718125	29.38	665.28
43428.72854	43428	0.728541667	29.38	497.60
43428.73896	43428	0.738958333	29.34	318.96
43428.74938	43428	0.749375	29.34	179.68
43428.75979	43428	0.759791667	29.34	76.02
43428.77021	43428	0.770208333	29.34	23.73
43428.78063	43428	0.780625	29.30	2.79
43428.79104	43428	0.791041667	29.34	0.00
43428.80146	43428	0.801458333	29.30	0.00
43428.81188	43428	0.811875	29.30	0.00
43428.82229	43428	0.822291667	29.26	0.00
43428.83271	43428	0.832708333	29.26	0.00
43428.84313	43428	0.843125	29.21	0.00
43428.85354	43428	0.853541667	29.26	0.00
43428.86396	43428	0.863958333	29.26	0.00
43428.87438	43428	0.874375	29.21	0.00
43428.88479	43428	0.884791667	29.26	0.00
43428.89521	43428	0.895208333	29.21	0.00
43428.90563	43428	0.905625	29.21	0.00
43428.91604	43428	0.916041667	29.21	0.00
43428.92646	43428	0.926458333	29.26	0.00
43428.93688	43428	0.936875	29.26	0.00
43428.94729	43428	0.947291667	29.26	0.00
43428.95771	43428	0.957708333	29.17	0.00
43428.96813	43428	0.968125	29.17	0.00
43428.97854	43428	0.978541667	29.21	0.00
43428.98896	43428	0.988958333	29.17	0.00
43428.99938	43428	0.999375	29.17	0.00
43429.00979	43429	0.009791667	29.21	0.00
43429.02021	43429	0.020208333	29.21	0.00
43429.03063	43429	0.030625	29.21	0.00
43429.04104	43429	0.041041667	29.17	0.00
43429.05146	43429	0.051458333	29.17	0.00
43429.06188	43429	0.061875	29.17	0.00
43429.07229	43429	0.072291667	29.13	0.00
43429.08271	43429	0.082708333	29.17	0.00
43429.09313	43429	0.093125	29.17	0.00
43429.10354	43429	0.103541667	29.17	0.00
43429.11396	43429	0.113958333	29.13	0.00
43429.12438	43429	0.124375	29.13	0.00
43429.13479	43429	0.134791667	29.17	0.00
43429.14521	43429	0.145208333	29.26	0.00
43429.15563	43429	0.155625	29.26	0.00
43429.16604	43429	0.166041667	29.26	0.00
43429.17646	43429	0.176458333	29.30	0.00
43429.18688	43429	0.186875	29.30	0.00
43429.19729	43429	0.197291667	29.38	0.00
43429.20771	43429	0.207708333	29.34	0.00
43429.21813	43429	0.218125	29.34	1.29
43429.22854	43429	0.228541667	29.30	12.08
43429.23896	43429	0.238958333	29.34	53.10
43429.24938	43429	0.249375	29.30	87.28
43429.25979	43429	0.259791667	29.34	202.32
43429.27021	43429	0.270208333	29.34	316.40
43429.28063	43429	0.280625	29.34	255.04
43429.29104	43429	0.291041667	29.30	305.20
43429.30146	43429	0.301458333	29.38	356.00
43429.31188	43429	0.311875	29.34	350.72
43429.32229	43429	0.322291667	29.34	388.64
43429.33271	43429	0.332708333	29.34	596.16
43429.34313	43429	0.343125	29.26	490.72
43429.35354	43429	0.353541667	29.17	540.16
43429.36396	43429	0.363958333	29.21	531.52
43429.37438	43429	0.374375	29.26	1280.96
43429.38479	43429	0.384791667	29.30	1310.72
43429.39521	43429	0.395208333	29.30	1206.08
43429.40563	43429	0.405625	29.30	1442.56
43429.41604	43429	0.416041667	29.30	1475.20
43429.42646	43429	0.426458333	29.34	1576.96
43429.43688	43429	0.436875	29.34	1495.04
43429.44729	43429	0.447291667	29.38	1526.40
43429.45771	43429	0.457708333	29.34	1561.60
43429.46813	43429	0.468125	29.38	1621.12
43429.47854	43429	0.478541667	29.38	1689.60
43429.48896	43429	0.488958333	29.43	1708.80
43429.49938	43429	0.499375	29.43	1733.76
43429.50979	43429	0.509791667	29.43	1788.80
43429.52021	43429	0.520208333	29.47	1830.40
43429.53063	43429	0.530625	29.43	1781.76
43429.54104	43429	0.541041667	29.47	1840.64
43429.55146	43429	0.551458333	29.47	1885.44
43429.56188	43429	0.561875	29.47	1873.28
43429.57229	43429	0.572291667	29.56	1923.20
43429.58271	43429	0.582708333	29.60	1923.20
43429.59313	43429	0.593125	29.73	1933.44
43429.60354	43429	0.603541667	29.90	1857.92
43429.61396	43429	0.613958333	29.90	1785.60
43429.62438	43429	0.624375	29.98	1730.56
43429.63479	43429	0.634791667	30.07	1693.44
43429.64521	43429	0.645208333	30.03	1619.20
43429.65563	43429	0.655625	30.07	1563.52
43429.66604	43429	0.666041667	29.98	1425.28
43429.67646	43429	0.676458333	29.98	1299.20
43429.68688	43429	0.686875	30.03	1157.76
43429.69729	43429	0.697291667	29.98	945.28
43429.70771	43429	0.707708333	29.94	763.20
43429.71813	43429	0.718125	29.86	612.48
43429.72854	43429	0.728541667	29.81	428.64
43429.73896	43429	0.738958333	29.81	275.68
43429.74938	43429	0.749375	29.77	156.36
43429.75979	43429	0.759791667	29.81	70.86
43429.77021	43429	0.770208333	29.73	23.08
43429.78063	43429	0.780625	29.73	2.58
43429.79104	43429	0.791041667	29.73	0.00
43429.80146	43429	0.801458333	29.68	0.00
43429.81188	43429	0.811875	29.68	0.00
43429.82229	43429	0.822291667	29.64	0.00
43429.83271	43429	0.832708333	29.68	0.00
43429.84313	43429	0.843125	29.73	0.00
43429.85354	43429	0.853541667	29.73	0.00
43429.86396	43429	0.863958333	29.73	0.00
43429.87438	43429	0.874375	29.68	0.00
43429.88479	43429	0.884791667	29.64	0.00
43429.89521	43429	0.895208333	29.64	0.00
43429.90563	43429	0.905625	29.64	0.00
43429.91604	43429	0.916041667	29.64	0.00
43429.92646	43429	0.926458333	29.60	0.00
43429.93688	43429	0.936875	29.56	0.00
43429.94729	43429	0.947291667	29.60	0.00
43429.95771	43429	0.957708333	29.60	0.00
43429.96813	43429	0.968125	29.60	0.00
43429.97854	43429	0.978541667	29.56	0.00
43429.98896	43429	0.988958333	29.60	0.00
43429.99938	43429	0.999375	29.56	0.00
43430.00979	43430	0.009791667	29.60	0.00
43430.02021	43430	0.020208333	29.56	0.00
43430.03063	43430	0.030625	29.60	0.00
43430.04104	43430	0.041041667	29.64	0.00
43430.05146	43430	0.051458333	29.60	0.00
43430.06188	43430	0.061875	29.60	0.00
43430.07229	43430	0.072291667	29.60	0.00
43430.08271	43430	0.082708333	29.60	0.00
43430.09313	43430	0.093125	29.56	0.00
43430.10354	43430	0.103541667	29.56	0.00
43430.11396	43430	0.113958333	29.51	0.00
43430.12438	43430	0.124375	29.56	0.00
43430.13479	43430	0.134791667	29.51	0.00
43430.14521	43430	0.145208333	29.56	0.00
43430.15563	43430	0.155625	29.56	0.00
43430.16604	43430	0.166041667	29.47	0.00
43430.17646	43430	0.176458333	29.56	0.00
43430.18688	43430	0.186875	29.51	0.00
43430.19729	43430	0.197291667	29.60	0.00
43430.20771	43430	0.207708333	29.56	0.00
43430.21813	43430	0.218125	29.56	0.64
43430.22854	43430	0.228541667	29.60	12.72
43430.23896	43430	0.238958333	29.56	58.76
43430.24938	43430	0.249375	29.60	134.84
43430.25979	43430	0.259791667	29.60	231.60
43430.27021	43430	0.270208333	29.64	349.12
43430.28063	43430	0.280625	29.64	476.00
43430.29104	43430	0.291041667	29.64	626.72
43430.30146	43430	0.301458333	29.64	723.84
43430.31188	43430	0.311875	29.60	861.12
43430.32229	43430	0.322291667	29.56	970.88
43430.33271	43430	0.332708333	29.60	1038.08
43430.34313	43430	0.343125	29.60	1110.40
43430.35354	43430	0.353541667	29.56	1141.44
43430.36396	43430	0.363958333	29.64	1140.48
43430.37438	43430	0.374375	29.73	1213.76
43430.38479	43430	0.384791667	29.68	1239.68
43430.39521	43430	0.395208333	29.73	1287.04
43430.40563	43430	0.405625	29.73	1320.32
43430.41604	43430	0.416041667	29.77	1361.92
43430.42646	43430	0.426458333	29.77	1415.04
43430.43688	43430	0.436875	29.73	1426.56
43430.44729	43430	0.447291667	29.77	1426.56
43430.45771	43430	0.457708333	29.73	1468.80
43430.46813	43430	0.468125	29.77	1491.20
43430.47854	43430	0.478541667	29.86	1538.56
43430.48896	43430	0.488958333	29.81	1547.52
43430.49938	43430	0.499375	29.86	1580.16
43430.50979	43430	0.509791667	29.90	1662.08
43430.52021	43430	0.520208333	29.90	1548.80
43430.53063	43430	0.530625	29.98	1747.20
43430.54104	43430	0.541041667	30.11	1720.96
43430.55146	43430	0.551458333	30.16	1751.04
43430.56188	43430	0.561875	30.20	1763.20
43430.57229	43430	0.572291667	30.16	1724.16
43430.58271	43430	0.582708333	30.24	1783.68
43430.59313	43430	0.593125	30.28	1733.12
43430.60354	43430	0.603541667	30.24	1668.48
43430.61396	43430	0.613958333	30.20	1712.00
43430.62438	43430	0.624375	30.24	1641.60
43430.63479	43430	0.634791667	30.28	1566.08
43430.64521	43430	0.645208333	30.28	1544.32
43430.65563	43430	0.655625	30.28	1457.28
43430.66604	43430	0.666041667	30.59	1324.16
43430.67646	43430	0.676458333	30.67	1224.00
43430.68688	43430	0.686875	30.63	1067.52
43430.69729	43430	0.697291667	30.71	943.36
43430.70771	43430	0.707708333	30.67	776.00
43430.71813	43430	0.718125	30.63	630.08
43430.72854	43430	0.728541667	30.59	464.00
43430.73896	43430	0.738958333	30.59	306.00
43430.74938	43430	0.749375	30.54	178.80
43430.75979	43430	0.759791667	30.50	54.02
43430.77021	43430	0.770208333	30.37	24.59
43430.78063	43430	0.780625	30.33	2.58
43430.79104	43430	0.791041667	30.24	0.00
43430.80146	43430	0.801458333	30.20	0.00
43430.81188	43430	0.811875	30.20	0.00
43430.82229	43430	0.822291667	30.16	0.00
43430.83271	43430	0.832708333	30.16	0.00
43430.84313	43430	0.843125	30.11	0.00
43430.85354	43430	0.853541667	30.07	0.00
43430.86396	43430	0.863958333	30.07	0.00
43430.87438	43430	0.874375	30.03	0.00
43430.88479	43430	0.884791667	30.03	0.00
43430.89521	43430	0.895208333	29.98	0.00
43430.90563	43430	0.905625	29.98	0.00
43430.91604	43430	0.916041667	29.94	0.00
43430.92646	43430	0.926458333	29.90	0.00
43430.93688	43430	0.936875	29.94	0.00
43430.94729	43430	0.947291667	29.94	0.00
43430.95771	43430	0.957708333	29.94	0.00
43430.96813	43430	0.968125	29.94	0.00
43430.97854	43430	0.978541667	29.90	0.00
43430.98896	43430	0.988958333	29.94	0.00
43430.99938	43430	0.999375	29.90	0.00
43431.00979	43431	0.009791667	29.94	0.00
43431.02021	43431	0.020208333	29.94	0.00
43431.03063	43431	0.030625	29.98	0.00
43431.04104	43431	0.041041667	29.94	0.00
43431.05146	43431	0.051458333	29.94	0.00
43431.06188	43431	0.061875	29.90	0.00
43431.07229	43431	0.072291667	29.94	0.00
43431.08271	43431	0.082708333	29.90	0.00
43431.09313	43431	0.093125	29.90	0.00
43431.10354	43431	0.103541667	29.81	0.00
43431.11396	43431	0.113958333	29.81	0.00
43431.12438	43431	0.124375	29.77	0.00
43431.13479	43431	0.134791667	29.77	0.00
43431.14521	43431	0.145208333	29.81	0.00
43431.15563	43431	0.155625	29.68	0.00
43431.16604	43431	0.166041667	29.60	0.00
43431.17646	43431	0.176458333	29.60	0.00
43431.18688	43431	0.186875	29.60	0.00
43431.19729	43431	0.197291667	29.56	0.00
43431.20771	43431	0.207708333	29.56	0.00
43431.21813	43431	0.218125	29.64	1.29
43431.22854	43431	0.228541667	29.68	17.70
43431.23896	43431	0.238958333	29.68	64.34
43431.24938	43431	0.249375	29.68	146.88
43431.25979	43431	0.259791667	29.73	301.76
43431.27021	43431	0.270208333	29.68	488.96
43431.28063	43431	0.280625	29.73	305.20
43431.29104	43431	0.291041667	29.73	297.44
43431.30146	43431	0.301458333	29.73	420.96
43431.31188	43431	0.311875	29.68	477.76
43431.32229	43431	0.322291667	29.77	730.88
43431.33271	43431	0.332708333	29.77	683.52
43431.34313	43431	0.343125	29.81	1823.36
43431.35354	43431	0.353541667	29.73	692.16
43431.36396	43431	0.363958333	29.73	639.68
43431.37438	43431	0.374375	29.68	624.96
43431.38479	43431	0.384791667	29.73	828.48
43431.39521	43431	0.395208333	29.68	971.84
43431.40563	43431	0.405625	29.77	895.36
43431.41604	43431	0.416041667	29.77	1030.40
43431.42646	43431	0.426458333	29.73	1021.76
43431.43688	43431	0.436875	29.77	1333.12
43431.44729	43431	0.447291667	29.81	1397.12
43431.45771	43431	0.457708333	29.81	1232.00
43431.46813	43431	0.468125	29.90	2181.12
43431.47854	43431	0.478541667	29.90	1529.60
43431.48896	43431	0.488958333	29.90	1429.76
43431.49938	43431	0.499375	29.94	1486.72
43431.50979	43431	0.509791667	29.98	1033.92
43431.52021	43431	0.520208333	29.98	899.52
43431.53063	43431	0.530625	29.98	1334.40
43431.54104	43431	0.541041667	30.03	1544.96
43431.55146	43431	0.551458333	30.03	1552.64
43431.56188	43431	0.561875	30.07	1202.56
43431.57229	43431	0.572291667	30.03	1048.64
43431.58271	43431	0.582708333	30.07	1214.72
43431.59313	43431	0.593125	30.11	1517.44
43431.60354	43431	0.603541667	30.11	537.60
43431.61396	43431	0.613958333	30.11	651.68
43431.62438	43431	0.624375	30.16	1040.00
43431.63479	43431	0.634791667	30.11	457.12
43431.64521	43431	0.645208333	30.11	389.44
43431.65563	43431	0.655625	30.16	276.56
43431.66604	43431	0.666041667	30.11	220.40
43431.67646	43431	0.676458333	30.16	346.40
43431.68688	43431	0.686875	30.16	831.04
43431.69729	43431	0.697291667	30.11	680.96
43431.70771	43431	0.707708333	30.16	304.08
43431.71813	43431	0.718125	30.16	187.44
43431.72854	43431	0.728541667	30.11	165.04
43431.73896	43431	0.738958333	30.11	74.24
43431.74938	43431	0.749375	30.16	41.48
43431.75979	43431	0.759791667	30.20	28.51
43431.77021	43431	0.770208333	30.24	10.57
43431.78063	43431	0.780625	30.28	0.64
43431.79104	43431	0.791041667	30.24	0.00
43431.80146	43431	0.801458333	30.24	0.00
43431.81188	43431	0.811875	30.24	0.00
43431.82229	43431	0.822291667	30.33	0.00
43431.83271	43431	0.832708333	30.33	0.00
43431.84313	43431	0.843125	30.28	0.00
43431.85354	43431	0.853541667	30.28	0.00
43431.86396	43431	0.863958333	30.28	0.00
43431.87438	43431	0.874375	30.33	0.00
43431.88479	43431	0.884791667	30.33	0.00
43431.89521	43431	0.895208333	30.37	0.00
43431.90563	43431	0.905625	30.28	0.00
43431.91604	43431	0.916041667	30.28	0.00
43431.92646	43431	0.926458333	30.33	0.00
43431.93688	43431	0.936875	30.28	0.00
43431.94729	43431	0.947291667	30.33	0.00
43431.95771	43431	0.957708333	30.28	0.00
43431.96813	43431	0.968125	30.28	0.00
43431.97854	43431	0.978541667	30.28	0.00
43431.98896	43431	0.988958333	30.28	0.00
43431.99938	43431	0.999375	30.28	0.00
43432.00979	43432	0.009791667	30.28	0.00
43432.02021	43432	0.020208333	30.28	0.00
43432.03063	43432	0.030625	30.28	0.00
43432.04104	43432	0.041041667	30.20	0.00
43432.05146	43432	0.051458333	30.16	0.00
43432.06188	43432	0.061875	30.20	0.00
43432.07229	43432	0.072291667	30.20	0.00
43432.08271	43432	0.082708333	30.20	0.00
43432.09313	43432	0.093125	30.16	0.00
43432.10354	43432	0.103541667	30.28	0.00
43432.11396	43432	0.113958333	30.28	0.00
43432.12438	43432	0.124375	30.24	0.00
43432.13479	43432	0.134791667	30.28	0.00
43432.14521	43432	0.145208333	30.20	0.00
43432.15563	43432	0.155625	30.20	0.00
43432.16604	43432	0.166041667	30.24	0.00
43432.17646	43432	0.176458333	30.20	0.00
43432.18688	43432	0.186875	30.16	0.00
43432.19729	43432	0.197291667	30.20	0.00
43432.20771	43432	0.207708333	30.16	0.00
43432.21813	43432	0.218125	30.16	0.86
43432.22854	43432	0.228541667	30.07	13.58
43432.23896	43432	0.238958333	30.03	53.54
43432.24938	43432	0.249375	30.03	110.60
43432.25979	43432	0.259791667	30.03	189.20
43432.27021	43432	0.270208333	30.03	284.32
43432.28063	43432	0.280625	30.03	356.96
43432.29104	43432	0.291041667	30.07	466.56
43432.30146	43432	0.301458333	30.07	615.04
43432.31188	43432	0.311875	30.07	741.44
43432.32229	43432	0.322291667	30.16	787.20
43432.33271	43432	0.332708333	30.16	1039.04
43432.34313	43432	0.343125	30.24	764.80
43432.35354	43432	0.353541667	30.24	1026.24
43432.36396	43432	0.363958333	30.24	891.84
43432.37438	43432	0.374375	30.24	1468.80
43432.38479	43432	0.384791667	30.28	1208.64
43432.39521	43432	0.395208333	30.33	1359.36
43432.40563	43432	0.405625	30.28	1429.76
43432.41604	43432	0.416041667	30.33	1460.48
43432.42646	43432	0.426458333	30.37	1538.56
43432.43688	43432	0.436875	30.33	1516.80
43432.44729	43432	0.447291667	30.37	1749.76
43432.45771	43432	0.457708333	30.37	1831.68
43432.46813	43432	0.468125	30.33	1766.40
43432.47854	43432	0.478541667	30.37	1235.20
43432.48896	43432	0.488958333	30.33	1315.84
43432.49938	43432	0.499375	30.33	1284.48
43432.50979	43432	0.509791667	30.33	1184.64
43432.52021	43432	0.520208333	30.33	1672.32
43432.53063	43432	0.530625	30.33	752.00
43432.54104	43432	0.541041667	30.24	779.52
43432.55146	43432	0.551458333	30.24	432.16
43432.56188	43432	0.561875	30.24	770.88
43432.57229	43432	0.572291667	30.24	1016.64
43432.58271	43432	0.582708333	30.28	1361.92
43432.59313	43432	0.593125	30.24	300.64
43432.60354	43432	0.603541667	30.28	234.16
43432.61396	43432	0.613958333	30.24	47.94
43432.62438	43432	0.624375	30.24	7.96
43432.63479	43432	0.634791667	30.28	37.56
43432.64521	43432	0.645208333	30.28	159.80
43432.65563	43432	0.655625	30.28	286.88
43432.66604	43432	0.666041667	30.28	188.32
43432.67646	43432	0.676458333	30.24	39.71
43432.68688	43432	0.686875	30.28	26.79
43432.69729	43432	0.697291667	30.28	39.28
43432.70771	43432	0.707708333	30.24	152.92
43432.71813	43432	0.718125	30.20	132.24
43432.72854	43432	0.728541667	30.20	41.00
43432.73896	43432	0.738958333	30.24	23.30
43432.74938	43432	0.749375	30.20	16.62
43432.75979	43432	0.759791667	30.16	8.39
43432.77021	43432	0.770208333	30.16	0.86
43432.78063	43432	0.780625	30.20	0.00
43432.79104	43432	0.791041667	30.16	0.00
43432.80146	43432	0.801458333	30.16	0.00
43432.81188	43432	0.811875	30.11	0.00
43432.82229	43432	0.822291667	30.07	0.00
43432.83271	43432	0.832708333	30.11	0.00
43432.84313	43432	0.843125	30.11	0.00
43432.85354	43432	0.853541667	30.03	0.00
43432.86396	43432	0.863958333	30.03	0.00
43432.87438	43432	0.874375	30.03	0.00
43432.88479	43432	0.884791667	29.98	0.00
43432.89521	43432	0.895208333	29.98	0.00
43432.90563	43432	0.905625	30.07	0.00
43432.91604	43432	0.916041667	30.11	0.00
43432.92646	43432	0.926458333	30.16	0.00
43432.93688	43432	0.936875	30.11	0.00
43432.94729	43432	0.947291667	30.11	0.00
43432.95771	43432	0.957708333	30.11	0.00
43432.96813	43432	0.968125	30.11	0.00
43432.97854	43432	0.978541667	30.07	0.00
43432.98896	43432	0.988958333	30.07	0.00
43432.99938	43432	0.999375	30.07	0.00
43433.00979	43433	0.009791667	30.11	0.00
43433.02021	43433	0.020208333	30.07	0.00
43433.03063	43433	0.030625	30.11	0.00
43433.04104	43433	0.041041667	30.03	0.00
43433.05146	43433	0.051458333	30.07	0.00
43433.06188	43433	0.061875	30.03	0.00
43433.07229	43433	0.072291667	29.98	0.00
43433.08271	43433	0.082708333	29.90	0.00
43433.09313	43433	0.093125	29.86	0.00
43433.10354	43433	0.103541667	29.77	0.00
43433.11396	43433	0.113958333	29.73	0.00
43433.12438	43433	0.124375	29.77	0.00
43433.13479	43433	0.134791667	29.81	0.00
43433.14521	43433	0.145208333	29.77	0.00
43433.15563	43433	0.155625	29.81	0.00
43433.16604	43433	0.166041667	29.86	0.00
43433.17646	43433	0.176458333	29.90	0.00
43433.18688	43433	0.186875	29.94	0.00
43433.19729	43433	0.197291667	29.94	0.00
43433.20771	43433	0.207708333	30.03	0.00
43433.21813	43433	0.218125	29.94	0.86
43433.22854	43433	0.228541667	29.94	16.62
43433.23896	43433	0.238958333	29.94	60.90
43433.24938	43433	0.249375	29.94	133.96
43433.25979	43433	0.259791667	29.90	233.28
43433.27021	43433	0.270208333	29.90	335.20
43433.28063	43433	0.280625	29.90	466.56
43433.29104	43433	0.291041667	29.90	627.52
43433.30146	43433	0.301458333	29.98	726.40
43433.31188	43433	0.311875	29.94	753.60
43433.32229	43433	0.322291667	29.90	887.36
43433.33271	43433	0.332708333	29.94	982.08
43433.34313	43433	0.343125	30.03	1153.60
43433.35354	43433	0.353541667	30.03	1150.08
43433.36396	43433	0.363958333	30.07	1345.28
43433.37438	43433	0.374375	30.07	1436.80
43433.38479	43433	0.384791667	30.11	1459.84
43433.39521	43433	0.395208333	30.07	1489.28
43433.40563	43433	0.405625	30.11	1496.96
43433.41604	43433	0.416041667	30.20	1602.56
43433.42646	43433	0.426458333	30.20	1521.28
43433.43688	43433	0.436875	30.20	1623.68
43433.44729	43433	0.447291667	30.24	1726.08
43433.45771	43433	0.457708333	30.24	1688.32
43433.46813	43433	0.468125	30.28	1683.84
43433.47854	43433	0.478541667	30.20	1811.20
43433.48896	43433	0.488958333	30.03	1652.48
43433.49938	43433	0.499375	30.07	1636.48
43433.50979	43433	0.509791667	30.07	1557.76
43433.52021	43433	0.520208333	30.11	1646.08
43433.53063	43433	0.530625	30.11	1686.40
43433.54104	43433	0.541041667	30.16	1448.96
43433.55146	43433	0.551458333	30.16	1633.92
43433.56188	43433	0.561875	30.16	1569.92
43433.57229	43433	0.572291667	30.07	1319.68
43433.58271	43433	0.582708333	30.11	1536.64
43433.59313	43433	0.593125	30.16	1541.12
43433.60354	43433	0.603541667	30.16	1392.00
43433.61396	43433	0.613958333	30.16	1144.96
43433.62438	43433	0.624375	30.16	1059.84
43433.63479	43433	0.634791667	30.16	364.48
43433.64521	43433	0.645208333	30.16	392.96
43433.65563	43433	0.655625	30.16	263.60
43433.66604	43433	0.666041667	30.20	174.56
43433.67646	43433	0.676458333	30.20	262.80
43433.68688	43433	0.686875	30.16	211.76
43433.69729	43433	0.697291667	30.20	219.52
43433.70771	43433	0.707708333	30.16	244.48
43433.71813	43433	0.718125	30.20	325.84
43433.72854	43433	0.728541667	30.20	260.16
43433.73896	43433	0.738958333	30.20	177.12
43433.74938	43433	0.749375	30.20	125.24
43433.75979	43433	0.759791667	30.24	84.68
43433.77021	43433	0.770208333	30.20	25.88
43433.78063	43433	0.780625	30.20	2.58
43433.79104	43433	0.791041667	30.24	0.00
43433.80146	43433	0.801458333	30.24	0.00
43433.81188	43433	0.811875	30.20	0.00
43433.82229	43433	0.822291667	30.20	0.00
43433.83271	43433	0.832708333	30.20	0.00
43433.84313	43433	0.843125	30.20	0.00
43433.85354	43433	0.853541667	30.11	0.00
43433.86396	43433	0.863958333	29.98	0.00
43433.87438	43433	0.874375	29.94	0.00
43433.88479	43433	0.884791667	29.94	0.00
43433.89521	43433	0.895208333	29.98	0.00
43433.90563	43433	0.905625	29.98	0.00
43433.91604	43433	0.916041667	29.90	0.00
43433.92646	43433	0.926458333	29.90	0.00
43433.93688	43433	0.936875	29.90	0.00
43433.94729	43433	0.947291667	29.94	0.00
43433.95771	43433	0.957708333	30.03	0.00
43433.96813	43433	0.968125	30.11	0.00
43433.97854	43433	0.978541667	30.07	0.00
43433.98896	43433	0.988958333	30.07	0.00
43433.99938	43433	0.999375	30.16	0.00
43434.00979	43434	0.009791667	30.11	0.00
43434.02021	43434	0.020208333	30.16	0.00
43434.03063	43434	0.030625	30.16	0.00
43434.04104	43434	0.041041667	30.16	0.00
43434.05146	43434	0.051458333	30.16	0.00
43434.06188	43434	0.061875	30.16	0.00
43434.07229	43434	0.072291667	29.86	0.00
43434.08271	43434	0.082708333	29.81	0.00
43434.09313	43434	0.093125	29.81	0.00
43434.10354	43434	0.103541667	29.81	0.00
43434.11396	43434	0.113958333	29.90	0.00
43434.12438	43434	0.124375	29.90	0.00
43434.13479	43434	0.134791667	29.86	0.00
43434.14521	43434	0.145208333	29.90	0.00
43434.15563	43434	0.155625	29.86	0.00
43434.16604	43434	0.166041667	29.90	0.00
43434.17646	43434	0.176458333	29.81	0.00
43434.18688	43434	0.186875	29.90	0.00
43434.19729	43434	0.197291667	29.81	0.00
43434.20771	43434	0.207708333	29.90	0.00
43434.21813	43434	0.218125	29.86	0.43
43434.22854	43434	0.228541667	29.90	10.14
43434.23896	43434	0.238958333	29.86	47.50
43434.24938	43434	0.249375	29.86	125.24
43434.25979	43434	0.259791667	29.81	159.92
43434.27021	43434	0.270208333	29.86	227.28
43434.28063	43434	0.280625	29.81	315.52
43434.29104	43434	0.291041667	29.86	609.12
43434.30146	43434	0.301458333	29.86	749.44
43434.31188	43434	0.311875	29.86	624.96
43434.32229	43434	0.322291667	29.86	402.88
43434.33271	43434	0.332708333	29.86	871.04
43434.34313	43434	0.343125	29.90	1208.64
43434.35354	43434	0.353541667	29.94	1221.44
43434.36396	43434	0.363958333	29.98	1169.92
43434.37438	43434	0.374375	29.98	1245.76
43434.38479	43434	0.384791667	30.03	1345.28
43434.39521	43434	0.395208333	30.07	1351.68
43434.40563	43434	0.405625	30.11	1420.16
43434.41604	43434	0.416041667	30.16	1350.40
43434.42646	43434	0.426458333	30.20	1587.20
43434.43688	43434	0.436875	30.33	1602.56
43434.44729	43434	0.447291667	30.50	1596.16
43434.45771	43434	0.457708333	30.59	1576.32
43434.46813	43434	0.468125	30.54	1751.04
43434.47854	43434	0.478541667	30.54	1635.84
43434.48896	43434	0.488958333	30.59	1611.52
43434.49938	43434	0.499375	30.54	1659.52
43434.50979	43434	0.509791667	30.50	1733.76
43434.52021	43434	0.520208333	30.54	1560.32
43434.53063	43434	0.530625	30.59	1621.76
43434.54104	43434	0.541041667	30.54	1626.88
43434.55146	43434	0.551458333	30.54	1710.72
43434.56188	43434	0.561875	30.54	1598.72
43434.57229	43434	0.572291667	30.54	1709.44
43434.58271	43434	0.582708333	30.41	1580.16
43434.59313	43434	0.593125	30.37	1468.80
43434.60354	43434	0.603541667	30.37	1528.96
43434.61396	43434	0.613958333	30.24	1509.76
43434.62438	43434	0.624375	30.24	1325.44
43434.63479	43434	0.634791667	30.28	1345.28
43434.64521	43434	0.645208333	30.28	1238.72
43434.65563	43434	0.655625	30.24	1133.76
43434.66604	43434	0.666041667	30.28	1048.64
43434.67646	43434	0.676458333	30.33	952.00
43434.68688	43434	0.686875	30.33	824.32
43434.69729	43434	0.697291667	30.33	755.84
43434.70771	43434	0.707708333	30.37	587.52
43434.71813	43434	0.718125	30.37	471.68
43434.72854	43434	0.728541667	30.41	357.60
43434.73896	43434	0.738958333	30.37	227.28
43434.74938	43434	0.749375	30.37	146.88
43434.75979	43434	0.759791667	30.37	76.84
43434.77021	43434	0.770208333	30.37	23.75
43434.78063	43434	0.780625	30.33	4.73
43434.79104	43434	0.791041667	30.37	0.00
43434.80146	43434	0.801458333	30.37	0.00
43434.81188	43434	0.811875	30.37	0.00
43434.82229	43434	0.822291667	30.37	0.00
43434.83271	43434	0.832708333	30.37	0.00
43434.84313	43434	0.843125	30.37	0.00
43434.85354	43434	0.853541667	30.37	0.00
43434.86396	43434	0.863958333	30.37	0.00
43434.87438	43434	0.874375	30.41	0.00
43434.88479	43434	0.884791667	30.37	0.00
43434.89521	43434	0.895208333	30.33	0.00
43434.90563	43434	0.905625	30.33	0.00
43434.91604	43434	0.916041667	30.24	0.00
43434.92646	43434	0.926458333	30.28	0.00
43434.93688	43434	0.936875	30.24	0.00
43434.94729	43434	0.947291667	30.20	0.00
43434.95771	43434	0.957708333	30.20	0.00
43434.96813	43434	0.968125	30.16	0.00
43434.97854	43434	0.978541667	30.20	0.00
43434.98896	43434	0.988958333	30.16	0.00
43434.99938	43434	0.999375	30.33	0.00
43435.00979	43435	0.009791667	30.28	0.00
43435.02021	43435	0.020208333	30.37	0.00
43435.03063	43435	0.030625	30.37	0.00
43435.04104	43435	0.041041667	30.33	0.00
43435.05146	43435	0.051458333	30.37	0.00
43435.06188	43435	0.061875	30.37	0.00
43435.07229	43435	0.072291667	30.37	0.00
43435.08271	43435	0.082708333	30.28	0.00
43435.09313	43435	0.093125	30.28	0.00
43435.10354	43435	0.103541667	30.24	0.00
43435.11396	43435	0.113958333	30.20	0.00
43435.12438	43435	0.124375	30.11	0.00
43435.13479	43435	0.134791667	30.11	0.00
43435.14521	43435	0.145208333	30.11	0.00
43435.15563	43435	0.155625	30.16	0.00
43435.16604	43435	0.166041667	30.16	0.00
43435.17646	43435	0.176458333	30.16	0.00
43435.18688	43435	0.186875	30.16	0.00
43435.19729	43435	0.197291667	30.20	0.00
43435.20771	43435	0.207708333	30.24	0.00
43435.21813	43435	0.218125	30.20	0.43
43435.22854	43435	0.228541667	30.20	9.28
43435.23896	43435	0.238958333	30.20	36.26
43435.24938	43435	0.249375	30.16	85.52
43435.25979	43435	0.259791667	30.20	152.92
43435.27021	43435	0.270208333	30.16	294.64
43435.28063	43435	0.280625	30.20	390.40
43435.29104	43435	0.291041667	30.20	458.88
43435.30146	43435	0.301458333	30.24	318.08
43435.31188	43435	0.311875	30.20	715.20
43435.32229	43435	0.322291667	30.20	778.56
43435.33271	43435	0.332708333	30.24	1002.88
43435.34313	43435	0.343125	30.24	1048.64
43435.35354	43435	0.353541667	30.24	1167.36
43435.36396	43435	0.363958333	30.28	393.44
43435.37438	43435	0.374375	30.33	1113.92
43435.38479	43435	0.384791667	30.37	1418.88
43435.39521	43435	0.395208333	30.41	1347.20
43435.40563	43435	0.405625	30.41	1290.56
43435.41604	43435	0.416041667	30.41	1365.76
43435.42646	43435	0.426458333	30.54	1317.76
43435.43688	43435	0.436875	30.54	1399.68
43435.44729	43435	0.447291667	30.59	1656.32
43435.45771	43435	0.457708333	30.59	1527.68
43435.46813	43435	0.468125	30.63	1632.00
43435.47854	43435	0.478541667	30.67	1603.84
43435.48896	43435	0.488958333	30.67	1665.92
43435.49938	43435	0.499375	30.67	1745.92
43435.50979	43435	0.509791667	30.71	1835.52
43435.52021	43435	0.520208333	30.71	1635.84
43435.53063	43435	0.530625	30.71	1689.60
43435.54104	43435	0.541041667	30.67	1573.76
43435.55146	43435	0.551458333	30.63	1626.88
43435.56188	43435	0.561875	30.63	1520.00
43435.57229	43435	0.572291667	30.59	1497.60
43435.58271	43435	0.582708333	30.67	1553.92
43435.59313	43435	0.593125	30.63	1415.68
43435.60354	43435	0.603541667	30.67	1513.60
43435.61396	43435	0.613958333	30.71	1422.72
43435.62438	43435	0.624375	30.76	1305.92
43435.63479	43435	0.634791667	30.76	1252.48
43435.64521	43435	0.645208333	30.76	1199.04
43435.65563	43435	0.655625	30.76	1129.60
43435.66604	43435	0.666041667	30.76	1012.48
43435.67646	43435	0.676458333	30.80	877.12
43435.68688	43435	0.686875	30.71	778.56
43435.69729	43435	0.697291667	30.76	656.64
43435.70771	43435	0.707708333	30.71	545.28
43435.71813	43435	0.718125	30.71	429.60
43435.72854	43435	0.728541667	30.76	330.08
43435.73896	43435	0.738958333	30.71	216.96
43435.74938	43435	0.749375	30.76	134.84
43435.75979	43435	0.759791667	30.76	69.08
43435.77021	43435	0.770208333	30.71	23.75
43435.78063	43435	0.780625	30.71	4.30
43435.79104	43435	0.791041667	30.71	0.00
43435.80146	43435	0.801458333	30.67	0.00
43435.81188	43435	0.811875	30.59	0.00
43435.82229	43435	0.822291667	30.63	0.00
43435.83271	43435	0.832708333	30.63	0.00
43435.84313	43435	0.843125	30.59	0.00
43435.85354	43435	0.853541667	30.59	0.00
43435.86396	43435	0.863958333	30.63	0.00
43435.87438	43435	0.874375	30.59	0.00
43435.88479	43435	0.884791667	30.59	0.00
43435.89521	43435	0.895208333	30.54	0.00
43435.90563	43435	0.905625	30.54	0.00
43435.91604	43435	0.916041667	30.54	0.00
43435.92646	43435	0.926458333	30.41	0.00
43435.93688	43435	0.936875	30.46	0.00
43435.94729	43435	0.947291667	30.50	0.00
43435.95771	43435	0.957708333	30.46	0.00
43435.96813	43435	0.968125	30.50	0.00
43435.97854	43435	0.978541667	30.46	0.00
43435.98896	43435	0.988958333	30.50	0.00
43435.99938	43435	0.999375	30.41	0.00
43436.00979	43436	0.009791667	30.46	0.00
43436.02021	43436	0.020208333	30.54	0.00
43436.03063	43436	0.030625	30.54	0.00
43436.04104	43436	0.041041667	30.59	0.00
43436.05146	43436	0.051458333	30.54	0.00
43436.06188	43436	0.061875	30.63	0.00
43436.07229	43436	0.072291667	30.59	0.00
43436.08271	43436	0.082708333	30.59	0.00
43436.09313	43436	0.093125	30.59	0.00
43436.10354	43436	0.103541667	30.59	0.00
43436.11396	43436	0.113958333	30.59	0.00
43436.12438	43436	0.124375	30.63	0.00
43436.13479	43436	0.134791667	30.63	0.00
43436.14521	43436	0.145208333	30.59	0.00
43436.15563	43436	0.155625	30.59	0.00
43436.16604	43436	0.166041667	30.54	0.00
43436.17646	43436	0.176458333	30.59	0.00
43436.18688	43436	0.186875	30.54	0.00
43436.19729	43436	0.197291667	30.50	0.00
43436.20771	43436	0.207708333	30.46	0.00
43436.21813	43436	0.218125	30.50	0.43
43436.22854	43436	0.228541667	30.50	9.28
43436.23896	43436	0.238958333	30.50	30.67
43436.24938	43436	0.249375	30.46	70.80
43436.25979	43436	0.259791667	30.50	122.68
43436.27021	43436	0.270208333	30.54	255.92
43436.28063	43436	0.280625	30.50	363.68
43436.29104	43436	0.291041667	30.50	426.08
43436.30146	43436	0.301458333	30.54	493.28
43436.31188	43436	0.311875	30.54	405.44
43436.32229	43436	0.322291667	30.54	309.52
43436.33271	43436	0.332708333	30.50	270.56
43436.34313	43436	0.343125	30.50	371.68
43436.35354	43436	0.353541667	30.54	361.92
43436.36396	43436	0.363958333	30.54	286.88
43436.37438	43436	0.374375	30.54	332.64
43436.38479	43436	0.384791667	30.59	403.68
43436.39521	43436	0.395208333	30.54	394.24
43436.40563	43436	0.405625	30.54	363.04
43436.41604	43436	0.416041667	30.59	359.52
43436.42646	43436	0.426458333	30.59	1452.80
43436.43688	43436	0.436875	30.54	385.44
43436.44729	43436	0.447291667	30.59	1361.92
43436.45771	43436	0.457708333	30.63	1397.76
43436.46813	43436	0.468125	30.67	698.88
43436.47854	43436	0.478541667	30.71	1557.76
43436.48896	43436	0.488958333	30.76	1462.40
43436.49938	43436	0.499375	30.76	1512.32
43436.50979	43436	0.509791667	30.80	1624.32
43436.52021	43436	0.520208333	30.80	1591.68
43436.53063	43436	0.530625	30.80	976.96
43436.54104	43436	0.541041667	30.84	1676.16
43436.55146	43436	0.551458333	30.80	765.76
43436.56188	43436	0.561875	30.80	1669.76
43436.57229	43436	0.572291667	30.84	1528.96
43436.58271	43436	0.582708333	30.84	1636.48
43436.59313	43436	0.593125	30.84	1442.56
43436.60354	43436	0.603541667	30.89	1396.48
43436.61396	43436	0.613958333	30.84	1107.20
43436.62438	43436	0.624375	30.89	1298.24
43436.63479	43436	0.634791667	30.89	1266.24
43436.64521	43436	0.645208333	30.89	1212.16
43436.65563	43436	0.655625	30.93	1035.52
43436.66604	43436	0.666041667	30.89	915.84
43436.67646	43436	0.676458333	30.89	670.40
43436.68688	43436	0.686875	30.84	692.80
43436.69729	43436	0.697291667	30.84	223.84
43436.70771	43436	0.707708333	30.80	487.20
43436.71813	43436	0.718125	30.84	277.44
43436.72854	43436	0.728541667	30.84	230.72
43436.73896	43436	0.738958333	30.80	161.52
43436.74938	43436	0.749375	30.84	93.28
43436.75979	43436	0.759791667	30.84	47.50
43436.77021	43436	0.770208333	30.80	18.99
43436.78063	43436	0.780625	30.76	3.65
43436.79104	43436	0.791041667	30.80	0.00
43436.80146	43436	0.801458333	30.76	0.00
43436.81188	43436	0.811875	30.80	0.00
43436.82229	43436	0.822291667	30.80	0.00
