recruit	well	prop	suc.3w
c1	1	0	0
c2	1	0	0
c3	2	0	1
c4	2	0	1
c5	3	0	1
c6	3	0	1
c7	3	0	1
c8	4	0	1
c9	5	0	1
c10	5	0	1
c11	5	0	1
c12	6	0	1
c13	6	0	1
c14	6	0	1
c15	6	0	1
c16	6	0	1
c17	7	0	0
c18	7	0	0
c19	7	0	1
c20	7	0	1
c21	8	0	1
c22	8	0	1
c23	8	0	1
c24	9	0	1
c25	9	0	1
r2	1	0.093538636	0
r4	1	0.067853971	0
r5	2	0.131403832	1
r6	3	0.117588414	1
r7	3	0.061823917	1
r9	3	0.148613735	1
r10	4	0.236943962	1
r11	4	0.172586129	1
r12	4	0.302834573	1
r14	5	0.055153148	1
r15	5	0.31059656	1
r17	6	na	1
r18	6	0.111805649	1
r19	4	0.258216396	1
r20	7	0.403938717	0
r22	8	0.259689117	1
r23	8	0.224020549	1
r25	9	0.095853216	1
r26	9	na	1
r27	9	0.026869007	1
r28	9	na	1
s5	10	0.291558653	0
s7	11	0.109418287	1
