age_weeks	batch	climate	sed_conc	tank	disc	plug	suc	tot	fused	polyp	obs
4	1	2050	10	41	45	13	5	5	6	10	1
7	1	2050	10	41	45	13	5	5	6	14	2
9	1	2050	10	41	45	13	5	5	6	19	3
12	1	2050	10	41	45	13	4	5	5	21	4
14	1	2050	10	41	45	13	4	5	5	24	5
4	1	2050	40	22	41	39	3	3	3	5	6
7	1	2050	40	22	41	39	1	3	1	3	7
9	1	2050	40	22	41	39	1	3	1	5	8
12	1	2050	40	22	41	39	1	3	1	9	9
14	1	2050	40	22	41	39	1	3	1	8	10
4	1	2050	40	41	47	56	5	5	5	11	11
7	1	2050	40	41	47	56	4	5	4	5	12
9	1	2050	40	41	47	56	4	5	4	16	13
12	1	2050	40	41	47	56	4	5	4	18	14
14	1	2050	40	41	47	56	4	4	4	22	15
4	1	2050	5	41	44	62	7	7	9	15	16
7	1	2050	5	41	44	62	6	7	8	21	17
9	1	2050	5	41	44	62	6	7	8	29	18
12	1	2050	5	41	44	62	6	7	8	36	19
14	1	2050	5	41	44	62	6	7	8	35	20
4	1	2050	20	46	34	93	2	2	3	3	21
7	1	2050	20	46	34	93	2	2	3	6	22
9	1	2050	20	46	34	93	2	2	3	12	23
12	1	2050	20	46	34	93	2	2	3	14	24
14	1	2050	20	46	34	93	2	2	3	14	25
4	1	2050	0	46	31	95	5	5	5	9	26
7	1	2050	0	46	31	95	5	5	5	15	27
9	1	2050	0	46	31	95	5	5	5	19	28
12	1	2050	0	46	31	95	5	5	5	30	29
14	1	2050	0	46	31	95	5	5	5	32	30
4	1	2050	0	22	37	97	14	14	14	39	31
7	1	2050	0	22	37	97	14	14	17	44	32
9	1	2050	0	22	37	97	14	14	15	46	33
12	1	2050	0	22	37	97	10	14	11	35	34
14	1	2050	0	22	37	97	10	14	11	34	35
4	1	2050	80	46	36	151	9	9	12	13	36
7	1	2050	80	46	36	151	0	9	0	0	37
9	1	2050	80	46	36	151	0	9	0	0	38
12	1	2050	80	46	36	151	0	9	0	0	39
14	1	2050	80	46	36	151	0	9	0	0	40
4	1	2050	20	41	46	152	9	9	10	13	41
7	1	2050	20	41	46	152	9	9	10	24	42
9	1	2050	20	41	46	152	9	9	10	31	43
12	1	2050	20	41	46	152	7	9	8	28	44
14	1	2050	20	41	46	152	7	9	8	28	45
4	1	2050	20	41	46	187	12	13	18	31	46
7	1	2050	20	41	46	187	12	13	18	43	47
9	1	2050	20	41	46	187	12	13	18	57	48
12	1	2050	20	41	46	187	12	13	18	64	49
14	1	2050	20	41	46	187	12	13	18	65	50
4	1	2050	80	41	48	189	4	5	5	8	51
7	1	2050	80	41	48	189	0	5	0	0	52
9	1	2050	80	41	48	189	0	5	0	0	53
12	1	2050	80	41	48	189	0	5	0	0	54
14	1	2050	80	41	48	189	0	5	0	0	55
4	1	2050	80	41	48	191	6	6	7	7	56
7	1	2050	80	41	48	191	1	6	1	1	57
9	1	2050	80	41	48	191	0	6	0	0	58
12	1	2050	80	41	48	191	0	6	0	0	59
14	1	2050	80	41	48	191	0	6	0	0	60
4	1	2050	5	22	38	288	3	3	3	9	61
7	1	2050	5	22	38	288	3	3	4	14	62
9	1	2050	5	22	38	288	3	3	4	16	63
12	1	2050	5	22	38	288	3	3	4	18	64
14	1	2050	5	22	38	288	3	3	3	25	65
4	1	2050	40	46	35	289	3	3	3	7	66
7	1	2050	40	46	35	289	2	3	2	11	67
9	1	2050	40	46	35	289	2	3	2	20	68
12	1	2050	40	46	35	289	2	3	2	38	69
14	1	2050	40	46	35	289	2	3	2	49	70
4	1	2050	20	46	34	292	3	3	7	7	71
7	1	2050	20	46	34	292	3	3	7	15	72
9	1	2050	20	46	34	292	3	3	7	25	73
12	1	2050	20	46	34	292	3	3	7	32	74
14	1	2050	20	46	34	292	3	3	7	30	75
4	1	2050	10	46	33	293	4	4	5	12	76
7	1	2050	10	46	33	293	4	4	5	16	77
9	1	2050	10	46	33	293	4	4	5	17	78
12	1	2050	10	46	33	293	4	4	5	27	79
14	1	2050	10	46	33	293	4	4	5	28	80
4	1	2050	0	46	31	294	3	3	4	5	81
7	1	2050	0	46	31	294	3	3	4	8	82
9	1	2050	0	46	31	294	3	3	4	7	83
12	1	2050	0	46	31	294	2	3	3	4	84
14	1	2050	0	46	31	294	2	3	3	4	85
4	1	2050	80	46	36	298	5	5	5	9	86
7	1	2050	80	46	36	298	0	5	0	0	87
9	1	2050	80	46	36	298	0	5	0	0	88
12	1	2050	80	46	36	298	0	5	0	0	89
14	1	2050	80	46	36	298	0	4	0	0	90
4	1	2050	40	46	35	299	2	2	2	2	91
7	1	2050	40	46	35	299	2	2	2	10	92
9	1	2050	40	46	35	299	2	2	2	12	93
12	1	2050	40	46	35	299	2	2	2	18	94
14	1	2050	40	46	35	299	2	2	2	22	95
4	1	2050	10	46	33	300	2	2	3	4	96
7	1	2050	10	46	33	300	2	2	3	11	97
9	1	2050	10	46	33	300	2	2	3	12	98
12	1	2050	10	46	33	300	2	2	3	16	99
14	1	2050	10	46	33	300	2	2	3	13	100
4	1	2050	5	47	26	318	7	7	7	21	101
7	1	2050	5	47	26	318	7	7	7	31	102
9	1	2050	5	47	26	318	7	7	8	36	103
12	1	2050	5	47	26	318	6	7	6	44	104
14	1	2050	5	47	26	318	6	7	6	31	105
4	1	2050	10	47	27	322	8	8	8	20	106
7	1	2050	10	47	27	322	8	8	12	33	107
9	1	2050	10	47	27	322	8	8	12	45	108
12	1	2050	10	47	27	322	8	8	10	71	109
14	1	2050	10	47	27	322	8	8	12	124	110
4	1	2050	20	47	28	324	6	6	6	22	111
7	1	2050	20	47	28	324	5	6	5	28	112
9	1	2050	20	47	28	324	5	6	5	36	113
12	1	2050	20	47	28	324	5	6	5	62	114
14	1	2050	20	47	28	324	5	6	5	64	115
4	1	2050	0	47	25	325	6	6	6	21	116
7	1	2050	0	47	25	325	6	6	6	28	117
9	1	2050	0	47	25	325	6	6	6	28	118
12	1	2050	0	47	25	325	0	6	0	0	119
14	1	2050	0	47	25	325	0	6	0	0	120
4	1	2050	0	47	25	326	9	9	9	36	121
7	1	2050	0	47	25	326	9	9	11	58	122
9	1	2050	0	47	25	326	9	9	14	60	123
12	1	2050	0	47	25	326	2	9	4	12	124
14	1	2050	0	47	25	326	2	9	4	8	125
4	1	2050	5	47	26	328	7	7	7	33	126
7	1	2050	5	47	26	328	7	7	9	37	127
9	1	2050	5	47	26	328	7	7	9	35	128
12	1	2050	5	47	26	328	7	7	9	38	129
14	1	2050	5	47	26	328	7	7	8	36	130
4	1	2050	10	47	27	329	7	7	7	20	131
7	1	2050	10	47	27	329	6	7	6	30	132
9	1	2050	10	47	27	329	6	7	6	35	133
12	1	2050	10	47	27	329	6	7	6	53	134
14	1	2050	10	47	27	329	6	7	6	63	135
4	1	2050	20	41	46	360	7	7	7	10	136
7	1	2050	20	41	46	360	7	7	7	19	137
9	1	2050	20	41	46	360	7	7	7	28	138
12	1	2050	20	41	46	360	6	7	6	34	139
14	1	2050	20	41	46	360	6	7	6	36	140
4	1	2050	40	47	29	412	5	5	5	20	141
7	1	2050	40	47	29	412	5	5	6	26	142
9	1	2050	40	47	29	412	5	5	6	33	143
12	1	2050	40	47	29	412	4	5	5	34	144
14	1	2050	40	47	29	412	4	5	5	36	145
4	1	2050	20	47	28	413	4	4	4	10	146
7	1	2050	20	47	28	413	4	4	4	20	147
9	1	2050	20	47	28	413	4	4	4	19	148
12	1	2050	20	47	28	413	1	4	1	4	149
14	1	2050	20	47	28	413	1	4	1	5	150
4	1	2050	20	47	28	418	2	2	2	4	151
7	1	2050	20	47	28	418	1	2	1	3	152
9	1	2050	20	47	28	418	1	2	1	4	153
12	1	2050	20	47	28	418	1	2	1	8	154
14	1	2050	20	47	28	418	1	2	1	11	155
4	1	2050	10	47	27	421	3	3	3	11	156
7	1	2050	10	47	27	421	3	3	5	16	157
9	1	2050	10	47	27	421	3	3	5	24	158
12	1	2050	10	47	27	421	3	3	5	50	159
14	1	2050	10	47	27	421	3	3	5	56	160
4	1	2050	0	47	25	430	12	13	12	32	161
7	1	2050	0	47	25	430	11	13	11	31	162
9	1	2050	0	47	25	430	10	13	10	31	163
12	1	2050	0	47	25	430	2	13	2	6	164
14	1	2050	0	47	25	430	2	13	2	6	165
4	1	2050	5	47	26	433	5	5	5	25	166
7	1	2050	5	47	26	433	5	5	5	23	167
9	1	2050	5	47	26	433	5	5	5	24	168
12	1	2050	5	47	26	433	5	5	5	29	169
14	1	2050	5	47	26	433	5	5	5	36	170
4	1	2050	5	47	26	437	6	6	6	20	171
7	1	2050	5	47	26	437	6	6	6	26	172
9	1	2050	5	47	26	437	6	6	8	24	173
12	1	2050	5	47	26	437	5	6	5	36	174
14	1	2050	5	47	26	437	5	6	5	39	175
4	1	2050	0	46	31	471	4	4	5	7	176
7	1	2050	0	46	31	471	4	4	5	11	177
9	1	2050	0	46	31	471	4	4	5	14	178
12	1	2050	0	46	31	471	4	4	5	20	179
14	1	2050	0	46	31	471	4	4	5	20	180
4	1	2050	80	46	36	483	7	7	9	14	181
7	1	2050	80	46	36	483	0	7	0	0	182
9	1	2050	80	46	36	483	0	7	0	0	183
12	1	2050	80	46	36	483	0	7	0	0	184
14	1	2050	80	46	36	483	0	6	0	0	185
4	1	2050	5	22	38	518	4	4	4	10	186
7	1	2050	5	22	38	518	4	4	4	13	187
9	1	2050	5	22	38	518	3	4	3	15	188
12	1	2050	5	22	38	518	3	4	3	20	189
14	1	2050	5	22	38	518	3	4	3	21	190
4	1	2050	40	47	29	519	7	7	7	14	191
7	1	2050	40	47	29	519	7	7	7	22	192
9	1	2050	40	47	29	519	7	7	7	33	193
12	1	2050	40	47	29	519	7	7	7	56	194
14	1	2050	40	47	29	519	7	7	7	60	195
4	1	2050	5	46	32	521	3	3	3	7	196
7	1	2050	5	46	32	521	3	3	3	11	197
9	1	2050	5	46	32	521	3	3	3	14	198
12	1	2050	5	46	32	521	3	3	3	14	199
14	1	2050	5	46	32	521	3	3	3	15	200
4	1	2050	20	47	28	563	5	5	5	15	201
7	1	2050	20	47	28	563	5	5	5	23	202
9	1	2050	20	47	28	563	5	5	5	31	203
12	1	2050	20	47	28	563	5	5	5	41	204
14	1	2050	20	47	28	563	5	5	5	57	205
4	1	2050	10	46	33	583	5	5	7	9	206
7	1	2050	10	46	33	583	5	5	7	22	207
9	1	2050	10	46	33	583	5	5	7	32	208
12	1	2050	10	46	33	583	5	5	7	38	209
14	1	2050	10	46	33	583	5	5	7	43	210
4	1	2050	0	41	43	588	11	11	15	23	211
7	1	2050	0	41	43	588	9	11	13	23	212
9	1	2050	0	41	43	588	9	11	13	33	213
12	1	2050	0	41	43	588	6	11	7	20	214
14	1	2050	0	41	43	588	6	11	7	22	215
4	1	2050	40	41	47	590	8	8	11	15	216
7	1	2050	40	41	47	590	4	8	5	11	217
9	1	2050	40	41	47	590	4	8	5	21	218
12	1	2050	40	41	47	590	4	8	5	26	219
14	1	2050	40	41	47	590	4	8	5	28	220
4	1	2050	40	41	47	591	11	11	17	21	221
7	1	2050	40	41	47	591	2	11	4	4	222
9	1	2050	40	41	47	591	2	11	4	6	223
12	1	2050	40	41	47	591	2	11	4	3	224
14	1	2050	40	41	47	591	2	11	4	3	225
4	1	2050	10	41	45	593	7	7	9	12	226
7	1	2050	10	41	45	593	7	7	9	23	227
9	1	2050	10	41	45	593	7	7	9	36	228
12	1	2050	10	41	45	593	7	7	9	47	229
14	1	2050	10	41	45	593	7	7	9	55	230
4	1	2050	0	22	37	596	5	5	5	12	231
7	1	2050	0	22	37	596	5	5	5	11	232
9	1	2050	0	22	37	596	4	5	4	14	233
12	1	2050	0	22	37	596	4	5	4	13	234
14	1	2050	0	22	37	596	4	5	4	12	235
4	1	2050	40	22	41	600	7	7	7	26	236
7	1	2050	40	22	41	600	5	7	5	23	237
9	1	2050	40	22	41	600	5	7	5	26	238
12	1	2050	40	22	41	600	2	7	2	11	239
14	1	2050	40	22	41	600	2	7	2	11	240
4	1	2050	80	41	48	603	6	7	6	6	241
7	1	2050	80	41	48	603	0	7	0	0	242
9	1	2050	80	41	48	603	0	7	0	0	243
12	1	2050	80	41	48	603	0	7	0	0	244
14	1	2050	80	41	48	603	0	7	0	0	245
4	1	2050	10	41	45	605	6	6	10	10	246
7	1	2050	10	41	45	605	5	6	6	6	247
9	1	2050	10	41	45	605	4	6	5	9	248
12	1	2050	10	41	45	605	4	6	5	13	249
14	1	2050	10	41	45	605	4	6	5	15	250
4	1	2050	40	41	47	606	3	6	3	4	251
7	1	2050	40	41	47	606	0	6	0	0	252
9	1	2050	40	41	47	606	0	6	0	0	253
12	1	2050	40	41	47	606	0	6	0	0	254
14	1	2050	40	41	47	606	0	6	0	0	255
4	1	2050	20	41	46	607	8	8	9	15	256
7	1	2050	20	41	46	607	8	8	9	24	257
9	1	2050	20	41	46	607	8	8	9	30	258
12	1	2050	20	41	46	607	7	8	8	37	259
14	1	2050	20	41	46	607	6	8	7	34	260
4	1	2050	5	41	44	608	3	3	3	3	261
7	1	2050	5	41	44	608	3	3	3	3	262
9	1	2050	5	41	44	608	3	3	3	3	263
12	1	2050	5	41	44	608	2	3	2	6	264
14	1	2050	5	41	44	608	2	3	2	2	265
4	1	2050	80	41	48	618	8	9	11	15	266
7	1	2050	80	41	48	618	0	9	0	0	267
9	1	2050	80	41	48	618	0	9	0	0	268
12	1	2050	80	41	48	618	0	9	0	0	269
14	1	2050	80	41	48	618	0	8	0	0	270
4	1	2050	10	41	45	619	5	5	5	7	271
7	1	2050	10	41	45	619	3	5	3	5	272
9	1	2050	10	41	45	619	3	5	3	10	273
12	1	2050	10	41	45	619	3	5	3	16	274
14	1	2050	10	41	45	619	3	5	3	17	275
4	1	2050	0	41	43	621	4	4	5	6	276
7	1	2050	0	41	43	621	4	4	5	7	277
9	1	2050	0	41	43	621	1	4	2	3	278
12	1	2050	0	41	43	621	0	4	0	0	279
14	1	2050	0	41	43	621	0	4	0	0	280
4	1	2050	0	41	43	622	4	5	4	9	281
7	1	2050	0	41	43	622	4	5	4	14	282
9	1	2050	0	41	43	622	4	4	4	12	283
12	1	2050	0	41	43	622	4	5	4	16	284
14	1	2050	0	41	43	622	4	4	4	16	285
4	1	2050	5	41	44	623	4	4	4	5	286
7	1	2050	5	41	44	623	4	4	4	7	287
9	1	2050	5	41	44	623	4	4	5	10	288
12	1	2050	5	41	44	623	4	4	4	15	289
14	1	2050	5	41	44	623	4	4	4	15	290
4	1	2050	5	41	44	625	4	4	4	6	291
7	1	2050	5	41	44	625	4	4	4	11	292
9	1	2050	5	41	44	625	4	4	4	18	293
12	1	2050	5	41	44	625	4	4	4	20	294
14	1	2050	5	41	44	625	4	4	4	21	295
4	1	2050	80	47	30	626	21	25	21	48	296
7	1	2050	80	47	30	626	0	25	0	0	297
9	1	2050	80	47	30	626	0	25	0	0	298
12	1	2050	80	47	30	626	0	25	0	0	299
14	1	2050	80	47	30	626	0	25	0	0	300
4	1	2050	40	47	29	627	8	9	8	20	301
7	1	2050	40	47	29	627	2	9	2	12	302
9	1	2050	40	47	29	627	2	9	2	25	303
12	1	2050	40	47	29	627	2	9	2	12	304
14	1	2050	40	47	29	627	2	9	2	16	305
4	1	2050	80	22	42	632	5	5	5	9	306
7	1	2050	80	22	42	632	2	5	2	7	307
9	1	2050	80	22	42	632	2	5	2	11	308
12	1	2050	80	22	42	632	0	5	0	0	309
14	1	2050	80	22	42	632	0	5	0	0	310
4	1	2050	0	22	37	650	6	6	6	10	311
7	1	2050	0	22	37	650	6	6	6	15	312
9	1	2050	0	22	37	650	6	6	6	17	313
12	1	2050	0	22	37	650	4	6	4	12	314
14	1	2050	0	22	37	650	4	6	4	14	315
4	1	2050	5	22	38	655	8	8	8	17	316
7	1	2050	5	22	38	655	7	8	7	26	317
9	1	2050	5	22	38	655	7	8	7	28	318
12	1	2050	5	22	38	655	7	8	7	38	319
14	1	2050	5	22	38	655	7	8	7	42	320
4	1	2050	20	46	34	656	4	4	4	4	321
7	1	2050	20	46	34	656	4	4	4	12	322
9	1	2050	20	46	34	656	4	4	4	25	323
12	1	2050	20	46	34	656	4	4	4	40	324
14	1	2050	20	46	34	656	4	4	4	49	325
4	1	2050	40	46	35	771	6	6	11	15	326
7	1	2050	40	46	35	771	0	6	0	0	327
9	1	2050	40	46	35	771	0	6	0	0	328
12	1	2050	40	46	35	771	0	6	0	0	329
14	1	2050	40	46	35	771	0	6	0	0	330
4	1	2050	10	46	33	772	4	4	7	10	331
7	1	2050	10	46	33	772	4	4	6	14	332
9	1	2050	10	46	33	772	3	4	5	15	333
12	1	2050	10	46	33	772	2	4	2	18	334
14	1	2050	10	46	33	772	2	4	2	20	335
4	1	2050	0	47	25	781	6	6	6	17	336
7	1	2050	0	47	25	781	6	6	6	19	337
9	1	2050	0	47	25	781	6	6	6	18	338
12	1	2050	0	47	25	781	0	6	0	0	339
14	1	2050	0	47	25	781	0	6	0	0	340
4	1	2050	40	47	29	786	6	8	6	11	341
7	1	2050	40	47	29	786	4	8	4	9	342
9	1	2050	40	47	29	786	4	8	4	18	343
12	1	2050	40	47	29	786	4	8	4	41	344
14	1	2050	40	47	29	786	4	8	4	45	345
4	1	2050	0	22	37	788	6	6	6	14	346
7	1	2050	0	22	37	788	6	6	7	23	347
9	1	2050	0	22	37	788	6	6	7	18	348
12	1	2050	0	22	37	788	4	6	5	21	349
14	1	2050	0	22	37	788	4	6	7	21	350
4	1	2050	10	22	39	812	2	2	2	5	351
7	1	2050	10	22	39	812	2	2	2	9	352
9	1	2050	10	22	39	812	2	2	2	9	353
12	1	2050	10	22	39	812	1	2	1	5	354
14	1	2050	10	22	39	812	1	2	1	5	355
4	1	2050	80	22	42	815	3	3	3	11	356
7	1	2050	80	22	42	815	0	3	0	0	357
9	1	2050	80	22	42	815	0	3	0	0	358
12	1	2050	80	22	42	815	0	3	0	0	359
14	1	2050	80	22	42	815	0	3	0	0	360
4	1	2050	20	22	40	821	5	5	8	24	361
7	1	2050	20	22	40	821	5	5	9	26	362
9	1	2050	20	22	40	821	5	5	9	28	363
12	1	2050	20	22	40	821	5	5	9	32	364
14	1	2050	20	22	40	821	5	5	7	37	365
4	1	2050	20	22	40	840	5	5	5	16	366
7	1	2050	20	22	40	840	5	5	5	16	367
9	1	2050	20	22	40	840	5	5	5	24	368
12	1	2050	20	22	40	840	5	5	5	30	369
14	1	2050	20	22	40	840	5	5	5	44	370
4	1	2050	80	22	42	847	9	9	9	23	371
7	1	2050	80	22	42	847	1	9	3	3	372
9	1	2050	80	22	42	847	1	9	3	3	373
12	1	2050	80	22	42	847	0	9	0	0	374
14	1	2050	80	22	42	847	0	9	0	0	375
4	1	2050	10	22	39	857	4	4	4	8	376
7	1	2050	10	22	39	857	4	4	4	16	377
9	1	2050	10	22	39	857	4	4	4	21	378
12	1	2050	10	22	39	857	4	4	4	25	379
14	1	2050	10	22	39	857	4	4	4	35	380
4	1	2050	40	22	41	858	5	5	5	8	381
7	1	2050	40	22	41	858	3	5	3	6	382
9	1	2050	40	22	41	858	3	5	3	16	383
12	1	2050	40	22	41	858	1	5	1	6	384
14	1	2050	40	22	41	858	1	5	1	6	385
4	1	2050	80	22	42	860	9	10	9	27	386
7	1	2050	80	22	42	860	0	10	0	0	387
9	1	2050	80	22	42	860	0	10	0	0	388
12	1	2050	80	22	42	860	0	10	0	0	389
14	1	2050	80	22	42	860	0	10	0	0	390
4	1	2050	40	22	41	863	5	6	5	11	391
7	1	2050	40	22	41	863	5	6	7	16	392
9	1	2050	40	22	41	863	4	6	5	25	393
12	1	2050	40	22	41	863	4	6	6	54	394
14	1	2050	40	22	41	863	4	6	6	64	395
4	1	2050	10	22	39	869	3	3	3	9	396
7	1	2050	10	22	39	869	3	3	3	11	397
9	1	2050	10	22	39	869	3	3	3	17	398
12	1	2050	10	22	39	869	2	3	2	15	399
14	1	2050	10	22	39	869	2	3	2	14	400
4	1	2050	0	46	31	870	7	7	10	11	401
7	1	2050	0	46	31	870	7	7	10	20	402
9	1	2050	0	46	31	870	7	7	10	28	403
12	1	2050	0	46	31	870	6	7	7	24	404
14	1	2050	0	46	31	870	5	7	6	18	405
4	1	2050	20	22	40	873	2	2	2	5	406
7	1	2050	20	22	40	873	2	2	2	6	407
9	1	2050	20	22	40	873	2	2	2	8	408
12	1	2050	20	22	40	873	2	2	2	16	409
14	1	2050	20	22	40	873	2	2	2	18	410
4	1	2050	5	22	38	879	4	4	4	11	411
7	1	2050	5	22	38	879	4	4	4	11	412
9	1	2050	5	22	38	879	4	4	4	10	413
12	1	2050	5	22	38	879	4	4	4	15	414
14	1	2050	5	22	38	879	4	4	4	15	415
4	1	2050	10	47	27	881	5	5	5	13	416
7	1	2050	10	47	27	881	5	5	5	23	417
9	1	2050	10	47	27	881	5	5	5	28	418
12	1	2050	10	47	27	881	5	5	5	35	419
14	1	2050	10	47	27	881	5	5	5	35	420
4	1	2050	20	22	40	882	2	2	2	9	421
7	1	2050	20	22	40	882	2	2	2	9	422
9	1	2050	20	22	40	882	2	2	2	14	423
12	1	2050	20	22	40	882	2	2	2	17	424
14	1	2050	20	22	40	882	2	2	2	18	425
4	1	2050	20	46	34	883	4	4	4	6	426
7	1	2050	20	46	34	883	3	4	3	8	427
9	1	2050	20	46	34	883	3	4	3	15	428
12	1	2050	20	46	34	883	3	4	3	29	429
14	1	2050	20	46	34	883	3	4	3	30	430
4	1	2050	5	46	32	884	2	2	2	2	431
7	1	2050	5	46	32	884	2	2	2	6	432
9	1	2050	5	46	32	884	2	2	2	8	433
12	1	2050	5	46	32	884	2	2	2	12	434
14	1	2050	5	46	32	884	2	2	2	17	435
4	1	2050	80	47	30	885	4	4	4	13	436
7	1	2050	80	47	30	885	0	4	0	0	437
9	1	2050	80	47	30	885	0	4	0	0	438
12	1	2050	80	47	30	885	0	4	0	0	439
14	1	2050	80	47	30	885	0	4	0	0	440
4	1	2050	10	22	39	886	3	3	3	6	441
7	1	2050	10	22	39	886	3	3	3	12	442
9	1	2050	10	22	39	886	3	3	3	16	443
12	1	2050	10	22	39	886	3	3	3	19	444
14	1	2050	10	22	39	886	3	3	3	24	445
4	1	2050	40	46	35	887	3	3	3	7	446
7	1	2050	40	46	35	887	2	3	2	11	447
9	1	2050	40	46	35	887	2	3	2	17	448
12	1	2050	40	46	35	887	2	3	2	27	449
14	1	2050	40	46	35	887	2	3	2	33	450
4	1	2050	80	46	36	891	5	5	6	10	451
7	1	2050	80	46	36	891	0	5	0	0	452
9	1	2050	80	46	36	891	0	5	0	0	453
12	1	2050	80	46	36	891	0	5	0	0	454
14	1	2050	80	46	36	891	0	3	0	0	455
4	1	2050	5	46	32	893	3	3	3	7	456
7	1	2050	5	46	32	893	3	3	3	11	457
9	1	2050	5	46	32	893	2	3	2	10	458
12	1	2050	5	46	32	893	2	3	2	10	459
14	1	2050	5	46	32	893	1	3	1	7	460
4	1	2050	5	46	32	894	5	5	7	14	461
7	1	2050	5	46	32	894	5	5	7	27	462
9	1	2050	5	46	32	894	5	5	7	30	463
12	1	2050	5	46	32	894	5	5	7	39	464
14	1	2050	5	46	32	894	5	5	7	41	465
4	1	2050	80	47	30	895	3	3	3	11	466
7	1	2050	80	47	30	895	0	3	0	0	467
9	1	2050	80	47	30	895	0	3	0	0	468
12	1	2050	80	47	30	895	0	3	0	0	469
14	1	2050	80	47	30	895	0	3	0	0	470
4	1	2050	80	47	30	896	3	3	3	7	471
7	1	2050	80	47	30	896	0	3	0	0	472
9	1	2050	80	47	30	896	0	3	0	0	473
12	1	2050	80	47	30	896	0	3	0	0	474
14	1	2050	80	47	30	896	0	3	0	0	475
4	1	2050	0	41	43	1920	11	11	16	24	476
7	1	2050	0	41	43	1920	9	11	13	26	477
9	1	2050	0	41	43	1920	9	11	13	27	478
12	1	2050	0	41	43	1920	7	11	10	16	479
14	1	2050	0	41	43	1920	7	10	10	16	480
4	1	2100	20	8	4	66	3	3	3	10	481
7	1	2100	20	8	4	66	3	3	3	13	482
9	1	2100	20	8	4	66	3	3	4	17	483
12	1	2100	20	8	4	66	3	3	3	17	484
14	1	2100	20	8	4	66	3	3	3	25	485
4	1	2100	5	8	3	67	2	3	2	4	486
7	1	2100	5	8	3	67	2	3	2	4	487
9	1	2100	5	8	3	67	2	3	2	5	488
12	1	2100	5	8	3	67	2	3	2	6	489
14	1	2100	5	8	3	67	2	3	2	6	490
4	1	2100	5	8	3	84	1	1	1	1	491
7	1	2100	5	8	3	84	1	1	1	1	492
9	1	2100	5	8	3	84	1	1	1	1	493
12	1	2100	5	8	3	84	1	1	1	1	494
14	1	2100	5	8	3	84	0	1	0	0	495
4	1	2100	0	8	1	115	1	3	1	3	496
7	1	2100	0	8	1	115	1	3	1	1	497
9	1	2100	0	8	1	115	1	3	1	1	498
12	1	2100	0	8	1	115	1	3	1	1	499
14	1	2100	0	8	1	115	1	3	1	1	500
4	1	2100	10	31	21	148	8	8	8	14	501
7	1	2100	10	31	21	148	8	8	9	28	502
9	1	2100	10	31	21	148	8	8	8	43	503
12	1	2100	10	31	21	148	7	8	7	65	504
14	1	2100	10	31	21	148	7	8	7	65	505
4	1	2100	10	31	21	157	5	6	5	9	506
7	1	2100	10	31	21	157	3	6	4	7	507
9	1	2100	10	31	21	157	3	6	3	7	508
12	1	2100	10	31	21	157	3	6	3	11	509
14	1	2100	10	31	21	157	3	6	3	11	510
4	1	2100	40	31	24	159	7	7	9	14	511
7	1	2100	40	31	24	159	7	7	9	22	512
9	1	2100	40	31	24	159	7	7	9	22	513
12	1	2100	40	31	24	159	6	7	8	28	514
14	1	2100	40	31	24	159	6	7	6	30	515
4	1	2100	10	36	17	170	3	3	4	4	516
7	1	2100	10	36	17	170	3	3	4	6	517
9	1	2100	10	36	17	170	3	3	4	11	518
12	1	2100	10	36	17	170	3	3	4	25	519
14	1	2100	10	36	17	170	3	3	4	26	520
4	1	2100	40	36	15	176	4	5	4	4	521
7	1	2100	40	36	15	176	4	5	4	12	522
9	1	2100	40	36	15	176	4	5	4	22	523
12	1	2100	40	36	15	176	4	5	4	31	524
14	1	2100	40	36	15	176	4	5	2	49	525
4	1	2100	40	36	15	177	2	2	3	3	526
7	1	2100	40	36	15	177	0	2	0	0	527
9	1	2100	40	36	15	177	0	2	0	0	528
12	1	2100	40	36	15	177	0	2	0	0	529
14	1	2100	40	36	15	177	0	2	0	0	530
4	1	2100	0	36	16	178	3	3	4	4	531
7	1	2100	0	36	16	178	3	3	4	8	532
9	1	2100	0	36	16	178	3	3	4	12	533
12	1	2100	0	36	16	178	3	3	4	11	534
14	1	2100	0	36	16	178	3	3	4	10	535
4	1	2100	0	36	16	179	7	8	8	8	536
7	1	2100	0	36	16	179	3	8	3	8	537
9	1	2100	0	36	16	179	3	8	3	9	538
12	1	2100	0	36	16	179	3	8	3	11	539
14	1	2100	0	36	16	179	3	8	3	14	540
4	1	2100	0	36	16	182	5	6	5	5	541
7	1	2100	0	36	16	182	5	6	5	8	542
9	1	2100	0	36	16	182	5	6	5	10	543
12	1	2100	0	36	16	182	5	6	5	11	544
14	1	2100	0	36	16	182	5	6	5	14	545
4	1	2100	0	36	16	184	6	6	7	12	546
7	1	2100	0	36	16	184	6	6	7	17	547
9	1	2100	0	36	16	184	6	6	7	15	548
12	1	2100	0	36	16	184	6	6	7	20	549
14	1	2100	0	36	16	184	3	6	3	15	550
4	1	2100	40	36	15	185	12	12	15	20	551
7	1	2100	40	36	15	185	10	12	13	34	552
9	1	2100	40	36	15	185	10	12	13	49	553
12	1	2100	40	36	15	185	9	12	12	77	554
14	1	2100	40	36	15	185	9	12	12	94	555
4	1	2100	40	36	15	186	4	4	8	13	556
7	1	2100	40	36	15	186	1	4	3	6	557
9	1	2100	40	36	15	186	1	4	2	5	558
12	1	2100	40	36	15	186	1	4	2	11	559
14	1	2100	40	36	15	186	1	4	2	15	560
4	1	2100	0	31	22	205	6	7	6	11	561
7	1	2100	0	31	22	205	6	7	6	18	562
9	1	2100	0	31	22	205	6	7	6	18	563
12	1	2100	0	31	22	205	6	7	6	22	564
14	1	2100	0	31	22	205	5	7	5	19	565
4	1	2100	0	8	1	206	5	7	6	7	566
7	1	2100	0	8	1	206	2	7	3	7	567
9	1	2100	0	8	1	206	2	7	3	7	568
12	1	2100	0	8	1	206	2	7	2	7	569
14	1	2100	0	8	1	206	2	7	2	5	570
4	1	2100	10	8	2	207	3	3	3	6	571
7	1	2100	10	8	2	207	2	3	2	7	572
9	1	2100	10	8	2	207	2	3	2	12	573
12	1	2100	10	8	2	207	2	3	2	13	574
14	1	2100	10	8	2	207	2	3	2	12	575
4	1	2100	0	31	22	215	6	6	10	13	576
7	1	2100	0	31	22	215	6	6	10	21	577
9	1	2100	0	31	22	215	6	6	10	21	578
12	1	2100	0	31	22	215	3	6	5	13	579
14	1	2100	0	31	22	215	3	6	5	14	580
4	1	2100	10	31	21	219	4	5	4	6	581
7	1	2100	10	31	21	219	3	5	3	12	582
9	1	2100	10	31	21	219	3	5	3	16	583
12	1	2100	10	31	21	219	3	5	3	21	584
14	1	2100	10	31	21	219	3	5	3	27	585
4	1	2100	5	31	20	220	11	11	11	34	586
7	1	2100	5	31	20	220	10	11	10	41	587
9	1	2100	5	31	20	220	10	11	10	43	588
12	1	2100	5	31	20	220	9	11	9	60	589
14	1	2100	5	31	20	220	9	11	9	70	590
4	1	2100	40	31	24	222	3	3	3	5	591
7	1	2100	40	31	24	222	3	3	3	14	592
9	1	2100	40	31	24	222	3	3	3	15	593
12	1	2100	40	31	24	222	3	3	3	23	594
14	1	2100	40	31	24	222	3	3	3	30	595
4	1	2100	0	31	22	224	7	7	7	19	596
7	1	2100	0	31	22	224	7	7	7	22	597
9	1	2100	0	31	22	224	7	7	7	22	598
12	1	2100	0	31	22	224	3	7	3	10	599
14	1	2100	0	31	22	224	3	7	3	11	600
4	1	2100	40	31	24	228	3	3	3	15	601
7	1	2100	40	31	24	228	3	3	3	14	602
9	1	2100	40	31	24	228	3	3	3	22	603
12	1	2100	40	31	24	228	3	3	3	21	604
14	1	2100	40	31	24	228	3	3	4	26	605
4	1	2100	0	8	1	230	4	7	4	8	606
7	1	2100	0	8	1	230	4	7	4	12	607
9	1	2100	0	8	1	230	4	7	4	8	608
12	1	2100	0	8	1	230	4	7	4	9	609
14	1	2100	0	8	1	230	4	7	4	9	610
4	1	2100	5	31	20	231	7	7	10	17	611
7	1	2100	5	31	20	231	7	7	9	24	612
9	1	2100	5	31	20	231	7	7	9	23	613
12	1	2100	5	31	20	231	6	7	8	20	614
14	1	2100	5	31	20	231	6	7	8	21	615
4	1	2100	80	31	19	235	3	3	3	6	616
7	1	2100	80	31	19	235	0	3	0	0	617
9	1	2100	80	31	19	235	0	3	0	0	618
12	1	2100	80	31	19	235	0	3	0	0	619
14	1	2100	80	31	19	235	0	3	0	0	620
4	1	2100	80	31	19	237	4	4	4	10	621
7	1	2100	80	31	19	237	0	4	0	0	622
9	1	2100	80	31	19	237	0	4	0	0	623
12	1	2100	80	31	19	237	0	4	0	0	624
14	1	2100	80	31	19	237	0	4	0	0	625
4	1	2100	80	31	19	238	4	4	4	12	626
7	1	2100	80	31	19	238	0	4	0	0	627
9	1	2100	80	31	19	238	0	4	0	0	628
12	1	2100	80	31	19	238	0	4	0	0	629
14	1	2100	80	31	19	238	0	4	0	0	630
4	1	2100	20	36	18	242	2	2	3	3	631
7	1	2100	20	36	18	242	2	2	3	8	632
9	1	2100	20	36	18	242	2	2	3	10	633
12	1	2100	20	36	18	242	2	2	3	17	634
14	1	2100	20	36	18	242	2	2	3	15	635
4	1	2100	10	36	17	246	8	8	9	9	636
7	1	2100	10	36	17	246	4	8	5	5	637
9	1	2100	10	36	17	246	4	8	5	5	638
12	1	2100	10	36	17	246	4	8	5	14	639
14	1	2100	10	36	17	246	4	8	5	17	640
4	1	2100	20	36	18	247	11	11	19	23	641
7	1	2100	20	36	18	247	8	11	12	18	642
9	1	2100	20	36	18	247	7	11	11	22	643
12	1	2100	20	36	18	247	4	11	8	27	644
14	1	2100	20	36	18	247	4	11	8	33	645
4	1	2100	10	48	8	254	12	12	12	19	646
7	1	2100	10	48	8	254	11	12	14	35	647
9	1	2100	10	48	8	254	11	12	14	36	648
12	1	2100	10	48	8	254	11	12	11	50	649
14	1	2100	10	48	8	254	11	12	14	63	650
4	1	2100	20	36	18	257	3	3	3	3	651
7	1	2100	20	36	18	257	3	3	3	11	652
9	1	2100	20	36	18	257	3	3	3	15	653
12	1	2100	20	36	18	257	3	3	3	23	654
14	1	2100	20	36	18	257	3	3	3	30	655
4	1	2100	10	36	17	260	4	4	4	5	656
7	1	2100	10	36	17	260	4	4	4	5	657
9	1	2100	10	36	17	260	4	4	4	9	658
12	1	2100	10	36	17	260	4	4	4	20	659
14	1	2100	10	36	17	260	4	4	4	22	660
4	1	2100	20	36	18	262	1	1	1	1	661
7	1	2100	20	36	18	262	1	1	1	3	662
9	1	2100	20	36	18	262	1	1	1	6	663
12	1	2100	20	36	18	262	1	1	1	13	664
14	1	2100	20	36	18	262	1	1	1	14	665
4	1	2100	20	31	23	265	2	2	2	3	666
7	1	2100	20	31	23	265	2	2	2	5	667
9	1	2100	20	31	23	265	2	2	2	8	668
12	1	2100	20	31	23	265	2	2	2	9	669
14	1	2100	20	31	23	265	2	2	2	10	670
4	1	2100	10	36	17	269	1	1	1	1	671
7	1	2100	10	36	17	269	1	1	1	1	672
9	1	2100	10	36	17	269	1	1	1	2	673
12	1	2100	10	36	17	269	1	1	1	1	674
14	1	2100	10	36	17	269	0	1	0	0	675
4	1	2100	80	48	12	273	2	2	2	2	676
7	1	2100	80	48	12	273	0	2	0	0	677
9	1	2100	80	48	12	273	0	2	0	0	678
12	1	2100	80	48	12	273	0	2	0	0	679
14	1	2100	80	48	12	273	0	2	0	0	680
4	1	2100	80	48	12	277	4	4	4	8	681
7	1	2100	80	48	12	277	0	4	0	0	682
9	1	2100	80	48	12	277	0	4	0	0	683
12	1	2100	80	48	12	277	0	4	0	0	684
14	1	2100	80	48	12	277	0	4	0	0	685
4	1	2100	40	48	11	282	4	4	4	9	686
7	1	2100	40	48	11	282	1	4	1	3	687
9	1	2100	40	48	11	282	1	4	1	5	688
12	1	2100	40	48	11	282	1	4	2	9	689
14	1	2100	40	48	11	282	1	4	1	11	690
4	1	2100	5	48	9	283	5	5	5	10	691
7	1	2100	5	48	9	283	1	5	1	1	692
9	1	2100	5	48	9	283	0	5	0	0	693
12	1	2100	5	48	9	283	0	5	0	0	694
14	1	2100	5	48	9	283	0	5	0	0	695
4	1	2100	5	48	9	290	2	3	2	3	696
7	1	2100	5	48	9	290	1	3	1	3	697
9	1	2100	5	48	9	290	1	3	1	3	698
12	1	2100	5	48	9	290	1	3	1	5	699
14	1	2100	5	48	9	290	1	3	1	5	700
4	1	2100	20	48	10	305	4	4	4	7	701
7	1	2100	20	48	10	305	1	4	1	1	702
9	1	2100	20	48	10	305	1	4	1	1	703
12	1	2100	20	48	10	305	1	4	1	5	704
14	1	2100	20	48	10	305	1	4	1	5	705
4	1	2100	5	36	13	307	6	7	9	19	706
7	1	2100	5	36	13	307	6	7	9	25	707
9	1	2100	5	36	13	307	6	7	9	26	708
12	1	2100	5	36	13	307	6	7	9	30	709
14	1	2100	5	36	13	307	5	7	8	31	710
4	1	2100	5	36	13	308	5	5	7	18	711
7	1	2100	5	36	13	308	4	5	6	17	712
9	1	2100	5	36	13	308	4	5	6	23	713
12	1	2100	5	36	13	308	4	5	6	31	714
14	1	2100	5	36	13	308	4	5	6	37	715
4	1	2100	80	36	14	309	7	7	11	15	716
7	1	2100	80	36	14	309	0	7	0	0	717
9	1	2100	80	36	14	309	0	7	0	0	718
12	1	2100	80	36	14	309	0	7	0	0	719
14	1	2100	80	36	14	309	0	7	0	0	720
4	1	2100	80	36	14	310	5	5	8	12	721
7	1	2100	80	36	14	310	0	5	0	0	722
9	1	2100	80	36	14	310	0	5	0	0	723
12	1	2100	80	36	14	310	0	5	0	0	724
14	1	2100	80	36	14	310	0	5	0	0	725
4	1	2100	5	36	13	312	4	4	6	8	726
7	1	2100	5	36	13	312	4	4	6	14	727
9	1	2100	5	36	13	312	4	4	6	17	728
12	1	2100	5	36	13	312	4	4	6	29	729
14	1	2100	5	36	13	312	4	4	6	52	730
4	1	2100	80	36	14	313	2	2	2	2	731
7	1	2100	80	36	14	313	0	2	0	0	732
9	1	2100	80	36	14	313	0	2	0	0	733
12	1	2100	80	36	14	313	0	2	0	0	734
14	1	2100	80	36	14	313	0	2	0	0	735
4	1	2100	80	36	14	314	2	2	3	7	736
7	1	2100	80	36	14	314	0	2	0	0	737
9	1	2100	80	36	14	314	0	2	0	0	738
12	1	2100	80	36	14	314	0	2	0	0	739
14	1	2100	80	36	14	314	0	2	0	0	740
4	1	2100	10	48	8	317	6	6	6	24	741
7	1	2100	10	48	8	317	3	6	3	13	742
9	1	2100	10	48	8	317	3	6	3	15	743
12	1	2100	10	48	8	317	3	6	3	22	744
14	1	2100	10	48	8	317	3	6	3	22	745
4	1	2100	20	31	23	319	3	3	3	10	746
7	1	2100	20	31	23	319	3	3	3	9	747
9	1	2100	20	31	23	319	3	3	3	12	748
12	1	2100	20	31	23	319	3	3	3	13	749
14	1	2100	20	31	23	319	3	3	3	12	750
4	1	2100	20	31	23	340	3	3	3	10	751
7	1	2100	20	31	23	340	3	3	3	14	752
9	1	2100	20	31	23	340	3	3	3	21	753
12	1	2100	20	31	23	340	3	3	3	29	754
14	1	2100	20	31	23	340	3	3	3	37	755
4	1	2100	5	48	9	351	4	4	4	7	756
7	1	2100	5	48	9	351	4	4	4	15	757
9	1	2100	5	48	9	351	3	4	3	10	758
12	1	2100	5	48	9	351	2	4	2	6	759
14	1	2100	5	48	9	351	2	4	2	6	760
4	1	2100	5	48	9	386	9	10	9	21	761
7	1	2100	5	48	9	386	1	10	1	4	762
9	1	2100	5	48	9	386	1	10	1	1	763
12	1	2100	5	48	9	386	0	10	0	0	764
14	1	2100	5	48	9	386	0	10	0	0	765
4	1	2100	80	8	6	426	4	9	4	5	766
7	1	2100	80	8	6	426	0	9	0	0	767
9	1	2100	80	8	6	426	0	9	0	0	768
12	1	2100	80	8	6	426	0	9	0	0	769
14	1	2100	80	8	6	426	0	9	0	0	770
4	1	2100	10	8	2	446	5	8	5	12	771
7	1	2100	10	8	2	446	5	8	7	15	772
9	1	2100	10	8	2	446	5	8	10	22	773
12	1	2100	10	8	2	446	5	8	5	20	774
14	1	2100	10	8	2	446	5	8	5	21	775
4	1	2100	5	8	3	448	2	5	2	4	776
7	1	2100	5	8	3	448	1	5	1	1	777
9	1	2100	5	8	3	448	1	5	1	2	778
12	1	2100	5	8	3	448	1	5	1	1	779
14	1	2100	5	8	3	448	1	5	1	1	780
4	1	2100	5	31	20	530	5	5	5	9	781
7	1	2100	5	31	20	530	5	5	6	10	782
9	1	2100	5	31	20	530	5	5	5	12	783
12	1	2100	5	31	20	530	4	5	4	18	784
14	1	2100	5	31	20	530	4	5	4	21	785
4	1	2100	0	48	7	537	2	2	2	2	786
7	1	2100	0	48	7	537	1	2	1	1	787
9	1	2100	0	48	7	537	0	2	0	0	788
12	1	2100	0	48	7	537	0	2	0	0	789
14	1	2100	0	48	7	537	0	2	0	0	790
4	1	2100	40	8	5	544	4	4	4	9	791
7	1	2100	40	8	5	544	3	4	3	10	792
9	1	2100	40	8	5	544	2	4	2	10	793
12	1	2100	40	8	5	544	2	4	2	9	794
14	1	2100	40	8	5	544	2	4	2	9	795
4	1	2100	10	48	8	552	2	2	2	5	796
7	1	2100	10	48	8	552	2	2	2	9	797
9	1	2100	10	48	8	552	2	2	2	9	798
12	1	2100	10	48	8	552	2	2	2	12	799
14	1	2100	10	48	8	552	2	2	2	13	800
4	1	2100	0	48	7	553	1	1	1	3	801
7	1	2100	0	48	7	553	1	1	1	8	802
9	1	2100	0	48	7	553	1	1	1	5	803
12	1	2100	0	48	7	553	0	1	0	0	804
14	1	2100	0	48	7	553	0	1	0	0	805
4	1	2100	40	8	5	558	2	4	3	3	806
7	1	2100	40	8	5	558	0	4	0	0	807
9	1	2100	40	8	5	558	0	4	0	0	808
12	1	2100	40	8	5	558	0	4	0	0	809
14	1	2100	40	8	5	558	0	4	0	0	810
4	1	2100	40	8	5	560	3	3	3	3	811
7	1	2100	40	8	5	560	2	3	2	4	812
9	1	2100	40	8	5	560	2	3	2	7	813
12	1	2100	40	8	5	560	2	3	2	14	814
14	1	2100	40	8	5	560	2	3	2	15	815
4	1	2100	5	36	13	565	15	15	22	31	816
7	1	2100	5	36	13	565	12	15	16	41	817
9	1	2100	5	36	13	565	10	15	13	34	818
12	1	2100	5	36	13	565	3	15	4	12	819
14	1	2100	5	36	13	565	2	15	3	15	820
4	1	2100	0	48	7	567	13	14	13	26	821
7	1	2100	0	48	7	567	0	14	0	0	822
9	1	2100	0	48	7	567	0	14	0	0	823
12	1	2100	0	48	7	567	0	14	0	0	824
14	1	2100	0	48	7	567	0	14	0	0	825
4	1	2100	80	8	6	569	2	3	2	3	826
7	1	2100	80	8	6	569	0	3	0	0	827
9	1	2100	80	8	6	569	0	3	0	0	828
12	1	2100	80	8	6	569	0	3	0	0	829
14	1	2100	80	8	6	569	0	3	0	0	830
4	1	2100	80	8	6	570	4	8	4	6	831
7	1	2100	80	8	6	570	0	8	0	0	832
9	1	2100	80	8	6	570	0	8	0	0	833
12	1	2100	80	8	6	570	0	8	0	0	834
14	1	2100	80	8	6	570	0	8	0	0	835
4	1	2100	20	8	4	573	5	5	5	9	836
7	1	2100	20	8	4	573	5	5	5	11	837
9	1	2100	20	8	4	573	5	5	5	11	838
12	1	2100	20	8	4	573	3	5	3	12	839
14	1	2100	20	8	4	573	3	5	3	10	840
4	1	2100	20	8	4	574	3	5	3	6	841
7	1	2100	20	8	4	574	2	5	2	5	842
9	1	2100	20	8	4	574	2	5	3	7	843
12	1	2100	20	8	4	574	2	5	2	7	844
14	1	2100	20	8	4	574	2	5	2	8	845
4	1	2100	5	8	3	576	5	5	5	10	846
7	1	2100	5	8	3	576	5	5	5	10	847
9	1	2100	5	8	3	576	5	5	5	15	848
12	1	2100	5	8	3	576	5	5	5	20	849
14	1	2100	5	8	3	576	4	5	4	20	850
4	1	2100	10	8	2	577	10	16	10	17	851
7	1	2100	10	8	2	577	7	16	7	21	852
9	1	2100	10	8	2	577	7	16	8	27	853
12	1	2100	10	8	2	577	7	16	7	35	854
14	1	2100	10	8	2	577	6	16	8	40	855
4	1	2100	10	8	2	578	6	9	6	9	856
7	1	2100	10	8	2	578	5	9	5	11	857
9	1	2100	10	8	2	578	4	9	5	13	858
12	1	2100	10	8	2	578	3	9	3	13	859
14	1	2100	10	8	2	578	3	9	3	14	860
4	1	2100	0	31	22	597	4	4	4	9	861
7	1	2100	0	31	22	597	4	4	4	10	862
9	1	2100	0	31	22	597	3	4	3	10	863
12	1	2100	0	31	22	597	3	4	3	14	864
14	1	2100	0	31	22	597	3	4	3	13	865
4	1	2100	80	31	19	639	6	6	6	8	866
7	1	2100	80	31	19	639	1	6	1	4	867
9	1	2100	80	31	19	639	1	6	1	5	868
12	1	2100	80	31	19	639	1	6	1	9	869
14	1	2100	80	31	19	639	1	6	1	12	870
4	1	2100	20	31	23	646	9	9	9	17	871
7	1	2100	20	31	23	646	7	9	7	23	872
9	1	2100	20	31	23	646	7	9	7	29	873
12	1	2100	20	31	23	646	7	9	7	44	874
14	1	2100	20	31	23	646	7	9	7	53	875
4	1	2100	5	31	20	651	2	2	2	5	876
7	1	2100	5	31	20	651	2	2	2	6	877
9	1	2100	5	31	20	651	2	2	2	6	878
12	1	2100	5	31	20	651	2	2	2	16	879
14	1	2100	5	31	20	651	2	2	2	17	880
4	1	2100	10	31	21	652	5	5	5	9	881
7	1	2100	10	31	21	652	5	5	5	14	882
9	1	2100	10	31	21	652	5	5	5	17	883
12	1	2100	10	31	21	652	5	5	5	20	884
14	1	2100	10	31	21	652	5	5	5	26	885
4	1	2100	20	48	10	657	4	4	4	9	886
7	1	2100	20	48	10	657	2	4	2	7	887
9	1	2100	20	48	10	657	2	4	2	10	888
12	1	2100	20	48	10	657	2	4	2	14	889
14	1	2100	20	48	10	657	2	4	2	18	890
4	1	2100	40	48	11	660	9	9	9	14	891
7	1	2100	40	48	11	660	0	9	0	0	892
9	1	2100	40	48	11	660	0	9	0	0	893
12	1	2100	40	48	11	660	0	9	0	0	894
14	1	2100	40	48	11	660	0	9	0	0	895
4	1	2100	40	48	11	661	6	6	6	11	896
7	1	2100	40	48	11	661	0	6	0	0	897
9	1	2100	40	48	11	661	0	6	0	0	898
12	1	2100	40	48	11	661	0	6	0	0	899
14	1	2100	40	48	11	661	0	6	0	0	900
4	1	2100	40	31	24	667	2	2	2	4	901
7	1	2100	40	31	24	667	1	2	1	2	902
9	1	2100	40	31	24	667	1	2	1	1	903
12	1	2100	40	31	24	667	1	2	1	1	904
14	1	2100	40	31	24	667	1	2	1	3	905
4	1	2100	80	48	12	672	6	6	6	10	906
7	1	2100	80	48	12	672	0	6	0	0	907
9	1	2100	80	48	12	672	0	6	0	0	908
12	1	2100	80	48	12	672	0	6	0	0	909
14	1	2100	80	48	12	672	0	6	0	0	910
4	1	2100	20	48	10	696	5	11	5	8	911
7	1	2100	20	48	10	696	1	11	1	1	912
9	1	2100	20	48	10	696	0	11	0	0	913
12	1	2100	20	48	10	696	0	11	0	0	914
14	1	2100	20	48	10	696	0	11	0	0	915
4	1	2100	80	48	12	699	8	10	8	10	916
7	1	2100	80	48	12	699	0	10	0	0	917
9	1	2100	80	48	12	699	0	10	0	0	918
12	1	2100	80	48	12	699	0	10	0	0	919
14	1	2100	80	48	12	699	0	10	0	0	920
4	1	2100	20	48	10	701	6	7	6	10	921
7	1	2100	20	48	10	701	1	7	1	2	922
9	1	2100	20	48	10	701	1	7	1	1	923
12	1	2100	20	48	10	701	0	7	0	0	924
14	1	2100	20	48	10	701	0	7	0	0	925
4	1	2100	40	48	11	706	11	11	11	24	926
7	1	2100	40	48	11	706	0	11	0	0	927
9	1	2100	40	48	11	706	0	11	0	0	928
12	1	2100	40	48	11	706	0	11	0	0	929
14	1	2100	40	48	11	706	0	11	0	0	930
4	1	2100	20	8	4	753	0	1	0	0	931
7	1	2100	20	8	4	753	0	1	0	0	932
9	1	2100	20	8	4	753	0	1	0	0	933
12	1	2100	20	8	4	753	0	1	0	0	934
14	1	2100	20	8	4	753	0	1	0	0	935
4	1	2100	40	8	5	754	1	1	1	1	936
7	1	2100	40	8	5	754	1	1	1	5	937
9	1	2100	40	8	5	754	1	1	1	3	938
12	1	2100	40	8	5	754	1	1	1	5	939
14	1	2100	40	8	5	754	1	1	1	5	940
4	1	2100	80	8	6	756	3	3	3	4	941
7	1	2100	80	8	6	756	0	3	0	0	942
9	1	2100	80	8	6	756	0	3	0	0	943
12	1	2100	80	8	6	756	0	3	0	0	944
14	1	2100	80	8	6	756	0	3	0	0	945
4	1	2100	10	48	8	765	6	6	6	10	946
7	1	2100	10	48	8	765	5	6	6	10	947
9	1	2100	10	48	8	765	5	6	6	16	948
12	1	2100	10	48	8	765	5	6	5	25	949
14	1	2100	10	48	8	765	5	6	6	26	950
4	1	2100	0	8	1	767	5	8	5	12	951
7	1	2100	0	8	1	767	0	8	0	0	952
9	1	2100	0	8	1	767	0	8	0	0	953
12	1	2100	0	8	1	767	0	8	0	0	954
14	1	2100	0	8	1	767	0	8	0	0	955
4	1	2100	0	48	7	833	12	16	12	18	956
7	1	2100	0	48	7	833	0	16	0	0	957
9	1	2100	0	48	7	833	0	16	0	0	958
12	1	2100	0	48	7	833	0	16	0	0	959
14	1	2100	0	48	7	833	0	16	0	0	960
4	1	Ambient	40	37	53	1	7	7	16	29	961
7	1	Ambient	40	37	53	1	4	7	9	21	962
9	1	Ambient	40	37	53	1	4	7	9	30	963
12	1	Ambient	40	37	53	1	4	7	9	47	964
14	1	Ambient	40	37	53	1	4	7	9	59	965
4	1	Ambient	20	37	52	3	10	10	13	27	966
7	1	Ambient	20	37	52	3	8	10	10	26	967
9	1	Ambient	20	37	52	3	8	10	11	35	968
12	1	Ambient	20	37	52	3	6	10	8	70	969
14	1	Ambient	20	37	52	3	6	10	8	58	970
4	1	Ambient	40	37	53	4	6	6	9	17	971
7	1	Ambient	40	37	53	4	0	5	0	0	972
9	1	Ambient	40	37	53	4	0	6	0	0	973
12	1	Ambient	40	37	53	4	0	6	0	0	974
14	1	Ambient	40	37	53	4	0	6	0	0	975
4	1	Ambient	20	37	52	6	4	4	6	12	976
7	1	Ambient	20	37	52	6	4	4	6	23	977
9	1	Ambient	20	37	52	6	4	4	6	28	978
12	1	Ambient	20	37	52	6	3	4	3	23	979
14	1	Ambient	20	37	52	6	3	4	3	28	980
4	1	Ambient	40	37	53	8	4	4	5	9	981
7	1	Ambient	40	37	53	8	3	4	3	13	982
9	1	Ambient	40	37	53	8	3	4	3	16	983
12	1	Ambient	40	37	53	8	3	4	3	26	984
14	1	Ambient	40	37	53	8	3	4	3	32	985
4	1	Ambient	20	35	58	19	7	7	8	11	986
7	1	Ambient	20	35	58	19	7	7	8	15	987
9	1	Ambient	20	35	58	19	7	7	8	22	988
12	1	Ambient	20	35	58	19	5	7	6	24	989
14	1	Ambient	20	35	58	19	4	7	5	31	990
4	1	Ambient	20	35	58	22	3	3	3	5	991
7	1	Ambient	20	35	58	22	3	3	3	10	992
9	1	Ambient	20	35	58	22	3	3	3	12	993
12	1	Ambient	20	35	58	22	3	3	3	15	994
14	1	Ambient	20	35	58	22	3	3	3	18	995
4	1	Ambient	40	35	59	23	6	6	6	12	996
7	1	Ambient	40	35	59	23	4	6	4	13	997
9	1	Ambient	40	35	59	23	4	6	4	24	998
12	1	Ambient	40	35	59	23	3	6	3	23	999
14	1	Ambient	40	35	59	23	3	5	3	31	1000
4	1	Ambient	40	35	59	29	2	2	2	5	1001
7	1	Ambient	40	35	59	29	1	2	1	4	1002
9	1	Ambient	40	35	59	29	1	2	1	5	1003
12	1	Ambient	40	35	59	29	1	2	1	7	1004
14	1	Ambient	40	35	59	29	1	2	1	7	1005
4	1	Ambient	20	35	58	31	5	5	5	9	1006
7	1	Ambient	20	35	58	31	3	5	3	7	1007
9	1	Ambient	20	35	58	31	3	5	3	5	1008
12	1	Ambient	20	35	58	31	2	5	2	3	1009
14	1	Ambient	20	35	58	31	2	5	2	4	1010
4	1	Ambient	0	6	61	40	1	1	1	4	1011
7	1	Ambient	0	6	61	40	1	1	1	4	1012
9	1	Ambient	0	6	61	40	1	1	1	4	1013
12	1	Ambient	0	6	61	40	1	1	1	7	1014
14	1	Ambient	0	6	61	40	1	1	1	7	1015
4	1	Ambient	5	6	62	41	2	2	3	11	1016
7	1	Ambient	5	6	62	41	2	2	3	11	1017
9	1	Ambient	5	6	62	41	2	2	3	18	1018
12	1	Ambient	5	6	62	41	1	2	2	12	1019
14	1	Ambient	5	6	62	41	1	2	1	11	1020
4	1	Ambient	80	35	60	43	3	3	4	6	1021
7	1	Ambient	80	35	60	43	0	3	0	0	1022
9	1	Ambient	80	35	60	43	0	3	0	0	1023
12	1	Ambient	80	35	60	43	0	3	0	0	1024
14	1	Ambient	80	35	60	43	0	2	0	0	1025
4	1	Ambient	80	35	60	46	10	10	11	23	1026
7	1	Ambient	80	35	60	46	0	10	0	0	1027
9	1	Ambient	80	35	60	46	0	10	0	0	1028
12	1	Ambient	80	35	60	46	0	10	0	0	1029
14	1	Ambient	80	35	60	46	0	10	0	0	1030
4	1	Ambient	5	6	62	47	5	5	5	17	1031
7	1	Ambient	5	6	62	47	5	5	5	22	1032
9	1	Ambient	5	6	62	47	5	5	5	26	1033
12	1	Ambient	5	6	62	47	4	5	4	22	1034
14	1	Ambient	5	6	62	47	4	5	4	25	1035
4	1	Ambient	10	30	69	49	4	4	7	10	1036
7	1	Ambient	10	30	69	49	4	4	7	12	1037
9	1	Ambient	10	30	69	49	4	4	7	14	1038
12	1	Ambient	10	30	69	49	3	4	5	26	1039
14	1	Ambient	10	30	69	49	2	2	3	16	1040
4	1	Ambient	0	6	61	53	2	2	2	5	1041
7	1	Ambient	0	6	61	53	2	2	2	5	1042
9	1	Ambient	0	6	61	53	2	2	2	5	1043
12	1	Ambient	0	6	61	53	1	2	1	3	1044
14	1	Ambient	0	6	61	53	1	2	1	4	1045
4	1	Ambient	20	37	52	64	2	2	2	5	1046
7	1	Ambient	20	37	52	64	2	2	2	8	1047
9	1	Ambient	20	37	52	64	2	2	2	14	1048
12	1	Ambient	20	37	52	64	0	2	0	0	1049
14	1	Ambient	20	37	52	64	0	2	0	0	1050
4	1	Ambient	0	35	55	70	3	3	3	11	1051
7	1	Ambient	0	35	55	70	3	3	3	13	1052
9	1	Ambient	0	35	55	70	3	3	3	15	1053
12	1	Ambient	0	35	55	70	3	3	3	18	1054
14	1	Ambient	0	35	55	70	3	3	3	18	1055
4	1	Ambient	80	35	60	82	9	9	11	13	1056
7	1	Ambient	80	35	60	82	0	9	0	0	1057
9	1	Ambient	80	35	60	82	0	9	0	0	1058
12	1	Ambient	80	35	60	82	0	9	0	0	1059
14	1	Ambient	80	35	60	82	0	8	0	0	1060
4	1	Ambient	0	6	61	85	1	1	1	1	1061
7	1	Ambient	0	6	61	85	0	1	0	0	1062
9	1	Ambient	0	6	61	85	0	1	0	0	1063
12	1	Ambient	0	6	61	85	0	1	0	0	1064
14	1	Ambient	0	6	61	85	0	1	0	0	1065
4	1	Ambient	40	35	59	98	2	2	2	3	1066
7	1	Ambient	40	35	59	98	0	2	0	0	1067
9	1	Ambient	40	35	59	98	0	2	0	0	1068
12	1	Ambient	40	35	59	98	0	2	0	0	1069
14	1	Ambient	40	35	59	98	0	2	0	0	1070
4	1	Ambient	5	6	62	100	4	4	4	13	1071
7	1	Ambient	5	6	62	100	4	4	4	18	1072
9	1	Ambient	5	6	62	100	4	4	4	21	1073
12	1	Ambient	5	6	62	100	4	4	4	27	1074
14	1	Ambient	5	6	62	100	4	4	4	27	1075
4	1	Ambient	10	6	63	102	6	6	6	17	1076
7	1	Ambient	10	6	63	102	6	6	6	20	1077
9	1	Ambient	10	6	63	102	6	6	6	24	1078
12	1	Ambient	10	6	63	102	4	6	4	24	1079
14	1	Ambient	10	6	63	102	4	6	4	26	1080
4	1	Ambient	5	6	62	108	4	4	5	17	1081
7	1	Ambient	5	6	62	108	4	4	5	16	1082
9	1	Ambient	5	6	62	108	4	4	5	24	1083
12	1	Ambient	5	6	62	108	4	4	5	30	1084
14	1	Ambient	5	6	62	108	4	4	4	31	1085
4	1	Ambient	10	6	63	109	9	9	10	18	1086
7	1	Ambient	10	6	63	109	9	9	10	20	1087
9	1	Ambient	10	6	63	109	8	9	9	22	1088
12	1	Ambient	10	6	63	109	8	9	9	25	1089
14	1	Ambient	10	6	63	109	8	9	8	26	1090
4	1	Ambient	10	35	57	110	1	1	2	2	1091
7	1	Ambient	10	35	57	110	1	1	2	4	1092
9	1	Ambient	10	35	57	110	1	1	2	6	1093
12	1	Ambient	10	35	57	110	1	1	2	7	1094
14	1	Ambient	10	35	57	110	1	1	2	8	1095
4	1	Ambient	0	35	55	111	9	9	12	25	1096
7	1	Ambient	0	35	55	111	9	9	12	31	1097
9	1	Ambient	0	35	55	111	7	9	10	28	1098
12	1	Ambient	0	35	55	111	6	9	8	29	1099
14	1	Ambient	0	35	55	111	6	9	8	28	1100
4	1	Ambient	0	35	55	112	6	6	8	20	1101
7	1	Ambient	0	35	55	112	6	6	6	27	1102
9	1	Ambient	0	35	55	112	6	6	8	32	1103
12	1	Ambient	0	35	55	112	6	6	8	30	1104
14	1	Ambient	0	35	55	112	6	6	8	32	1105
4	1	Ambient	80	37	54	114	2	2	2	5	1106
7	1	Ambient	80	37	54	114	0	2	0	0	1107
9	1	Ambient	80	37	54	114	0	2	0	0	1108
12	1	Ambient	80	37	54	114	0	2	0	0	1109
14	1	Ambient	80	37	54	114	0	2	0	0	1110
4	1	Ambient	10	35	57	116	3	3	3	3	1111
7	1	Ambient	10	35	57	116	2	3	2	5	1112
9	1	Ambient	10	35	57	116	2	3	2	6	1113
12	1	Ambient	10	35	57	116	2	3	2	7	1114
14	1	Ambient	10	35	57	116	2	3	2	8	1115
4	1	Ambient	80	37	54	118	3	3	3	7	1116
7	1	Ambient	80	37	54	118	0	3	0	0	1117
9	1	Ambient	80	37	54	118	0	3	0	0	1118
12	1	Ambient	80	37	54	118	0	3	0	0	1119
14	1	Ambient	80	37	54	118	0	3	0	0	1120
4	1	Ambient	80	37	54	119	4	4	4	11	1121
7	1	Ambient	80	37	54	119	0	4	0	0	1122
9	1	Ambient	80	37	54	119	0	4	0	0	1123
12	1	Ambient	80	37	54	119	0	4	0	0	1124
14	1	Ambient	80	37	54	119	0	4	0	0	1125
4	1	Ambient	80	37	54	120	5	5	5	10	1126
7	1	Ambient	80	37	54	120	0	5	0	0	1127
9	1	Ambient	80	37	54	120	0	5	0	0	1128
12	1	Ambient	80	37	54	120	0	5	0	0	1129
14	1	Ambient	80	37	54	120	0	5	0	0	1130
4	1	Ambient	10	35	57	125	12	12	18	31	1131
7	1	Ambient	10	35	57	125	11	12	20	25	1132
9	1	Ambient	10	35	57	125	11	12	17	39	1133
12	1	Ambient	10	35	57	125	9	12	15	41	1134
14	1	Ambient	10	35	57	125	9	11	15	47	1135
4	1	Ambient	5	35	56	130	4	4	4	9	1136
7	1	Ambient	5	35	56	130	4	4	4	15	1137
9	1	Ambient	5	35	56	130	4	4	4	15	1138
12	1	Ambient	5	35	56	130	3	4	3	11	1139
14	1	Ambient	5	35	56	130	3	4	3	17	1140
4	1	Ambient	5	35	56	133	6	6	8	12	1141
7	1	Ambient	5	35	56	133	6	6	7	19	1142
9	1	Ambient	5	35	56	133	6	6	8	28	1143
12	1	Ambient	5	35	56	133	5	6	7	26	1144
14	1	Ambient	5	35	56	133	5	6	7	30	1145
4	1	Ambient	0	37	49	139	2	2	2	6	1146
7	1	Ambient	0	37	49	139	2	2	2	6	1147
9	1	Ambient	0	37	49	139	2	2	2	8	1148
12	1	Ambient	0	37	49	139	2	2	2	8	1149
14	1	Ambient	0	37	49	139	2	2	2	8	1150
4	1	Ambient	5	30	68	363	3	3	4	5	1151
7	1	Ambient	5	30	68	363	3	3	5	17	1152
9	1	Ambient	5	30	68	363	2	2	3	16	1153
12	1	Ambient	5	30	68	363	2	3	3	24	1154
14	1	Ambient	5	30	68	363	2	3	3	30	1155
4	1	Ambient	20	6	64	365	6	6	11	25	1156
7	1	Ambient	20	6	64	365	6	6	11	25	1157
9	1	Ambient	20	6	64	365	6	6	11	37	1158
12	1	Ambient	20	6	64	365	5	6	10	79	1159
14	1	Ambient	20	6	64	365	5	6	7	84	1160
4	1	Ambient	80	6	66	366	6	6	6	18	1161
7	1	Ambient	80	6	66	366	1	6	1	4	1162
9	1	Ambient	80	6	66	366	1	6	1	7	1163
12	1	Ambient	80	6	66	366	1	6	1	3	1164
14	1	Ambient	80	6	66	366	1	6	1	4	1165
4	1	Ambient	0	30	67	367	2	2	3	3	1166
7	1	Ambient	0	30	67	367	2	2	3	8	1167
9	1	Ambient	0	30	67	367	2	2	3	9	1168
12	1	Ambient	0	30	67	367	2	2	3	10	1169
14	1	Ambient	0	30	67	367	2	2	3	9	1170
4	1	Ambient	80	6	66	369	3	3	5	14	1171
7	1	Ambient	80	6	66	369	0	3	0	0	1172
9	1	Ambient	80	6	66	369	0	3	0	0	1173
12	1	Ambient	80	6	66	369	0	3	0	0	1174
14	1	Ambient	80	6	66	369	0	3	0	0	1175
4	1	Ambient	20	6	64	371	3	3	7	13	1176
7	1	Ambient	20	6	64	371	3	3	7	18	1177
9	1	Ambient	20	6	64	371	3	3	7	22	1178
12	1	Ambient	20	6	64	371	3	3	7	33	1179
14	1	Ambient	20	6	64	371	3	3	3	43	1180
4	1	Ambient	40	6	65	372	4	4	6	20	1181
7	1	Ambient	40	6	65	372	4	4	4	24	1182
9	1	Ambient	40	6	65	372	4	4	4	36	1183
12	1	Ambient	40	6	65	372	3	3	4	42	1184
14	1	Ambient	40	6	65	372	3	4	3	40	1185
4	1	Ambient	5	37	50	374	4	4	5	9	1186
7	1	Ambient	5	37	50	374	4	4	4	5	1187
9	1	Ambient	5	37	50	374	4	4	5	10	1188
12	1	Ambient	5	37	50	374	3	4	4	13	1189
14	1	Ambient	5	37	50	374	3	4	4	14	1190
4	1	Ambient	0	30	67	377	3	3	7	8	1191
7	1	Ambient	0	30	67	377	3	3	7	9	1192
9	1	Ambient	0	30	67	377	3	3	7	14	1193
12	1	Ambient	0	30	67	377	3	3	7	14	1194
14	1	Ambient	0	30	67	377	3	3	7	14	1195
4	1	Ambient	20	6	64	381	8	8	10	20	1196
7	1	Ambient	20	6	64	381	7	8	9	19	1197
9	1	Ambient	20	6	64	381	7	8	9	19	1198
12	1	Ambient	20	6	64	381	6	8	8	35	1199
14	1	Ambient	20	6	64	381	5	8	5	31	1200
4	1	Ambient	40	6	65	383	4	4	5	10	1201
7	1	Ambient	40	6	65	383	4	4	5	14	1202
9	1	Ambient	40	6	65	383	4	4	5	18	1203
12	1	Ambient	40	6	65	383	4	4	5	25	1204
14	1	Ambient	40	6	65	383	4	4	4	29	1205
4	1	Ambient	10	30	69	384	5	5	5	7	1206
7	1	Ambient	10	30	69	384	5	5	5	7	1207
9	1	Ambient	10	30	69	384	5	5	5	12	1208
12	1	Ambient	10	30	69	384	4	5	4	17	1209
14	1	Ambient	10	30	69	384	4	5	4	16	1210
4	1	Ambient	20	30	70	391	8	8	10	23	1211
7	1	Ambient	20	30	70	391	7	8	9	29	1212
9	1	Ambient	20	30	70	391	7	8	9	39	1213
12	1	Ambient	20	30	70	391	7	8	9	46	1214
14	1	Ambient	20	30	70	391	7	8	9	57	1215
4	1	Ambient	40	30	71	392	3	3	4	8	1216
7	1	Ambient	40	30	71	392	3	3	4	18	1217
9	1	Ambient	40	30	71	392	3	3	4	23	1218
12	1	Ambient	40	30	71	392	3	3	4	28	1219
14	1	Ambient	40	30	71	392	3	3	4	35	1220
4	1	Ambient	20	30	70	398	3	3	4	5	1221
7	1	Ambient	20	30	70	398	3	3	4	8	1222
9	1	Ambient	20	30	70	398	3	3	4	11	1223
12	1	Ambient	20	30	70	398	3	3	4	17	1224
14	1	Ambient	20	30	70	398	3	3	4	20	1225
4	1	Ambient	20	30	70	403	4	4	4	8	1226
7	1	Ambient	20	30	70	403	4	4	4	8	1227
9	1	Ambient	20	30	70	403	4	4	4	14	1228
12	1	Ambient	20	30	70	403	4	4	4	25	1229
14	1	Ambient	20	30	70	403	4	4	4	31	1230
4	1	Ambient	80	30	72	404	4	4	5	10	1231
7	1	Ambient	80	30	72	404	0	4	0	0	1232
9	1	Ambient	80	30	72	404	0	4	0	0	1233
12	1	Ambient	80	30	72	404	0	4	0	0	1234
14	1	Ambient	80	30	72	404	0	4	0	0	1235
4	1	Ambient	0	37	49	439	6	6	13	17	1236
7	1	Ambient	0	37	49	439	6	6	11	15	1237
9	1	Ambient	0	37	49	439	6	6	13	18	1238
12	1	Ambient	0	37	49	439	5	6	9	10	1239
14	1	Ambient	0	37	49	439	5	6	9	8	1240
4	1	Ambient	0	37	49	440	8	8	16	33	1241
7	1	Ambient	0	37	49	440	8	8	16	32	1242
9	1	Ambient	0	37	49	440	8	8	16	39	1243
12	1	Ambient	0	37	49	440	8	8	16	33	1244
14	1	Ambient	0	37	49	440	8	8	16	31	1245
4	1	Ambient	5	30	68	441	8	8	13	19	1246
7	1	Ambient	5	30	68	441	8	8	11	25	1247
9	1	Ambient	5	30	68	441	8	8	13	35	1248
12	1	Ambient	5	30	68	441	8	8	13	45	1249
14	1	Ambient	5	30	68	441	8	8	13	46	1250
4	1	Ambient	10	30	69	444	6	6	10	21	1251
7	1	Ambient	10	30	69	444	6	6	10	21	1252
9	1	Ambient	10	30	69	444	6	6	10	36	1253
12	1	Ambient	10	30	69	444	6	6	10	44	1254
14	1	Ambient	10	30	69	444	6	6	10	48	1255
4	1	Ambient	0	30	67	445	7	7	9	31	1256
7	1	Ambient	0	30	67	445	7	7	9	33	1257
9	1	Ambient	0	30	67	445	7	7	11	38	1258
12	1	Ambient	0	30	67	445	7	7	9	24	1259
14	1	Ambient	0	30	67	445	7	7	9	30	1260
4	1	Ambient	40	30	71	453	7	7	7	8	1261
7	1	Ambient	40	30	71	453	7	7	7	12	1262
9	1	Ambient	40	30	71	453	7	7	7	18	1263
12	1	Ambient	40	30	71	453	6	7	6	23	1264
14	1	Ambient	40	30	71	453	6	6	6	30	1265
4	1	Ambient	80	30	72	454	9	9	11	19	1266
7	1	Ambient	80	30	72	454	0	9	0	0	1267
9	1	Ambient	80	30	72	454	0	9	0	0	1268
12	1	Ambient	80	30	72	454	0	9	0	0	1269
14	1	Ambient	80	30	72	454	0	7	0	0	1270
4	1	Ambient	0	30	67	455	7	7	8	12	1271
7	1	Ambient	0	30	67	455	7	7	8	20	1272
9	1	Ambient	0	30	67	455	7	7	8	22	1273
12	1	Ambient	0	30	67	455	5	7	6	18	1274
14	1	Ambient	0	30	67	455	5	7	6	18	1275
4	1	Ambient	40	30	71	458	7	8	9	10	1276
7	1	Ambient	40	30	71	458	2	8	2	8	1277
9	1	Ambient	40	30	71	458	2	8	4	9	1278
12	1	Ambient	40	30	71	458	2	8	4	15	1279
14	1	Ambient	40	30	71	458	2	4	4	15	1280
4	1	Ambient	80	30	72	464	2	2	2	3	1281
7	1	Ambient	80	30	72	464	0	2	0	0	1282
9	1	Ambient	80	30	72	464	0	2	0	0	1283
12	1	Ambient	80	30	72	464	0	2	0	0	1284
14	1	Ambient	80	30	72	464	0	2	0	0	1285
4	1	Ambient	20	37	52	466	3	3	4	9	1286
7	1	Ambient	20	37	52	466	2	3	2	7	1287
9	1	Ambient	20	37	52	466	2	3	3	11	1288
12	1	Ambient	20	37	52	466	2	3	3	23	1289
14	1	Ambient	20	37	52	466	2	3	3	22	1290
4	1	Ambient	20	30	70	489	3	3	5	5	1291
7	1	Ambient	20	30	70	489	3	3	4	7	1292
9	1	Ambient	20	30	70	489	3	3	5	10	1293
12	1	Ambient	20	30	70	489	3	3	5	13	1294
14	1	Ambient	20	30	70	489	3	3	5	16	1295
4	1	Ambient	40	30	71	496	3	3	4	6	1296
7	1	Ambient	40	30	71	496	3	3	4	9	1297
9	1	Ambient	40	30	71	496	3	3	4	14	1298
12	1	Ambient	40	30	71	496	3	3	4	16	1299
14	1	Ambient	40	30	71	496	3	3	4	20	1300
4	1	Ambient	20	6	64	503	3	3	3	8	1301
7	1	Ambient	20	6	64	503	3	3	3	8	1302
9	1	Ambient	20	6	64	503	3	3	3	11	1303
12	1	Ambient	20	6	64	503	3	3	3	14	1304
14	1	Ambient	20	6	64	503	3	3	3	12	1305
4	1	Ambient	40	6	65	512	5	5	5	9	1306
7	1	Ambient	40	6	65	512	3	5	3	7	1307
9	1	Ambient	40	6	65	512	3	5	3	15	1308
12	1	Ambient	40	6	65	512	1	5	1	11	1309
14	1	Ambient	40	6	65	512	1	5	1	8	1310
4	1	Ambient	5	30	68	513	10	10	12	19	1311
7	1	Ambient	5	30	68	513	10	10	15	24	1312
9	1	Ambient	5	30	68	513	10	10	12	42	1313
12	1	Ambient	5	30	68	513	7	10	9	41	1314
14	1	Ambient	5	30	68	513	7	9	9	42	1315
4	1	Ambient	0	35	55	517	5	5	8	14	1316
7	1	Ambient	0	35	55	517	5	5	8	20	1317
9	1	Ambient	0	35	55	517	5	5	8	23	1318
12	1	Ambient	0	35	55	517	5	5	8	26	1319
14	1	Ambient	0	35	55	517	5	5	8	24	1320
4	1	Ambient	5	30	68	548	4	4	4	4	1321
7	1	Ambient	5	30	68	548	4	4	4	9	1322
9	1	Ambient	5	30	68	548	4	4	4	15	1323
12	1	Ambient	5	30	68	548	4	4	4	26	1324
14	1	Ambient	5	30	68	548	3	4	3	11	1325
4	1	Ambient	80	6	66	550	3	3	3	12	1326
7	1	Ambient	80	6	66	550	0	3	0	0	1327
9	1	Ambient	80	6	66	550	0	3	0	0	1328
12	1	Ambient	80	6	66	550	0	3	0	0	1329
14	1	Ambient	80	6	66	550	0	3	0	0	1330
4	1	Ambient	10	35	57	615	5	5	6	13	1331
7	1	Ambient	10	35	57	615	5	5	6	15	1332
9	1	Ambient	10	35	57	615	5	5	6	21	1333
12	1	Ambient	10	35	57	615	4	5	5	20	1334
14	1	Ambient	10	35	57	615	4	5	5	27	1335
4	1	Ambient	0	6	61	678	4	4	5	11	1336
7	1	Ambient	0	6	61	678	4	4	5	16	1337
9	1	Ambient	0	6	61	678	4	4	5	14	1338
12	1	Ambient	0	6	61	678	4	4	5	20	1339
14	1	Ambient	0	6	61	678	4	4	4	21	1340
4	1	Ambient	10	30	69	682	6	6	8	14	1341
7	1	Ambient	10	30	69	682	6	6	7	17	1342
9	1	Ambient	10	30	69	682	6	6	8	20	1343
12	1	Ambient	10	30	69	682	6	6	8	25	1344
14	1	Ambient	10	30	69	682	6	6	8	26	1345
4	1	Ambient	80	35	60	684	8	8	9	13	1346
7	1	Ambient	80	35	60	684	0	8	0	0	1347
9	1	Ambient	80	35	60	684	0	8	0	0	1348
12	1	Ambient	80	35	60	684	0	8	0	0	1349
14	1	Ambient	80	35	60	684	0	8	0	0	1350
4	1	Ambient	80	6	66	689	3	3	3	7	1351
7	1	Ambient	80	6	66	689	0	3	0	0	1352
9	1	Ambient	80	6	66	689	0	3	0	0	1353
12	1	Ambient	80	6	66	689	0	3	0	0	1354
14	1	Ambient	80	6	66	689	0	3	0	0	1355
4	1	Ambient	40	6	65	690	3	3	7	8	1356
7	1	Ambient	40	6	65	690	3	3	7	9	1357
9	1	Ambient	40	6	65	690	3	3	7	15	1358
12	1	Ambient	40	6	65	690	3	3	7	30	1359
14	1	Ambient	40	6	65	690	3	3	3	33	1360
4	1	Ambient	10	37	51	693	4	4	4	10	1361
7	1	Ambient	10	37	51	693	4	4	4	15	1362
9	1	Ambient	10	37	51	693	4	4	4	20	1363
12	1	Ambient	10	37	51	693	4	4	4	44	1364
14	1	Ambient	10	37	51	693	4	4	4	45	1365
4	1	Ambient	40	37	53	713	4	4	6	10	1366
7	1	Ambient	40	37	53	713	4	4	4	11	1367
9	1	Ambient	40	37	53	713	4	4	6	22	1368
12	1	Ambient	40	37	53	713	4	4	6	32	1369
14	1	Ambient	40	37	53	713	4	4	6	50	1370
4	1	Ambient	5	37	50	718	10	10	12	19	1371
7	1	Ambient	5	37	50	718	9	10	11	22	1372
9	1	Ambient	5	37	50	718	7	10	9	21	1373
12	1	Ambient	5	37	50	718	7	10	9	41	1374
14	1	Ambient	5	37	50	718	7	10	9	43	1375
4	1	Ambient	5	37	50	721	4	4	5	12	1376
7	1	Ambient	5	37	50	721	4	4	5	14	1377
9	1	Ambient	5	37	50	721	4	4	5	22	1378
12	1	Ambient	5	37	50	721	4	4	5	31	1379
14	1	Ambient	5	37	50	721	4	4	5	32	1380
4	1	Ambient	10	6	63	723	3	3	3	6	1381
7	1	Ambient	10	6	63	723	3	3	3	7	1382
9	1	Ambient	10	6	63	723	3	3	3	10	1383
12	1	Ambient	10	6	63	723	3	3	3	10	1384
14	1	Ambient	10	6	63	723	3	3	3	7	1385
4	1	Ambient	0	37	49	727	9	9	11	22	1386
7	1	Ambient	0	37	49	727	6	9	8	16	1387
9	1	Ambient	0	37	49	727	6	9	8	22	1388
12	1	Ambient	0	37	49	727	6	9	8	23	1389
14	1	Ambient	0	37	49	727	6	9	8	23	1390
4	1	Ambient	10	37	51	729	8	8	10	18	1391
7	1	Ambient	10	37	51	729	7	8	9	18	1392
9	1	Ambient	10	37	51	729	7	8	9	41	1393
12	1	Ambient	10	37	51	729	6	8	8	39	1394
14	1	Ambient	10	37	51	729	6	8	6	37	1395
4	1	Ambient	5	35	56	730	4	4	5	15	1396
7	1	Ambient	5	35	56	730	4	4	5	11	1397
9	1	Ambient	5	35	56	730	4	4	5	17	1398
12	1	Ambient	5	35	56	730	4	4	5	19	1399
14	1	Ambient	5	35	56	730	4	4	5	21	1400
4	1	Ambient	10	37	51	731	3	3	3	6	1401
7	1	Ambient	10	37	51	731	3	3	3	12	1402
9	1	Ambient	10	37	51	731	3	3	3	13	1403
12	1	Ambient	10	37	51	731	3	3	3	21	1404
14	1	Ambient	10	37	51	731	3	3	3	20	1405
4	1	Ambient	20	35	58	734	5	5	5	8	1406
7	1	Ambient	20	35	58	734	5	5	5	14	1407
9	1	Ambient	20	35	58	734	4	5	4	17	1408
12	1	Ambient	20	35	58	734	4	5	4	17	1409
14	1	Ambient	20	35	58	734	4	5	4	22	1410
4	1	Ambient	10	37	51	737	7	7	7	12	1411
7	1	Ambient	10	37	51	737	5	7	5	11	1412
9	1	Ambient	10	37	51	737	5	7	5	15	1413
12	1	Ambient	10	37	51	737	5	7	5	38	1414
14	1	Ambient	10	37	51	737	5	7	5	39	1415
4	1	Ambient	5	37	50	738	5	5	5	10	1416
7	1	Ambient	5	37	50	738	5	5	7	10	1417
9	1	Ambient	5	37	50	738	5	5	5	18	1418
12	1	Ambient	5	37	50	738	5	5	5	24	1419
14	1	Ambient	5	37	50	738	5	5	5	24	1420
4	1	Ambient	10	6	63	740	2	2	2	7	1421
7	1	Ambient	10	6	63	740	2	2	2	9	1422
9	1	Ambient	10	6	63	740	2	2	2	10	1423
12	1	Ambient	10	6	63	740	2	2	2	13	1424
14	1	Ambient	10	6	63	740	2	2	2	15	1425
4	1	Ambient	5	35	56	741	5	5	8	10	1426
7	1	Ambient	5	35	56	741	5	5	8	11	1427
9	1	Ambient	5	35	56	741	4	5	7	15	1428
12	1	Ambient	5	35	56	741	4	5	7	17	1429
14	1	Ambient	5	35	56	741	4	5	7	18	1430
4	1	Ambient	80	30	72	745	3	3	3	10	1431
7	1	Ambient	80	30	72	745	0	3	0	0	1432
9	1	Ambient	80	30	72	745	0	3	0	0	1433
12	1	Ambient	80	30	72	745	0	3	0	0	1434
14	1	Ambient	80	30	72	745	0	3	0	0	1435
4	1	Ambient	40	35	59	751	6	6	9	18	1436
7	1	Ambient	40	35	59	751	3	6	3	10	1437
9	1	Ambient	40	35	59	751	3	6	3	16	1438
12	1	Ambient	40	35	59	751	3	6	3	18	1439
14	1	Ambient	40	35	59	751	3	3	3	22	1440
9	2	2050	20	22	124	14	3	3	3	6	1442
12	2	2050	20	22	124	14	2	3	3	6	1443
14	2	2050	20	22	124	14	1	3	1	5	1444
9	2	2050	80	22	126	92	1	1	1	3	1446
12	2	2050	80	22	126	92	0	1	0	0	1447
14	2	2050	80	22	126	92	0	1	0	0	1448
9	2	2050	20	47	118	96	9	9	9	23	1450
12	2	2050	20	47	118	96	6	9	6	27	1451
14	2	2050	20	47	118	96	6	9	6	35	1452
9	2	2050	40	41	103	197	4	4	6	11	1454
12	2	2050	40	41	103	197	1	4	2	5	1455
14	2	2050	40	41	103	197	1	4	2	6	1456
9	2	2050	20	22	124	291	1	1	1	4	1458
12	2	2050	20	22	124	291	1	1	1	5	1459
14	2	2050	20	22	124	291	1	1	1	7	1460
9	2	2050	5	47	116	297	2	2	2	7	1462
12	2	2050	5	47	116	297	2	2	2	9	1463
14	2	2050	5	47	116	297	2	2	2	7	1464
9	2	2050	5	47	116	301	2	3	3	9	1466
12	2	2050	5	47	116	301	2	3	3	13	1467
14	2	2050	5	47	116	301	2	3	3	13	1468
9	2	2050	40	47	119	320	5	6	5	11	1470
12	2	2050	40	47	119	320	2	6	2	8	1471
14	2	2050	40	47	119	320	2	6	2	11	1472
9	2	2050	40	47	119	327	12	15	15	50	1474
12	2	2050	40	47	119	327	6	15	6	28	1475
14	2	2050	40	47	119	327	6	15	8	44	1476
9	2	2050	5	47	116	330	8	9	9	34	1478
12	2	2050	5	47	116	330	4	9	5	20	1479
14	2	2050	5	47	116	330	3	9	4	27	1480
9	2	2050	20	47	118	331	9	10	13	48	1482
12	2	2050	20	47	118	331	7	10	11	25	1483
14	2	2050	20	47	118	331	7	10	11	30	1484
9	2	2050	5	46	110	405	10	10	15	49	1486
12	2	2050	5	46	110	405	9	10	14	55	1487
14	2	2050	5	46	110	405	9	10	14	53	1488
9	2	2050	0	47	115	406	6	6	8	29	1490
12	2	2050	0	47	115	406	6	6	16	31	1491
14	2	2050	0	47	115	406	6	6	16	33	1492
9	2	2050	0	47	115	407	12	12	14	49	1494
12	2	2050	0	47	115	407	8	12	10	39	1495
14	2	2050	0	47	115	407	7	12	9	42	1496
9	2	2050	10	46	111	408	7	7	7	26	1498
12	2	2050	10	46	111	408	6	7	6	29	1499
14	2	2050	10	46	111	408	6	7	6	34	1500
9	2	2050	40	22	125	409	3	4	3	10	1502
12	2	2050	40	22	125	409	1	4	1	4	1503
14	2	2050	40	22	125	409	1	4	1	6	1504
9	2	2050	10	47	117	416	2	2	2	7	1506
12	2	2050	10	47	117	416	2	2	2	11	1507
14	2	2050	10	47	117	416	2	2	2	17	1508
9	2	2050	40	22	125	420	2	2	2	6	1510
12	2	2050	40	22	125	420	1	2	1	4	1511
14	2	2050	40	22	125	420	1	2	1	10	1512
9	2	2050	10	46	111	422	9	9	11	34	1514
12	2	2050	10	46	111	422	7	9	9	45	1515
14	2	2050	10	46	111	422	7	9	9	50	1516
9	2	2050	0	47	115	423	13	15	18	50	1518
12	2	2050	0	47	115	423	11	15	16	54	1519
14	2	2050	0	47	115	423	11	15	14	56	1520
9	2	2050	0	47	115	424	4	4	14	29	1522
12	2	2050	0	47	115	424	3	4	7	14	1523
14	2	2050	0	47	115	424	3	4	7	14	1524
9	2	2050	10	46	111	425	6	6	7	21	1526
12	2	2050	10	46	111	425	5	6	6	28	1527
14	2	2050	10	46	111	425	5	6	6	30	1528
9	2	2050	40	22	125	427	2	2	2	5	1530
12	2	2050	40	22	125	427	1	2	1	4	1531
14	2	2050	40	22	125	427	1	2	1	6	1532
9	2	2050	0	46	109	428	4	4	4	19	1534
12	2	2050	0	46	109	428	4	4	4	20	1535
14	2	2050	0	46	109	428	4	4	4	23	1536
9	2	2050	20	47	118	429	2	2	2	10	1538
12	2	2050	20	47	118	429	2	2	2	14	1539
14	2	2050	20	47	118	429	2	2	2	17	1540
9	2	2050	10	22	123	432	2	2	3	17	1542
12	2	2050	10	22	123	432	2	2	2	24	1543
14	2	2050	10	22	123	432	2	2	3	30	1544
9	2	2050	10	46	111	434	6	7	8	27	1546
12	2	2050	10	46	111	434	5	7	7	28	1547
14	2	2050	10	46	111	434	5	7	7	36	1548
9	2	2050	10	47	117	435	4	4	7	20	1550
12	2	2050	10	47	117	435	3	4	6	14	1551
14	2	2050	10	47	117	435	3	4	6	15	1552
9	2	2050	40	47	119	436	4	4	6	16	1554
12	2	2050	40	47	119	436	1	4	1	5	1555
14	2	2050	40	47	119	436	1	4	1	9	1556
9	2	2050	5	47	116	475	9	10	12	37	1558
12	2	2050	5	47	116	475	9	10	12	38	1559
14	2	2050	5	47	116	475	9	10	12	38	1560
9	2	2050	20	47	118	478	5	5	7	19	1562
12	2	2050	20	47	118	478	4	5	6	24	1563
14	2	2050	20	47	118	478	4	5	6	33	1564
9	2	2050	40	47	119	484	3	3	4	15	1566
12	2	2050	40	47	119	484	0	3	0	0	1567
14	2	2050	40	47	119	484	0	3	0	0	1568
9	2	2050	5	46	110	531	12	12	15	49	1570
12	2	2050	5	46	110	531	12	12	15	56	1571
14	2	2050	5	46	110	531	11	12	14	58	1572
9	2	2050	80	22	126	533	4	8	4	7	1574
12	2	2050	80	22	126	533	0	8	0	0	1575
14	2	2050	80	22	126	533	0	8	0	0	1576
9	2	2050	0	22	121	535	19	19	22	59	1578
12	2	2050	0	22	121	535	16	19	19	54	1579
14	2	2050	0	22	121	535	15	19	18	56	1580
9	2	2050	5	22	122	536	8	8	10	16	1582
12	2	2050	5	22	122	536	7	8	9	15	1583
14	2	2050	5	22	122	536	7	8	9	27	1584
9	2	2050	0	22	121	562	13	14	14	41	1586
12	2	2050	0	22	121	562	12	14	13	45	1587
14	2	2050	0	22	121	562	11	14	12	53	1588
9	2	2050	5	41	106	582	14	14	19	41	1590
12	2	2050	5	41	106	582	11	14	16	25	1591
14	2	2050	5	41	106	582	10	14	15	25	1592
9	2	2050	10	41	104	585	11	13	13	27	1594
12	2	2050	10	41	104	585	11	13	11	34	1595
14	2	2050	10	41	104	585	11	13	11	39	1596
9	2	2050	20	41	107	586	5	6	6	18	1598
12	2	2050	20	41	107	586	5	6	5	16	1599
14	2	2050	20	41	107	586	5	6	5	21	1600
9	2	2050	20	41	107	587	9	9	10	20	1602
12	2	2050	20	41	107	587	6	9	7	20	1603
14	2	2050	20	41	107	587	6	9	7	22	1604
9	2	2050	20	41	107	592	6	6	6	10	1606
12	2	2050	20	41	107	592	6	6	6	13	1607
14	2	2050	20	41	107	592	6	6	6	14	1608
9	2	2050	20	41	107	594	7	7	8	20	1610
12	2	2050	20	41	107	594	7	7	7	22	1611
14	2	2050	20	41	107	594	7	7	7	31	1612
9	2	2050	10	41	104	599	14	14	17	52	1614
12	2	2050	10	41	104	599	14	14	17	57	1615
14	2	2050	10	41	104	599	14	14	17	60	1616
9	2	2050	40	41	103	602	11	11	13	32	1618
12	2	2050	40	41	103	602	5	11	6	23	1619
14	2	2050	40	41	103	602	5	11	6	25	1620
9	2	2050	10	41	104	604	6	6	7	17	1622
12	2	2050	10	41	104	604	6	6	7	16	1623
14	2	2050	10	41	104	604	4	6	5	21	1624
9	2	2050	20	46	114	609	10	11	11	26	1626
12	2	2050	20	46	114	609	8	11	9	22	1627
14	2	2050	20	46	114	609	8	11	9	30	1628
9	2	2050	40	46	113	610	13	14	15	52	1630
12	2	2050	40	46	113	610	1	14	1	3	1631
14	2	2050	40	46	113	610	1	14	1	6	1632
9	2	2050	5	41	106	617	9	10	9	19	1634
12	2	2050	5	41	106	617	9	10	9	23	1635
14	2	2050	5	41	106	617	9	10	10	28	1636
9	2	2050	0	41	105	620	5	5	5	10	1638
12	2	2050	0	41	105	620	3	5	3	12	1639
14	2	2050	0	41	105	620	3	5	3	9	1640
9	2	2050	40	41	103	629	12	12	19	34	1642
12	2	2050	40	41	103	629	6	12	10	19	1643
14	2	2050	40	41	103	629	6	12	10	27	1644
9	2	2050	80	47	120	631	14	17	17	58	1646
12	2	2050	80	47	120	631	0	17	0	0	1647
14	2	2050	80	47	120	631	0	17	0	0	1648
9	2	2050	0	41	105	633	13	14	17	31	1650
12	2	2050	0	41	105	633	13	14	16	28	1651
14	2	2050	0	41	105	633	11	14	14	26	1652
9	2	2050	10	41	104	634	6	6	7	14	1654
12	2	2050	10	41	104	634	6	6	6	17	1655
14	2	2050	10	41	104	634	6	6	6	21	1656
9	2	2050	0	41	105	635	5	5	6	18	1658
12	2	2050	0	41	105	635	4	5	6	13	1659
14	2	2050	0	41	105	635	3	5	3	9	1660
9	2	2050	10	22	123	640	6	6	10	28	1662
12	2	2050	10	22	123	640	6	6	7	27	1663
14	2	2050	10	22	123	640	6	6	10	32	1664
9	2	2050	0	22	121	641	8	8	9	25	1666
12	2	2050	0	22	121	641	6	8	7	22	1667
14	2	2050	0	22	121	641	6	8	7	20	1668
9	2	2050	20	22	124	642	11	11	11	16	1670
12	2	2050	20	22	124	642	7	11	7	9	1671
14	2	2050	20	22	124	642	8	11	8	17	1672
9	2	2050	10	22	123	643	10	11	14	28	1674
12	2	2050	10	22	123	643	10	11	12	42	1675
14	2	2050	10	22	123	643	10	11	16	62	1676
9	2	2050	20	46	114	648	3	3	3	13	1678
12	2	2050	20	46	114	648	3	3	3	16	1679
14	2	2050	20	46	114	648	3	3	3	17	1680
9	2	2050	0	22	121	669	8	8	9	20	1682
12	2	2050	0	22	121	669	8	8	9	28	1683
14	2	2050	0	22	121	669	8	8	9	27	1684
9	2	2050	80	41	108	770	3	3	4	12	1686
12	2	2050	80	41	108	770	0	3	0	0	1687
14	2	2050	80	41	108	770	0	3	0	0	1688
9	2	2050	5	22	122	773	5	5	5	9	1690
12	2	2050	5	22	122	773	4	5	4	10	1691
14	2	2050	5	22	122	773	2	5	2	6	1692
9	2	2050	5	46	110	774	17	17	19	58	1694
12	2	2050	5	46	110	774	15	17	17	57	1695
14	2	2050	5	46	110	774	15	17	17	68	1696
9	2	2050	5	46	110	775	11	11	12	28	1698
12	2	2050	5	46	110	775	10	11	11	33	1699
14	2	2050	5	46	110	775	10	11	11	40	1700
9	2	2050	80	22	126	776	2	2	2	5	1702
12	2	2050	80	22	126	776	0	2	0	0	1703
14	2	2050	80	22	126	776	0	2	0	0	1704
9	2	2050	40	46	113	792	7	7	7	22	1706
12	2	2050	40	46	113	792	1	7	1	1	1707
14	2	2050	40	46	113	792	1	7	1	2	1708
9	2	2050	40	46	113	795	4	4	4	8	1710
12	2	2050	40	46	113	795	3	4	3	7	1711
14	2	2050	40	46	113	795	3	4	3	10	1712
9	2	2050	40	46	113	797	1	1	1	2	1714
12	2	2050	40	46	113	797	0	1	0	0	1715
14	2	2050	40	46	113	797	0	1	0	0	1716
9	2	2050	80	46	112	798	2	2	2	5	1718
12	2	2050	80	46	112	798	0	2	0	0	1719
14	2	2050	80	46	112	798	0	2	0	0	1720
9	2	2050	80	46	112	801	3	3	4	14	1722
12	2	2050	80	46	112	801	0	3	0	0	1723
14	2	2050	80	46	112	801	0	3	0	0	1724
9	2	2050	10	47	117	803	2	2	2	5	1726
12	2	2050	10	47	117	803	1	2	1	5	1727
14	2	2050	10	47	117	803	1	2	1	8	1728
9	2	2050	80	46	112	806	2	2	2	8	1730
12	2	2050	80	46	112	806	0	2	0	0	1731
14	2	2050	80	46	112	806	0	2	0	0	1732
9	2	2050	0	41	105	807	13	14	20	35	1734
12	2	2050	0	41	105	807	12	14	16	34	1735
14	2	2050	0	41	105	807	9	14	12	30	1736
9	2	2050	80	41	108	809	7	7	8	15	1738
12	2	2050	80	41	108	809	0	7	0	0	1739
14	2	2050	80	41	108	809	0	7	0	0	1740
9	2	2050	80	46	112	812	6	6	6	15	1742
12	2	2050	80	46	112	812	0	6	0	0	1743
14	2	2050	80	46	112	812	0	6	0	0	1744
9	2	2050	10	47	117	820	3	3	4	13	1746
12	2	2050	10	47	117	820	3	3	4	13	1747
14	2	2050	10	47	117	820	3	3	4	13	1748
9	2	2050	40	22	125	822	5	8	5	10	1750
12	2	2050	40	22	125	822	0	8	0	0	1751
14	2	2050	40	22	125	822	0	8	0	0	1752
9	2	2050	80	22	126	823	5	8	8	21	1754
12	2	2050	80	22	126	823	0	8	0	0	1755
14	2	2050	80	22	126	823	0	8	0	0	1756
9	2	2050	5	22	122	830	8	10	10	19	1758
12	2	2050	5	22	122	830	6	10	8	16	1759
14	2	2050	5	22	122	830	5	10	7	18	1760
9	2	2050	10	22	123	831	4	5	4	12	1762
12	2	2050	10	22	123	831	3	5	3	9	1763
14	2	2050	10	22	123	831	3	5	3	11	1764
9	2	2050	80	47	120	838	9	9	10	27	1766
12	2	2050	80	47	120	838	0	9	0	0	1767
14	2	2050	80	47	120	838	0	9	0	0	1768
9	2	2050	80	41	108	842	10	11	12	21	1770
12	2	2050	80	41	108	842	1	11	1	1	1771
14	2	2050	80	41	108	842	0	11	0	0	1772
9	2	2050	5	41	106	844	5	5	6	14	1774
12	2	2050	5	41	106	844	5	5	6	10	1775
14	2	2050	5	41	106	844	5	5	6	13	1776
9	2	2050	5	41	106	862	6	6	8	12	1778
12	2	2050	5	41	106	862	5	6	7	11	1779
14	2	2050	5	41	106	862	5	6	7	13	1780
9	2	2050	5	22	122	864	18	18	27	44	1782
12	2	2050	5	22	122	864	16	18	24	35	1783
14	2	2050	5	22	122	864	15	18	23	43	1784
9	2	2050	0	46	109	865	2	2	2	7	1786
12	2	2050	0	46	109	865	2	2	2	9	1787
14	2	2050	0	46	109	865	2	2	2	9	1788
9	2	2050	0	46	109	866	3	3	3	10	1790
12	2	2050	0	46	109	866	3	3	3	9	1791
14	2	2050	0	46	109	866	3	3	3	10	1792
9	2	2050	0	46	109	868	3	3	3	7	1794
12	2	2050	0	46	109	868	3	3	3	8	1795
14	2	2050	0	46	109	868	3	3	3	8	1796
9	2	2050	20	46	114	871	9	9	9	38	1798
12	2	2050	20	46	114	871	9	9	9	46	1799
14	2	2050	20	46	114	871	8	9	8	57	1800
9	2	2050	80	47	120	875	11	12	12	26	1802
12	2	2050	80	47	120	875	0	12	0	0	1803
14	2	2050	80	47	120	875	0	12	0	0	1804
9	2	2050	80	41	108	876	7	7	15	25	1806
12	2	2050	80	41	108	876	0	7	0	0	1807
14	2	2050	80	41	108	876	0	7	0	0	1808
9	2	2050	20	22	124	877	21	22	28	59	1810
12	2	2050	20	22	124	877	17	22	24	46	1811
14	2	2050	20	22	124	877	17	22	23	88	1812
9	2	2050	80	47	120	878	12	14	14	42	1814
12	2	2050	80	47	120	878	1	14	1	3	1815
14	2	2050	80	47	120	878	1	14	1	4	1816
9	2	2050	20	46	114	880	9	9	10	22	1818
12	2	2050	20	46	114	880	6	9	7	16	1819
14	2	2050	20	46	114	880	6	9	7	20	1820
9	2	2050	40	41	103	890	19	19	29	47	1822
12	2	2050	40	41	103	890	8	19	14	28	1823
14	2	2050	40	41	103	890	8	19	13	37	1824
9	2	2100	10	8	140	51	2	2	2	2	1826
12	2	2100	10	8	140	51	1	2	1	2	1827
14	2	2100	10	8	140	51	1	2	1	2	1828
9	2	2100	40	8	141	132	1	4	1	2	1830
12	2	2100	40	8	141	132	1	4	1	5	1831
14	2	2100	40	8	141	132	1	4	1	3	1832
9	2	2100	80	36	132	155	5	6	5	17	1834
12	2	2100	80	36	132	155	0	6	0	0	1835
14	2	2100	80	36	132	155	0	6	0	0	1836
9	2	2100	0	48	91	167	2	2	2	4	1838
12	2	2100	0	48	91	167	2	2	2	7	1839
14	2	2100	0	48	91	167	2	2	2	6	1840
9	2	2100	20	48	94	169	1	1	1	3	1842
12	2	2100	20	48	94	169	1	1	1	4	1843
14	2	2100	20	48	94	169	1	1	1	7	1844
9	2	2100	0	48	91	171	2	3	3	8	1846
12	2	2100	0	48	91	171	1	3	1	1	1847
14	2	2100	0	48	91	171	0	3	0	0	1848
9	2	2100	0	8	139	181	1	1	1	3	1850
12	2	2100	0	8	139	181	1	1	1	3	1851
14	2	2100	0	8	139	181	1	1	1	3	1852
9	2	2100	80	31	138	188	3	3	3	11	1854
12	2	2100	80	31	138	188	0	3	0	0	1855
14	2	2100	80	31	138	188	0	3	0	0	1856
9	2	2100	40	31	135	190	0	1	0	0	1858
12	2	2100	40	31	135	190	0	1	0	0	1859
14	2	2100	40	31	135	190	0	1	0	0	1860
9	2	2100	20	31	137	208	3	4	3	8	1862
12	2	2100	20	31	137	208	2	4	2	6	1863
14	2	2100	20	31	137	208	2	4	2	10	1864
9	2	2100	40	8	141	210	1	1	1	4	1866
12	2	2100	40	8	141	210	1	1	1	5	1867
14	2	2100	40	8	141	210	1	1	1	8	1868
9	2	2100	80	8	144	211	1	1	1	4	1870
12	2	2100	80	8	144	211	0	1	0	0	1871
14	2	2100	80	8	144	211	0	1	0	0	1872
9	2	2100	5	31	136	213	4	4	4	14	1874
12	2	2100	5	31	136	213	4	4	4	25	1875
14	2	2100	5	31	136	213	4	4	4	21	1876
9	2	2100	5	31	136	214	2	2	2	8	1878
12	2	2100	5	31	136	214	2	2	2	7	1879
14	2	2100	5	31	136	214	2	2	2	7	1880
9	2	2100	0	31	133	216	8	10	11	35	1882
12	2	2100	0	31	133	216	7	10	10	33	1883
14	2	2100	0	31	133	216	5	10	7	27	1884
9	2	2100	0	31	133	218	3	3	3	13	1886
12	2	2100	0	31	133	218	3	3	3	17	1887
14	2	2100	0	31	133	218	3	3	3	24	1888
9	2	2100	5	36	128	221	4	5	4	17	1890
12	2	2100	5	36	128	221	4	5	4	16	1891
14	2	2100	5	36	128	221	4	5	5	19	1892
9	2	2100	5	36	128	223	4	4	5	22	1894
12	2	2100	5	36	128	223	3	4	4	19	1895
14	2	2100	5	36	128	223	3	4	4	12	1896
9	2	2100	10	36	129	225	2	3	3	13	1898
12	2	2100	10	36	129	225	2	3	3	14	1899
14	2	2100	10	36	129	225	2	3	3	16	1900
9	2	2100	10	36	129	233	4	4	6	18	1902
12	2	2100	10	36	129	233	4	4	6	17	1903
14	2	2100	10	36	129	233	4	4	6	19	1904
9	2	2100	20	8	143	239	3	3	3	4	1906
12	2	2100	20	8	143	239	2	3	2	6	1907
14	2	2100	20	8	143	239	2	3	2	5	1908
9	2	2100	5	31	136	248	3	3	3	13	1910
12	2	2100	5	31	136	248	3	3	3	19	1911
14	2	2100	5	31	136	248	3	3	3	20	1912
9	2	2100	10	31	134	249	3	4	5	15	1914
12	2	2100	10	31	134	249	3	4	5	17	1915
14	2	2100	10	31	134	249	3	4	5	21	1916
9	2	2100	10	8	140	250	4	4	4	13	1918
12	2	2100	10	8	140	250	4	4	4	17	1919
14	2	2100	10	8	140	250	4	4	4	14	1920
9	2	2100	10	31	134	258	2	2	2	8	1922
12	2	2100	10	31	134	258	2	2	4	28	1923
14	2	2100	10	31	134	258	2	2	4	14	1924
9	2	2100	10	31	134	259	2	2	2	7	1926
12	2	2100	10	31	134	259	2	2	2	4	1927
14	2	2100	10	31	134	259	2	2	2	8	1928
9	2	2100	0	31	133	261	1	1	1	5	1930
12	2	2100	0	31	133	261	1	1	1	4	1931
14	2	2100	0	31	133	261	1	1	1	5	1932
9	2	2100	80	8	144	263	2	2	2	5	1934
12	2	2100	80	8	144	263	0	2	0	0	1935
14	2	2100	80	8	144	263	0	2	0	0	1936
9	2	2100	80	8	144	264	2	2	4	9	1938
12	2	2100	80	8	144	264	0	2	0	0	1939
14	2	2100	80	8	144	264	0	2	0	0	1940
9	2	2100	40	31	135	268	2	4	2	5	1942
12	2	2100	40	31	135	268	1	4	1	3	1943
14	2	2100	40	31	135	268	1	4	1	5	1944
9	2	2100	80	31	138	270	7	7	7	13	1946
12	2	2100	80	31	138	270	0	7	0	0	1947
14	2	2100	80	31	138	270	0	7	0	0	1948
9	2	2100	20	48	94	271	10	11	10	26	1950
12	2	2100	20	48	94	271	6	11	6	17	1951
14	2	2100	20	48	94	271	6	11	6	28	1952
9	2	2100	40	48	95	274	4	4	5	12	1954
12	2	2100	40	48	95	274	0	4	0	0	1955
14	2	2100	40	48	95	274	0	4	0	0	1956
9	2	2100	40	48	95	275	2	2	2	6	1958
12	2	2100	40	48	95	275	0	2	0	0	1959
14	2	2100	40	48	95	275	0	2	0	0	1960
9	2	2100	40	48	95	280	2	2	2	5	1962
12	2	2100	40	48	95	280	0	2	0	0	1963
14	2	2100	40	48	95	280	0	2	0	0	1964
9	2	2100	80	48	96	284	3	3	3	12	1966
12	2	2100	80	48	96	284	0	3	0	0	1967
14	2	2100	80	48	96	284	0	3	0	0	1968
9	2	2100	80	48	96	286	12	12	17	55	1970
12	2	2100	80	48	96	286	0	12	0	0	1971
14	2	2100	80	48	96	286	0	12	0	0	1972
9	2	2100	10	48	93	296	2	2	2	4	1974
12	2	2100	10	48	93	296	2	2	2	8	1975
14	2	2100	10	48	93	296	2	2	2	8	1976
9	2	2100	5	36	128	306	10	13	13	30	1978
12	2	2100	5	36	128	306	10	13	13	35	1979
14	2	2100	5	36	128	306	9	13	9	44	1980
9	2	2100	80	36	132	311	3	5	4	14	1982
12	2	2100	80	36	132	311	0	5	0	0	1983
14	2	2100	80	36	132	311	0	5	0	0	1984
9	2	2100	10	36	129	332	3	4	5	16	1986
12	2	2100	10	36	129	332	2	4	3	13	1987
14	2	2100	10	36	129	332	2	4	3	17	1988
9	2	2100	10	48	93	334	1	1	1	3	1990
12	2	2100	10	48	93	334	1	1	1	4	1991
14	2	2100	10	48	93	334	1	1	1	4	1992
9	2	2100	0	8	139	336	4	4	6	13	1994
12	2	2100	0	8	139	336	2	4	3	6	1995
14	2	2100	0	8	139	336	2	4	3	8	1996
9	2	2100	5	36	128	339	2	2	2	6	1998
12	2	2100	5	36	128	339	2	2	2	9	1999
14	2	2100	5	36	128	339	2	2	2	9	2000
9	2	2100	80	36	132	343	2	3	2	10	2002
12	2	2100	80	36	132	343	0	3	0	0	2003
14	2	2100	80	36	132	343	0	3	0	0	2004
9	2	2100	5	48	92	344	3	3	6	10	2006
12	2	2100	5	48	92	344	3	3	6	16	2007
14	2	2100	5	48	92	344	3	3	6	18	2008
9	2	2100	5	31	136	355	1	1	1	5	2010
12	2	2100	5	31	136	355	1	1	1	7	2011
14	2	2100	5	31	136	355	1	1	1	10	2012
9	2	2100	40	31	135	356	2	2	2	5	2014
12	2	2100	40	31	135	356	1	2	1	3	2015
14	2	2100	40	31	135	356	1	2	1	4	2016
9	2	2100	5	8	142	447	1	1	1	1	2018
12	2	2100	5	8	142	447	1	1	1	1	2019
14	2	2100	5	8	142	447	1	1	1	1	2020
9	2	2100	0	31	133	506	3	3	5	12	2022
12	2	2100	0	31	133	506	3	3	5	12	2023
14	2	2100	0	31	133	506	3	3	5	12	2024
9	2	2100	40	8	141	522	1	1	1	3	2026
12	2	2100	40	8	141	522	0	1	0	0	2027
14	2	2100	40	8	141	522	0	1	0	0	2028
9	2	2100	10	8	140	523	2	2	2	8	2030
12	2	2100	10	8	140	523	2	2	2	6	2031
14	2	2100	10	8	140	523	2	2	2	6	2032
9	2	2100	10	8	140	528	5	5	5	18	2034
12	2	2100	10	8	140	528	5	5	5	19	2035
14	2	2100	10	8	140	528	5	5	5	18	2036
9	2	2100	0	8	139	529	4	4	6	12	2038
12	2	2100	0	8	139	529	2	4	2	7	2039
14	2	2100	0	8	139	529	2	4	2	8	2040
9	2	2100	10	48	93	534	7	8	8	30	2042
12	2	2100	10	48	93	534	4	8	5	16	2043
14	2	2100	10	48	93	534	4	8	5	24	2044
9	2	2100	5	8	142	539	3	3	3	5	2046
12	2	2100	5	8	142	539	3	3	3	5	2047
14	2	2100	5	8	142	539	3	3	3	6	2048
9	2	2100	20	8	143	554	1	1	1	2	2050
12	2	2100	20	8	143	554	1	1	1	2	2051
14	2	2100	20	8	143	554	1	1	1	1	2052
9	2	2100	0	8	139	555	1	1	1	3	2054
12	2	2100	0	8	139	555	1	1	1	3	2055
14	2	2100	0	8	139	555	1	1	1	3	2056
9	2	2100	80	31	138	561	4	5	4	13	2058
12	2	2100	80	31	138	561	0	5	0	0	2059
14	2	2100	80	31	138	561	0	5	0	0	2060
9	2	2100	0	48	91	564	2	2	2	4	2062
12	2	2100	0	48	91	564	1	2	1	4	2063
14	2	2100	0	48	91	564	1	2	1	4	2064
9	2	2100	20	31	137	568	5	5	5	14	2066
12	2	2100	20	31	137	568	5	5	5	17	2067
14	2	2100	20	31	137	568	5	5	5	27	2068
9	2	2100	5	8	142	575	1	1	2	5	2070
12	2	2100	5	8	142	575	1	1	2	5	2071
14	2	2100	5	8	142	575	1	1	2	6	2072
9	2	2100	80	36	132	580	1	2	1	5	2074
12	2	2100	80	36	132	580	0	2	0	0	2075
14	2	2100	80	36	132	580	0	2	0	0	2076
9	2	2100	80	8	144	611	3	6	3	9	2078
12	2	2100	80	8	144	611	0	6	0	0	2079
14	2	2100	80	8	144	611	0	6	0	0	2080
9	2	2100	80	48	96	613	5	5	5	15	2082
12	2	2100	80	48	96	613	0	5	0	0	2083
14	2	2100	80	48	96	613	0	5	0	0	2084
9	2	2100	20	31	137	637	2	2	4	9	2086
12	2	2100	20	31	137	637	2	2	4	10	2087
14	2	2100	20	31	137	637	2	2	4	16	2088
9	2	2100	10	36	129	653	4	5	5	12	2090
12	2	2100	10	36	129	653	4	5	5	19	2091
14	2	2100	10	36	129	653	4	5	5	24	2092
9	2	2100	5	48	92	658	1	1	1	8	2094
12	2	2100	5	48	92	658	1	1	1	11	2095
14	2	2100	5	48	92	658	1	1	1	16	2096
9	2	2100	40	8	141	663	1	4	1	4	2098
12	2	2100	40	8	141	663	0	4	0	0	2099
14	2	2100	40	8	141	663	0	4	0	0	2100
9	2	2100	10	31	134	671	6	7	7	21	2102
12	2	2100	10	31	134	671	3	7	4	15	2103
14	2	2100	10	31	134	671	2	7	2	13	2104
9	2	2100	40	31	135	677	2	2	2	5	2106
12	2	2100	40	31	135	677	0	2	0	0	2107
14	2	2100	40	31	135	677	0	2	0	0	2108
9	2	2100	80	31	138	680	3	3	3	8	2110
12	2	2100	80	31	138	680	0	3	0	0	2111
14	2	2100	80	31	138	680	0	3	0	0	2112
9	2	2100	20	48	94	698	2	2	2	4	2114
12	2	2100	20	48	94	698	2	2	2	7	2115
14	2	2100	20	48	94	698	2	2	2	9	2116
9	2	2100	5	48	92	700	2	3	2	6	2118
12	2	2100	5	48	92	700	2	3	2	6	2119
14	2	2100	5	48	92	700	2	3	2	7	2120
9	2	2100	80	48	96	703	5	5	5	21	2122
12	2	2100	80	48	96	703	0	5	0	0	2123
14	2	2100	80	48	96	703	0	5	0	0	2124
9	2	2100	40	48	95	705	2	6	2	8	2126
12	2	2100	40	48	95	705	2	6	2	13	2127
14	2	2100	40	48	95	705	2	6	2	11	2128
9	2	2100	20	48	94	707	3	8	5	13	2130
12	2	2100	20	48	94	707	2	8	3	4	2131
14	2	2100	20	48	94	707	2	8	3	7	2132
9	2	2100	5	48	92	708	5	9	6	16	2134
12	2	2100	5	48	92	708	3	9	4	16	2135
14	2	2100	5	48	92	708	3	9	4	13	2136
9	2	2100	10	48	93	709	6	6	6	12	2138
12	2	2100	10	48	93	709	4	6	4	14	2139
14	2	2100	10	48	93	709	4	6	4	17	2140
9	2	2100	20	31	137	757	1	1	1	7	2142
12	2	2100	20	31	137	757	1	1	1	7	2143
14	2	2100	20	31	137	757	1	1	1	11	2144
9	2	2100	5	8	142	758	1	1	1	2	2146
12	2	2100	5	8	142	758	1	1	1	2	2147
14	2	2100	5	8	142	758	1	1	1	4	2148
9	2	2100	20	8	143	766	1	6	2	5	2150
12	2	2100	20	8	143	766	1	6	1	3	2151
14	2	2100	20	8	143	766	1	6	1	3	2152
9	2	2100	20	8	143	768	1	3	1	4	2154
12	2	2100	20	8	143	768	1	3	1	6	2155
14	2	2100	20	8	143	768	1	3	1	6	2156
9	2	2100	0	48	91	769	6	9	7	21	2158
12	2	2100	0	48	91	769	6	9	7	25	2159
14	2	2100	0	48	91	769	6	9	7	25	2160
9	2	Ambient	10	37	81	5	8	8	11	33	2162
12	2	Ambient	10	37	81	5	8	8	11	41	2163
14	2	Ambient	10	37	81	5	8	8	11	44	2164
9	2	Ambient	5	37	80	15	9	9	13	43	2166
12	2	Ambient	5	37	80	15	6	9	7	32	2167
14	2	Ambient	5	37	80	15	5	9	6	25	2168
9	2	Ambient	5	37	80	16	9	9	22	46	2170
12	2	Ambient	5	37	80	16	6	9	14	33	2171
14	2	Ambient	5	37	80	16	6	9	14	32	2172
9	2	Ambient	5	37	80	17	11	11	14	43	2174
12	2	Ambient	5	37	80	17	11	11	14	50	2175
14	2	Ambient	5	37	80	17	10	11	17	42	2176
9	2	Ambient	40	35	90	18	11	12	11	43	2178
12	2	Ambient	40	35	90	18	8	12	8	39	2179
14	2	Ambient	40	35	90	18	7	12	9	48	2180
9	2	Ambient	80	35	89	20	5	5	5	20	2182
12	2	Ambient	80	35	89	20	4	5	4	21	2183
14	2	Ambient	80	35	89	20	4	5	4	23	2184
9	2	Ambient	80	35	89	25	5	5	5	14	2186
12	2	Ambient	80	35	89	25	5	5	5	15	2187
14	2	Ambient	80	35	89	25	5	5	5	17	2188
9	2	Ambient	10	35	88	27	3	3	3	8	2190
12	2	Ambient	10	35	88	27	3	3	3	10	2191
14	2	Ambient	10	35	88	27	2	3	2	12	2192
9	2	Ambient	40	30	101	30	5	6	5	16	2194
12	2	Ambient	40	30	101	30	5	6	5	25	2195
14	2	Ambient	40	30	101	30	5	6	5	29	2196
9	2	Ambient	40	35	90	32	2	2	2	12	2198
12	2	Ambient	40	35	90	32	2	2	2	14	2199
14	2	Ambient	40	35	90	32	2	2	2	17	2200
9	2	Ambient	80	35	89	37	4	7	4	16	2202
12	2	Ambient	80	35	89	37	4	7	4	17	2203
14	2	Ambient	80	35	89	37	4	7	4	17	2204
9	2	Ambient	40	35	90	45	2	2	2	9	2206
12	2	Ambient	40	35	90	45	2	2	2	7	2207
14	2	Ambient	40	35	90	45	1	2	1	5	2208
9	2	Ambient	0	35	85	50	7	10	8	28	2210
12	2	Ambient	0	35	85	50	7	10	8	29	2211
14	2	Ambient	0	35	85	50	6	10	7	29	2212
9	2	Ambient	10	6	75	55	2	2	2	6	2214
12	2	Ambient	10	6	75	55	2	2	2	8	2215
14	2	Ambient	10	6	75	55	2	2	2	12	2216
9	2	Ambient	80	6	78	57	2	2	2	5	2218
12	2	Ambient	80	6	78	57	0	2	0	0	2219
14	2	Ambient	80	6	78	57	0	2	0	0	2220
9	2	Ambient	80	6	78	58	2	2	2	5	2222
12	2	Ambient	80	6	78	58	0	2	0	0	2223
14	2	Ambient	80	6	78	58	0	2	0	0	2224
9	2	Ambient	80	6	78	69	2	2	2	6	2226
12	2	Ambient	80	6	78	69	0	2	0	0	2227
14	2	Ambient	80	6	78	69	0	2	0	0	2228
9	2	Ambient	80	30	102	80	1	1	2	7	2230
12	2	Ambient	80	30	102	80	0	1	0	0	2231
14	2	Ambient	80	30	102	80	0	1	0	0	2232
9	2	Ambient	0	35	85	83	18	18	35	75	2234
12	2	Ambient	0	35	85	83	13	18	27	82	2235
14	2	Ambient	0	35	85	83	13	18	27	86	2236
9	2	Ambient	0	35	85	86	1	1	2	8	2238
12	2	Ambient	0	35	85	86	1	1	2	7	2239
14	2	Ambient	0	35	85	86	1	1	2	11	2240
9	2	Ambient	40	30	101	99	3	3	3	10	2242
12	2	Ambient	40	30	101	99	2	3	2	8	2243
14	2	Ambient	40	30	101	99	2	3	2	9	2244
9	2	Ambient	5	6	74	101	7	8	9	25	2246
12	2	Ambient	5	6	74	101	6	8	8	24	2247
14	2	Ambient	5	6	74	101	6	8	8	33	2248
9	2	Ambient	10	6	75	104	3	3	4	14	2250
12	2	Ambient	10	6	75	104	3	3	4	24	2251
14	2	Ambient	10	6	75	104	2	3	3	12	2252
9	2	Ambient	5	6	74	105	14	14	18	57	2254
12	2	Ambient	5	6	74	105	13	14	17	55	2255
14	2	Ambient	5	6	74	105	10	14	14	50	2256
9	2	Ambient	5	6	74	106	6	7	6	23	2258
12	2	Ambient	5	6	74	106	5	7	5	18	2259
14	2	Ambient	5	6	74	106	5	7	5	20	2260
9	2	Ambient	20	35	87	121	17	17	33	82	2262
12	2	Ambient	20	35	87	121	16	17	28	82	2263
14	2	Ambient	20	35	87	121	15	17	27	87	2264
9	2	Ambient	80	30	102	122	11	16	15	37	2266
12	2	Ambient	80	30	102	122	1	16	1	3	2267
14	2	Ambient	80	30	102	122	1	16	1	4	2268
9	2	Ambient	80	35	89	123	9	11	15	36	2270
12	2	Ambient	80	35	89	123	8	11	14	20	2271
14	2	Ambient	80	35	89	123	8	11	14	21	2272
9	2	Ambient	10	35	88	124	14	16	18	51	2274
12	2	Ambient	10	35	88	124	13	16	16	58	2275
14	2	Ambient	10	35	88	124	13	16	16	68	2276
9	2	Ambient	10	35	88	126	5	5	9	24	2278
12	2	Ambient	10	35	88	126	4	5	8	25	2279
14	2	Ambient	10	35	88	126	4	5	8	30	2280
9	2	Ambient	20	35	87	127	8	8	12	34	2282
12	2	Ambient	20	35	87	127	6	8	9	52	2283
14	2	Ambient	20	35	87	127	6	8	9	50	2284
9	2	Ambient	5	35	86	131	6	8	9	16	2286
12	2	Ambient	5	35	86	131	6	8	9	17	2287
14	2	Ambient	5	35	86	131	6	8	9	22	2288
9	2	Ambient	5	35	86	134	6	7	7	20	2290
12	2	Ambient	5	35	86	134	5	7	6	24	2291
14	2	Ambient	5	35	86	134	5	7	6	24	2292
9	2	Ambient	20	35	87	135	5	5	7	17	2294
12	2	Ambient	20	35	87	135	5	5	7	18	2295
14	2	Ambient	20	35	87	135	5	5	7	23	2296
9	2	Ambient	5	35	86	136	5	5	6	19	2298
12	2	Ambient	5	35	86	136	4	5	5	27	2299
14	2	Ambient	5	35	86	136	4	5	5	32	2300
9	2	Ambient	20	35	87	137	5	6	6	20	2302
12	2	Ambient	20	35	87	137	5	6	6	18	2303
14	2	Ambient	20	35	87	137	5	6	6	19	2304
9	2	Ambient	40	30	101	138	15	15	21	72	2306
12	2	Ambient	40	30	101	138	15	15	22	68	2307
14	2	Ambient	40	30	101	138	13	15	20	71	2308
9	2	Ambient	40	30	101	142	7	7	8	14	2310
12	2	Ambient	40	30	101	142	5	7	6	13	2311
14	2	Ambient	40	30	101	142	4	7	5	17	2312
9	2	Ambient	80	30	102	192	13	13	22	53	2314
12	2	Ambient	80	30	102	192	1	13	1	2	2315
14	2	Ambient	80	30	102	192	1	13	1	3	2316
9	2	Ambient	10	30	99	193	6	6	8	26	2318
12	2	Ambient	10	30	99	193	6	6	7	26	2319
14	2	Ambient	10	30	99	193	6	6	7	37	2320
9	2	Ambient	10	30	99	194	6	6	7	19	2322
12	2	Ambient	10	30	99	194	5	6	6	20	2323
14	2	Ambient	10	30	99	194	5	6	6	30	2324
9	2	Ambient	5	30	98	195	5	5	6	22	2326
12	2	Ambient	5	30	98	195	5	5	5	26	2327
14	2	Ambient	5	30	98	195	5	5	5	28	2328
9	2	Ambient	10	30	99	196	7	7	9	19	2330
12	2	Ambient	10	30	99	196	6	7	6	20	2331
14	2	Ambient	10	30	99	196	6	7	6	28	2332
9	2	Ambient	10	30	99	198	3	3	3	10	2334
12	2	Ambient	10	30	99	198	2	3	2	12	2335
14	2	Ambient	10	30	99	198	2	3	2	16	2336
9	2	Ambient	5	30	98	200	6	6	6	19	2338
12	2	Ambient	5	30	98	200	6	6	6	22	2339
14	2	Ambient	5	30	98	200	6	6	8	25	2340
9	2	Ambient	5	30	98	201	2	2	2	7	2342
12	2	Ambient	5	30	98	201	2	2	2	9	2343
14	2	Ambient	5	30	98	201	2	2	2	9	2344
9	2	Ambient	20	30	100	202	2	2	2	10	2346
12	2	Ambient	20	30	100	202	2	2	2	10	2347
14	2	Ambient	20	30	100	202	2	2	2	14	2348
9	2	Ambient	0	30	97	203	2	3	2	11	2350
12	2	Ambient	0	30	97	203	2	3	2	15	2351
14	2	Ambient	0	30	97	203	2	3	2	16	2352
9	2	Ambient	0	30	97	204	4	4	4	25	2354
12	2	Ambient	0	30	97	204	4	4	4	29	2355
14	2	Ambient	0	30	97	204	4	4	4	33	2356
9	2	Ambient	0	6	73	364	10	11	19	47	2358
12	2	Ambient	0	6	73	364	9	11	19	44	2359
14	2	Ambient	0	6	73	364	9	11	18	47	2360
9	2	Ambient	20	30	100	368	3	3	3	10	2362
12	2	Ambient	20	30	100	368	3	3	3	15	2363
14	2	Ambient	20	30	100	368	3	3	3	16	2364
9	2	Ambient	80	30	102	376	1	1	2	5	2366
12	2	Ambient	80	30	102	376	0	1	0	0	2367
14	2	Ambient	80	30	102	376	0	1	0	0	2368
9	2	Ambient	40	6	77	378	15	16	30	76	2370
12	2	Ambient	40	6	77	378	5	16	16	29	2371
14	2	Ambient	40	6	77	378	5	16	16	33	2372
9	2	Ambient	20	6	76	379	13	14	13	37	2374
12	2	Ambient	20	6	76	379	10	14	10	33	2375
14	2	Ambient	20	6	76	379	10	14	10	35	2376
9	2	Ambient	20	6	76	380	5	6	12	25	2378
12	2	Ambient	20	6	76	380	4	6	7	23	2379
14	2	Ambient	20	6	76	380	4	6	7	22	2380
9	2	Ambient	40	37	83	387	5	5	5	21	2382
12	2	Ambient	40	37	83	387	5	5	5	22	2383
14	2	Ambient	40	37	83	387	5	5	5	29	2384
9	2	Ambient	40	37	83	388	4	4	7	20	2386
12	2	Ambient	40	37	83	388	3	4	6	18	2387
14	2	Ambient	40	37	83	388	3	4	6	20	2388
9	2	Ambient	40	37	83	389	7	7	7	23	2390
12	2	Ambient	40	37	83	389	3	7	3	10	2391
14	2	Ambient	40	37	83	389	2	7	2	11	2392
9	2	Ambient	20	37	82	390	10	10	16	49	2394
12	2	Ambient	20	37	82	390	10	10	16	60	2395
14	2	Ambient	20	37	82	390	10	10	16	89	2396
9	2	Ambient	80	37	84	394	7	7	9	27	2398
12	2	Ambient	80	37	84	394	3	7	5	21	2399
14	2	Ambient	80	37	84	394	3	7	5	29	2400
9	2	Ambient	20	37	82	397	4	4	5	15	2402
12	2	Ambient	20	37	82	397	3	4	4	15	2403
14	2	Ambient	20	37	82	397	3	4	4	18	2404
9	2	Ambient	80	37	84	399	3	4	4	12	2406
12	2	Ambient	80	37	84	399	1	4	1	7	2407
14	2	Ambient	80	37	84	399	1	4	1	9	2408
9	2	Ambient	80	37	84	402	3	3	3	14	2410
12	2	Ambient	80	37	84	402	2	3	2	11	2411
14	2	Ambient	80	37	84	402	2	3	2	13	2412
9	2	Ambient	40	6	77	442	10	10	12	32	2414
12	2	Ambient	40	6	77	442	7	10	9	38	2415
14	2	Ambient	40	6	77	442	7	10	9	40	2416
9	2	Ambient	10	37	81	450	10	10	15	48	2418
12	2	Ambient	10	37	81	450	10	10	15	60	2419
14	2	Ambient	10	37	81	450	10	10	21	60	2420
9	2	Ambient	20	6	76	451	6	6	8	17	2422
12	2	Ambient	20	6	76	451	6	6	8	19	2423
14	2	Ambient	20	6	76	451	6	6	8	22	2424
9	2	Ambient	80	6	78	452	8	8	11	19	2426
12	2	Ambient	80	6	78	452	0	8	0	0	2427
14	2	Ambient	80	6	78	452	0	8	0	0	2428
9	2	Ambient	20	37	82	457	8	8	8	20	2430
12	2	Ambient	20	37	82	457	8	8	8	30	2431
14	2	Ambient	20	37	82	457	8	8	8	48	2432
9	2	Ambient	10	6	75	462	6	6	6	21	2434
12	2	Ambient	10	6	75	462	6	6	6	27	2435
14	2	Ambient	10	6	75	462	6	6	6	27	2436
9	2	Ambient	5	6	74	467	9	10	13	29	2438
12	2	Ambient	5	6	74	467	8	10	12	28	2439
14	2	Ambient	5	6	74	467	8	10	12	28	2440
9	2	Ambient	10	6	75	468	8	9	11	39	2442
12	2	Ambient	10	6	75	468	8	9	11	42	2443
14	2	Ambient	10	6	75	468	8	9	11	39	2444
9	2	Ambient	0	30	97	494	5	5	6	15	2446
12	2	Ambient	0	30	97	494	4	5	4	16	2447
14	2	Ambient	0	30	97	494	4	5	4	18	2448
9	2	Ambient	0	30	97	495	3	3	3	13	2450
12	2	Ambient	0	30	97	495	2	3	2	10	2451
14	2	Ambient	0	30	97	495	2	3	2	11	2452
9	2	Ambient	5	35	86	532	10	10	12	35	2454
12	2	Ambient	5	35	86	532	8	10	10	34	2455
14	2	Ambient	5	35	86	532	8	10	10	39	2456
9	2	Ambient	20	6	76	546	12	12	12	47	2458
12	2	Ambient	20	6	76	546	11	12	11	59	2459
14	2	Ambient	20	6	76	546	11	12	11	57	2460
9	2	Ambient	0	6	73	547	10	10	11	25	2462
12	2	Ambient	0	6	73	547	7	10	8	17	2463
14	2	Ambient	0	6	73	547	6	10	7	16	2464
9	2	Ambient	20	30	100	614	5	5	8	21	2466
12	2	Ambient	20	30	100	614	3	5	4	14	2467
14	2	Ambient	20	30	100	614	3	5	4	16	2468
9	2	Ambient	20	30	100	630	7	7	11	33	2470
12	2	Ambient	20	30	100	630	6	7	9	36	2471
14	2	Ambient	20	30	100	630	6	7	9	39	2472
9	2	Ambient	40	6	77	644	11	11	13	33	2474
12	2	Ambient	40	6	77	644	9	11	11	40	2475
14	2	Ambient	40	6	77	644	9	11	11	45	2476
9	2	Ambient	80	37	84	662	5	5	6	13	2478
12	2	Ambient	80	37	84	662	0	5	0	0	2479
14	2	Ambient	80	37	84	662	0	5	0	0	2480
9	2	Ambient	40	37	83	665	7	7	7	22	2482
12	2	Ambient	40	37	83	665	3	7	3	11	2483
14	2	Ambient	40	37	83	665	3	7	3	15	2484
9	2	Ambient	20	37	82	668	3	3	4	10	2486
12	2	Ambient	20	37	82	668	3	3	4	17	2487
14	2	Ambient	20	37	82	668	3	3	4	18	2488
9	2	Ambient	0	6	73	686	3	3	3	10	2490
12	2	Ambient	0	6	73	686	2	3	2	11	2491
14	2	Ambient	0	6	73	686	2	3	2	10	2492
9	2	Ambient	40	6	77	688	2	2	2	6	2494
12	2	Ambient	40	6	77	688	1	2	1	3	2495
14	2	Ambient	40	6	77	688	1	2	1	4	2496
9	2	Ambient	0	6	73	691	6	6	7	20	2498
12	2	Ambient	0	6	73	691	5	6	6	25	2499
14	2	Ambient	0	6	73	691	5	6	6	23	2500
9	2	Ambient	10	37	81	702	10	10	14	57	2502
12	2	Ambient	10	37	81	702	10	10	14	54	2503
14	2	Ambient	10	37	81	702	10	10	14	68	2504
9	2	Ambient	0	37	79	711	11	12	14	34	2506
12	2	Ambient	0	37	79	711	8	12	11	25	2507
14	2	Ambient	0	37	79	711	8	12	11	22	2508
9	2	Ambient	0	37	79	714	9	9	13	45	2510
12	2	Ambient	0	37	79	714	9	9	17	51	2511
14	2	Ambient	0	37	79	714	7	9	12	37	2512
9	2	Ambient	0	37	79	720	9	9	10	38	2514
12	2	Ambient	0	37	79	720	9	9	10	43	2515
14	2	Ambient	0	37	79	720	9	9	10	42	2516
9	2	Ambient	40	35	90	725	5	5	5	15	2518
12	2	Ambient	40	35	90	725	1	5	1	2	2519
14	2	Ambient	40	35	90	725	1	5	1	2	2520
9	2	Ambient	5	37	80	728	14	14	20	47	2522
12	2	Ambient	5	37	80	728	14	14	20	54	2523
14	2	Ambient	5	37	80	728	14	14	22	56	2524
9	2	Ambient	0	37	79	732	5	5	6	18	2526
12	2	Ambient	0	37	79	732	3	5	4	11	2527
14	2	Ambient	0	37	79	732	2	5	3	9	2528
9	2	Ambient	10	35	88	733	14	15	24	41	2530
12	2	Ambient	10	35	88	733	8	15	10	20	2531
14	2	Ambient	10	35	88	733	8	15	12	25	2532
9	2	Ambient	10	37	81	736	5	5	6	21	2534
12	2	Ambient	10	37	81	736	5	5	6	29	2535
14	2	Ambient	10	37	81	736	5	5	6	34	2536
9	2	Ambient	0	35	85	759	11	11	14	35	2538
12	2	Ambient	0	35	85	759	11	11	14	44	2539
14	2	Ambient	0	35	85	759	9	11	12	38	2540
9	2	Ambient	5	30	98	897	2	2	2	10	2542
12	2	Ambient	5	30	98	897	2	2	2	12	2543
14	2	Ambient	5	30	98	897	2	2	2	12	2544
