disc.nominal	cca	biof	algae	bare	bleach
1	310955	379170	398120	27431	368826
2	176579	504014	364208	87896	331339
3	230523	467257	336122	89837	455689
4	247724	384443	429180	68437	363484
5	51180	318459	729166	44493	342662
6	33091	356662	699635	60879	411209
7	30940	421443	653995	46045	355525
8	55799	327131	746045	33858	359923
9	44984	450498	514117	123574	350351
10	33793	570693	454344	108353	355573
11	37841	501686	58781	531483	412709
12	137588	504359	487901	50166	347678
13	828128	226434	49828	39344	378766
14	386330	525109	116722	94800	341075
15	510641	435838	67898	119004	355015
16	514053	367751	59342	214661	354609
17	651267	197712	297976	19324	416221
18	631001	184454	306444	35381	365476
19	464568	383789	259681	73547	400403
20	545575	257654	400340	16269	508810
21	45737	573381	394385	140381	408360
22	114863	340086	374399	289570	379222
23	109079	229215	791301	14248	364105
24	68173	531732	353319	205811	363721
25	187327	387577	560029	26156	351795
26	54679	430413	96067	520695	401158
27	117384	279306	709039	17422	360373
28	129013	225072	787973	10039	370659
29	85462	355945	11138	678957	356702
30	56507	489945	4964	593515	345909
31	30273	362665	11706	736993	361375
32	60050	484250	35242	578682	352168
33	530921	74800	550272	8155	457328
34	471785	74786	617357	6012	453072
35	591120	47126	488076	5322	371368
36	677855	35437	468500	5466	456010
