recruit	slice	prop.grow	well	days
r1	0	na	1	16
r2	0.439139206	na	1	16
r4	0.264920675	0.719693504	2	16
r5	0.082339249	1.018873005	2	16
r6	0.528518124	0.847336761	2	16
r7	0.468278731	0.720202525	3	16
r8	0.377472055	1.040456497	3	16
r9	0	na	3	16
r10	0.771756979	na	4	16
r12	0.703217334	na	5	16
r13	0.321129707	1.797663589	5	16
r14	0.059016393	0.835601263	6	16
r15	0.369332033	1.141117633	6	16
r16	0.590940288	0.863722794	6	16
r17	0.576724542	0.902016573	7	16
r18	0	0.916431169	7	16
r19	0.406059236	1.018165068	7	16
r20	0.042871639	1.32515966	8	16
r21	0.10383346	1.189055079	8	16
r22	0.633621755	1.549260919	8	16
r23	0.481933477	na	9	16
