recruit	well	prop	suc.3w
r1	1	0.301839338	0
r2	2	0.216633451	1
r3	2	0.044790408	1
r5	3	0.202184688	0
r6	3	0.058405953	0
r7	3	0	0
r9	4	0.112618316	1
r10	4	0.614822573	0
r11	4	0.013388882	1
r12	5	0.103120393	0
r13	5	0.526230763	0
r14	5	0.0832105	0
r15	7	0.239954329	1
r16	7	0.259988617	1
r17	7	0.091746646	1
r18	8	0.115814393	1
r19	8	0.301510041	1
r20	8	0.058633786	1
r21	9	0.63528462	1
r22	9	0.43562256	1
c1	1	0	0
c2	1	0	0
c3	1	0	0
c4	2	0	1
c5	2	0	1
c6	2	0	1
c7	2	0	1
c8	3	0	0
c9	3	0	0
c10	4	0	1
c11	4	0	1
c12	4	0	1
c13	4	0	1
c14	5	0	0
c15	5	0	0
c16	5	0	0
c17	5	0	0
c18	7	0	1
c19	7	0	1
c20	7	0	1
c21	7	0	1
c22	8	0	1
c23	8	0	1
c24	8	0	1
c25	8	0	1
c26	8	0	1
c27	8	0	1
c28	8	0	1
c29	8	0	1
c30	9	0	1
c31	9	0	1
c32	9	0	1
c33	9	0	1
c34	9	0	1
c35	9	0	1
