recruit	well	prop	suc.3w
r1	1	0	0
r2	1	0.439139206	0
r4	2	0.264920675	1
r5	2	0.082339249	1
r6	2	0.528518124	1
r7	3	0.468278731	1
r8	3	0.377472055	1
r9	3	0	na
r10	4	0.771756979	0
r12	5	0.703217334	0
r13	5	0.321129707	1
r14	6	0.059016393	1
r15	6	0.369332033	1
r16	6	0.590940288	1
r17	7	0.576724542	1
r18	7	0	1
r19	7	0.406059236	1
r20	8	0.042871639	1
r21	8	0.10383346	1
r22	8	0.633621755	1
r23	9	0.481933477	0
c1	1	1	0
c2	1	1	0
c3	2	1	0
c4	2	1	0
c5	2	1	1
c6	2	1	1
c7	3	1	1
c8	3	1	1
c9	3	1	1
c10	3	1	1
c11	3	1	1
c12	5	1	1
c13	5	1	1
c14	5	1	1
c15	6	1	1
c16	6	1	1
c17	7	1	0
c18	7	1	1
c19	7	1	1
c20	7	1	1
c21	8	1	1
c22	8	1	1
c23	8	1	1
c24	8	1	1
c25	8	1	1
c26	9	1	1
c27	9	1	1
c28	9	1	1
