recruit	well	prop	suc.3w
r1	1	0.096387678	0
r2	1	0.358772171	0
r3	1	0.249623724	1
r4	2	0.164289706	0
r5	2	0.295285857	0
r6	3	0.190450089	1
r7	3	0.202243153	1
r8	4	0.350392353	0
r9	4	na	na
r10	4	0.121649377	0
r11	5	0.112048185	1
r12	5	na	1
r13	5	na	1
r14	6	0.231036321	1
r15	6	0.130302122	1
r16	7	0.128143947	1
r17	8	0.141219204	1
r18	8	0.478978875	1
r19	9	na	na
r20	9	0.098882118	0
c1	1	0	1
c2	1	0	1
c3	1	0	1
c4	1	0	1
c5	1	0	1
c6	1	0	1
c7	1	0	1
c8	1	0	1
c9	1	0	1
c10	2	0	0
c11	2	0	0
c12	2	0	0
c13	2	0	0
c14	3	0	1
c15	3	0	1
c16	3	0	1
c17	4	0	1
c18	4	0	1
c19	4	0	1
c20	4	0	0
c21	4	0	0
c22	4	0	0
c23	5	0	1
c24	5	0	1
c25	5	0	1
c26	5	0	1
c27	5	0	1
c28	6	0	1
c29	6	0	1
c30	6	0	1
c31	6	0	1
c32	6	0	1
c33	7	0	1
c34	7	0	1
c35	7	0	1
c36	7	0	1
c37	7	0	1
c38	8	0	1
c39	8	0	1
c40	8	0	1
c41	8	0	1
c42	8	0	1
c43	8	0	1
c44	8	0	1
c45	9	0	1
c46	9	0	1
