recruit	well	radius	dist	prop	suc.3w
s1	1	374.2	140.03	0.374211652	1
s2	1	289.1	92	0.318228987	1
s3	2	312.6	140	0.447856686	1
s4	2	347.5	97.9	0.281726619	1
s5	2	380.8	187	0.491071429	1
s6	3	344.1	202.6	0.588782331	1
s7	3	335.6	165.9	0.494338498	1
s8	3	389.2	61.7	0.158530319	1
s9	4	391.8	105.6	0.269525268	1
s10	4	446.4	45.9	0.102822581	1
s11	4	392.7	123.2	0.31372549	1
s12	5	360.1	0	0	1
s13	5	341.5	275.5	0.806734993	1
s14	5	320.5	194.6	0.607176287	1
s15	6	419.4	115.2	0.274678112	1
s16	6	426	156.7	0.367840376	1
s17	6	394.5	156.7	0.39721166	1
s18	na	na	na	na	na
s19	7	374.8	169.9	0.453308431	1
s20	7	360.9	141.7	0.392629537	1
s21	8	404.1	237.8	0.588468201	0
s22	8	393.5	301.3	0.765692503	0
s23	0	351	0	0	0
s25	0	404.8	244.8	0.604743083	0
s26	8	344	0	0	0
c1	1	1	1	1	1
c2	1	1	1	1	1
c3	3	1	1	1	1
c4	3	1	1	1	1
c5	3	1	1	1	1
c6	3	1	1	1	1
c7	4	1	1	1	1
c8	4	1	1	1	1
c9	4	1	1	1	1
c10	4	1	1	1	1
c11	5	1	1	1	1
c12	5	1	1	1	1
c13	6	1	1	1	1
c14	6	1	1	1	1
c15	6	1	1	1	1
c16	6	1	1	1	1
c17	7	1	1	1	1
c18	7	1	1	1	1
c19	7	1	1	1	1
c20	8	1	1	1	0
c21	8	1	1	1	0
c22	9	1	1	1	0
c23	9	1	1	1	0
c24	9	1	1	1	0
