date	temp
43059	26.81
43060	26.84
43061	26.87
43062	26.93
43063	26.91
43064	26.92
43065	26.93
43066	26.95
43067	27.00
43068	27.05
43069	27.08
43070	27.27
43071	27.34
43072	27.28
43073	27.30
43074	27.35
43075	27.39
43076	27.48
43077	27.55
43078	27.59
43079	27.63
43080	27.72
43081	27.77
43082	27.78
43083	27.81
43084	27.88
43085	27.92
43086	27.97
43087	27.94
43088	27.88
43089	27.87
43090	27.89
43091	27.86
43092	27.88
43093	27.92
43094	28.00
43095	28.10
43096	28.19
43097	28.24
43098	28.26
43099	28.25
43100	28.24
43101	28.06
43102	28.09
43103	28.19
43104	28.27
43105	28.32
43106	28.38
43107	28.43
43108	28.46
43109	28.43
43110	28.39
43111	28.39
43112	28.35
43113	28.34
43114	28.35
43115	28.39
43116	28.42
43117	28.42
43118	28.42
43119	28.47
43120	28.42
43121	28.42
43122	28.37
43123	28.38
43124	28.42
43125	28.47
43126	28.52
43127	28.54
43128	28.58
43129	28.58
43130	28.55
43131	28.55
43132	28.60
43133	28.63
43134	28.63
43135	28.60
43136	28.57
43137	28.63
43138	28.60
43139	28.58
43140	28.56
43141	28.55
43142	28.56
43143	28.61
43144	28.69
43145	28.74
43146	28.73
43147	28.69
43148	28.65
43149	28.63
43150	28.58
43151	28.55
43152	28.55
43153	28.57
43154	28.59
43155	28.53
43156	28.52
43157	28.51
43158	28.52
43159	28.50
43160	28.52
43161	28.47
43162	28.36
43163	28.39
43164	28.43
43165	28.40
43166	28.38
43167	28.36
43168	28.33
43169	28.28
43170	28.23
43171	28.16
43172	28.11
43173	28.03
43174	28.01
43175	28.01
43176	27.97
43177	27.95
43178	27.93
43179	27.87
43180	27.87
43181	27.92
43182	27.94
43183	27.96
43184	27.94
43185	27.91
43186	27.86
43187	27.85
43188	27.84
43189	27.76
43190	27.74
	
	
	
	
	
	
	
	
	
	
	
	
	
	
	
	
	
	
	
	
	
	
	
	
	
	
	
	
	
	
	
	
	
	
	
	
	
	
	
	
	
	
	
	
	
	
	
	
	
	
	
	
	
	
	
	
	
	
	
	
	
	
	
	
	
	
	
	
	
	
	
	
	
	
	
	
	
	
	
	
	
	
	
	
	
	
	
	
	
	
	
	
	
	
	
	
	
	
	
	
	
	
	
	
	
	
	
	
	
	
	
	
	
	
	
	
	
	
	
	
	
	
	
	
	
	
	
	
	
	
	
	
	
	
	
	
	
	
	
	
	
	
	
	
	
	
	
	
	
	
	
	
	
	
	
	
	
	
	
	
	
	
	
	
	
	
	
	
	
	
	
	
	
	
	
	
	
	
	
	
	
	
	
	
	
	
	
	
	
	
	
	
	
	
	
	
	
	
	
	
	
	
	
	
	
	
	
	
	
	
	
	
	
	
	
	
	
	
	
	
	
	
	
	
	
	
	
	
	
	
	
	
	
	
	
	
	
	
	
	
	
	
	
	
	
	
	
	
	
	
	
	
	
	
	
	
	
	
	
	
	
	
	
	
	
	
	
	
	
	
	
	
	
	
	
	
	
	
	
	
	
	
	
	
	
	
	
	
	
	
	
	
	
	
	
	
	
	
	
	
	
	
	
	
	
	
	
	
	
	
	
	
	
	
	
	
	
	
	
	
	
	
	
	
	
	
	
	
	
	
	
	
	
	
	
	
	
	
	
	
	
	
	
	
	
	
	
	
	
	
	
	
	
	
	
	
	
	
	
	
	
	
	
	
	
	
	
	
	
	
	
	
	
	
	
	
	
	
	
	
	
	
	
	
	
	
	
	
	
	
	
	
	
	
	
	
	
	
	
	
	
	
	
	
	
	
	
	
	
	
	
	
	
	
	
	
	
	
	
	
	
	
	
	
	
	
	
	
	
	
	
	
	
	
	
	
	
	
	
	
	
	
	
	
	
	
	
	
	
	
	
	
	
	
	
	
	
	
	
	
	
	
	
