x	y
1.099722992	0.027027027
1.218836565	0.027027027
1.288088643	0.027027027
1.351788076	0.018018018
1.43767313	0.027027027
1.526315789	0.027027027
1.581717452	0.027027027
1.886426593	0.027027027
1.969529086	0.027027027
2.036023558	0.036036036
2.121883657	0.027027027
1.637331237	2.18018018
2.041289212	3.837837838
2.049412293	3.702702703
2.160302962	3.765765766
2.218786654	3.990990991
2.407439295	4.198198198
2.476579072	4.117117117
2.407040004	3.90990991
2.521162437	4.306306306
2.593184597	4.306306306
2.626612762	4.441441441
2.656671907	4.144144144
2.676249657	4.279279279
2.745489257	4.27027027
2.776097427	4.369369369
2.81778593	4.468468468
3.059120062	4.711711712
3.100796087	4.801801802
3.175675676	4.864864865
3.325796711	5.252252252
