"edge" "distance" "colonySize" "fertilizationSuccess" "totalEmbryos"
"1" 3 1 10 28.7577520124614 756
"2" 4 1 10 78.8305135443807 520
"3" 5 1 10 40.89769218117 156
"4" 6 1 10 88.3017404004931 759
"5" 7 1 10 94.0467284293845 262
"6" 8 1 10 4.55564993899316 337
"7" 9 1 10 52.8105488047004 772
"8" 10 1 10 89.2419044394046 677
"9" 3 3 10 55.1435014465824 615
"10" 4 3 10 45.6614735303447 429
"11" 5 3 10 95.6833345349878 324
"12" 6 3 10 45.3334156190977 488
"13" 7 3 10 67.7570635452867 216
"14" 8 3 10 57.2633401956409 636
"15" 9 3 10 10.2924682665616 747
"16" 10 3 10 89.9824970401824 154
"17" 3 5 10 24.608773435466 316
"18" 4 5 10 4.20595335308462 696
"19" 5 5 10 32.7920719282702 656
"20" 6 5 10 95.4503649147227 757
"21" 7 5 10 88.9539316063747 781
"22" 8 5 10 69.28034061566 514
"23" 9 5 10 64.0506813768297 233
"24" 10 5 10 99.4269776623696 810
"25" 3 7 10 65.5705799115822 972
"26" 4 7 10 70.8530468167737 787
"27" 5 7 10 54.4066024711356 856
"28" 6 7 10 59.414202044718 546
"29" 7 7 10 28.915973729454 920
"30" 8 7 10 14.7113647311926 203
"31" 9 7 10 96.3024232536554 920
"32" 10 7 10 90.2299045119435 930
"33" 3 9 10 69.0705278422683 810
"34" 4 9 10 79.5467417687178 567
"35" 5 9 10 2.46136845089495 309
"36" 6 9 10 47.7795971091837 448
"37" 7 9 10 75.8459537522867 500
"38" 8 9 10 21.6407935833558 836
"39" 9 9 10 31.8181007634848 357
"40" 10 9 10 23.1625785352662 276
"41" 3 11 10 14.2800022382289 485
"42" 4 11 10 41.4546335814521 240
"43" 5 11 10 41.3724326295778 123
"44" 6 11 10 36.8845450924709 565
"45" 7 11 10 15.2444747742265 229
"46" 8 11 10 13.880606344901 264
"47" 9 11 10 23.3034099452198 802
"48" 10 11 10 46.5962450252846 687
"49" 3 13 10 26.5972640365362 476
"50" 4 13 10 85.7827715342864 880
"51" 5 13 10 4.58311666734517 269
"52" 6 13 10 44.2200074205175 544
"53" 7 13 10 79.8924845643342 809
"54" 8 13 10 12.189925997518 973
"55" 9 13 10 56.0947983758524 333
"56" 10 13 10 20.653138961643 521
"57" 3 15 10 12.7531650243327 607
"58" 4 15 10 75.3307864302769 979
"59" 5 15 10 89.5045359153301 163
"60" 6 15 10 37.4462775886059 179
"61" 7 15 10 66.5115194628015 582
"62" 8 15 10 9.48406609240919 647
"63" 9 15 10 38.3969637798145 574
"64" 10 15 10 27.438364457339 390
"65" 3 1 20 81.4640038879588 864
"66" 4 1 20 44.8516341391951 442
"67" 5 1 20 81.0064353048801 422
"68" 6 1 20 81.2389509519562 578
"69" 7 1 20 79.4342321110889 659
"70" 8 1 20 43.9831687603146 549
"71" 9 1 20 75.4475158639252 210
"72" 10 1 20 62.9221131559461 890
"73" 3 3 20 71.0182401351631 416
"74" 4 3 20 0.0624773325398564 906
"75" 5 3 20 47.5316574098542 321
"76" 6 3 20 22.0118885161355 386
"77" 7 3 20 37.9816537722945 833
"78" 8 3 20 61.2771003274247 684
"79" 9 3 20 35.1797909243032 391
"80" 10 3 20 11.1135424347594 325
"81" 3 5 20 24.3619472719729 889
"82" 4 5 20 66.805558744818 989
"83" 5 5 20 41.7646779678762 783
"84" 6 5 20 78.8195834029466 396
"85" 7 5 20 10.2864644257352 959
"86" 8 5 20 43.4892741497606 704
"87" 9 5 20 98.4956979984418 736
"88" 10 5 20 89.3051114398986 910
"89" 3 7 20 88.6469060787931 138
"90" 4 7 20 17.5052650272846 336
"91" 5 7 20 13.0695691565052 264
"92" 6 7 20 65.3101925039664 718
"93" 7 7 20 34.3516472261399 132
"94" 8 7 20 65.6758127966896 182
"95" 9 7 20 32.0373242488131 495
"96" 10 7 20 18.7691119266674 965
"97" 3 9 20 78.2294301316142 376
"98" 4 9 20 9.35949867125601 308
"99" 5 9 20 46.677904156968 175
"100" 6 9 20 51.1505459900945 193
"101" 7 9 20 59.998895926401 902
"102" 8 9 20 33.2823540316895 129
"103" 9 9 20 48.8613033667207 316
"104" 10 9 20 95.4473827499896 274
"105" 3 11 20 48.29023971688 473
"106" 4 11 20 89.0350222121924 422
"107" 5 11 20 91.4438186911866 214
"108" 6 11 20 60.8734982321039 476
"109" 7 11 20 41.0689776530489 949
"110" 8 11 20 14.7094690939412 707
"111" 9 11 20 93.5299803270027 564
"112" 10 11 20 30.1228899974376 457
"113" 3 13 20 6.07205715496093 781
"114" 4 13 20 94.7726940037683 523
"115" 5 13 20 72.0596273429692 195
"116" 6 13 20 14.2294295597821 637
"117" 7 13 20 54.9284656066447 496
"118" 8 13 20 95.409123855643 503
"119" 9 13 20 58.5483353119344 841
"120" 10 13 20 40.4510281747207 247
"121" 3 15 20 64.789347932674 961
"122" 4 15 20 31.9820617092773 491
"123" 5 15 20 30.7720010867342 813
"124" 6 15 20 21.9767631264403 692
"125" 7 15 20 36.9488865835592 546
"126" 8 15 20 98.4219203470275 437
"127" 9 15 20 15.4202300822362 843
"128" 10 15 20 9.10439998842776 342
"129" 3 1 30 14.1906907781959 205
"130" 4 1 30 69.0007101511583 986
"131" 5 1 30 61.9256483390927 110
"132" 6 1 30 89.1394117148593 724
"133" 7 1 30 67.2999092610553 463
"134" 8 1 30 73.7077737925574 485
"135" 9 1 30 52.1135725779459 502
"136" 10 1 30 65.983844967559 560
"137" 3 3 30 82.1805460145697 240
"138" 4 3 30 78.6281551700085 130
"139" 5 3 30 97.9821917368099 214
"140" 6 3 30 43.9431536244228 889
"141" 7 3 30 31.170220207423 193
"142" 8 3 30 40.9474952612072 813
"143" 9 3 30 1.04671118315309 115
"144" 10 3 30 18.384952400811 808
"145" 3 5 30 84.2729318886995 519
"146" 4 5 30 23.1161782052368 277
"147" 5 5 30 23.9099955651909 516
"148" 6 5 30 7.66911653336138 563
"149" 7 5 30 24.5723678031936 511
"150" 8 5 30 73.213520552963 276
"151" 9 5 30 84.7453165100887 623
"152" 10 5 30 49.7527267085388 536
"153" 3 7 30 38.7909029843286 677
"154" 4 7 30 24.6448994148523 661
"155" 5 7 30 11.1096461303532 303
"156" 6 7 30 38.9994435245171 274
"157" 7 7 30 57.1935313986614 472
"158" 8 7 30 21.6892762808129 745
"159" 9 7 30 44.476800202392 563
"160" 10 7 30 21.799066872336 483
"161" 3 9 30 50.2299563260749 221
"162" 4 9 30 35.3904571849853 498
"163" 5 9 30 64.998515881598 502
"164" 6 9 30 37.4713956611231 414
"165" 7 9 30 35.5445380788296 358
"166" 8 9 30 53.3687945455313 593
"167" 9 9 30 74.0334360394627 964
"168" 10 9 30 22.1102937823161 859
"169" 3 11 30 41.274611861445 388
"170" 4 11 30 26.5686686849222 147
"171" 5 11 30 62.9973053466529 430
"172" 6 11 30 18.3828490786254 199
"173" 7 11 30 86.364411143586 207
"174" 8 11 30 74.6568004135042 400
"175" 9 11 30 66.8284649727866 109
"176" 10 11 30 61.8017873261124 269
"177" 3 13 30 37.2238060226664 379
"178" 4 13 30 52.9835685854778 447
"179" 5 13 30 87.4682342866436 501
"180" 6 13 30 58.1750099780038 308
"181" 7 13 30 83.9767764788121 567
"182" 8 13 30 31.2448164913803 926
"183" 9 13 30 70.829032221809 748
"184" 10 13 30 26.5017806086689 408
"185" 3 15 30 59.4343194039539 494
"186" 4 15 30 48.1289800489321 207
"187" 5 15 30 26.503273146227 107
"188" 6 15 30 56.4590434776619 725
"189" 7 15 30 91.3188223028556 360
"190" 8 15 30 90.1874389499426 640
"191" 9 15 30 27.4166621500626 405
"192" 10 15 30 32.1482756407931 425
"193" 3 1 50 98.5640884377062 173
"194" 4 1 50 61.9993310188875 381
"195" 5 1 50 93.7314089154825 684
"196" 6 1 50 46.6532702324912 366
"197" 7 1 50 40.6832593260333 986
"198" 8 1 50 65.9230324206874 361
"199" 9 1 50 15.2346616843715 835
"200" 10 1 50 57.2867058217525 303
"201" 3 3 50 23.8726026844233 822
"202" 4 3 50 96.2358936434612 318
"203" 5 3 50 60.1365725975484 795
"204" 6 3 50 51.5029727248475 451
"205" 7 3 50 40.2573342202231 766
"206" 8 3 50 88.0246541230008 218
"207" 9 3 50 36.4091864787042 551
"208" 10 3 50 28.8239280693233 955
"209" 3 5 50 17.0645235106349 678
"210" 4 5 50 17.2171746380627 721
"211" 5 5 50 48.204260552302 745
"212" 6 5 50 25.2964928513393 135
"213" 7 5 50 21.625478961505 154
"214" 8 5 50 67.4376388080418 589
"215" 9 5 50 4.76636274252087 339
"216" 10 5 50 70.0853087473661 990
"217" 3 7 50 35.1888638455421 731
"218" 4 7 50 40.8943997928873 961
"219" 5 7 50 82.0951323956251 403
"220" 6 7 50 91.8857348151505 109
"221" 7 7 50 28.2528330106288 764
"222" 8 7 50 96.1104793706909 521
"223" 9 7 50 72.8394428268075 711
"224" 10 7 50 68.6375082004815 204
"225" 3 9 50 5.28439427725971 892
"226" 4 9 50 39.5220134640113 487
"227" 5 9 50 47.7845379849896 562
"228" 6 9 50 56.025326368399 279
"229" 7 9 50 69.8261594865471 377
"230" 8 9 50 91.5683538420126 472
"231" 9 9 50 61.8351227371022 340
"232" 10 9 50 42.8421508753672 123
"233" 3 11 50 54.208036721684 778
"234" 4 11 50 5.8478488586843 658
"235" 5 11 50 26.0856857057661 802
"236" 6 11 50 39.7151953307912 136
"237" 7 11 50 19.7744736680761 785
"238" 8 11 50 83.192756283097 665
"239" 9 11 50 15.2887222822756 402
"240" 10 11 50 80.3418542025611 818
"241" 3 13 50 54.6826156554744 118
"242" 4 13 50 66.2317642010748 811
"243" 5 13 50 17.1698493883014 770
"244" 6 13 50 63.3055359823629 477
"245" 7 13 50 31.1869746772572 648
"246" 8 13 50 72.4554346408695 714
"247" 9 13 50 39.8939824663103 343
"248" 10 13 50 96.9356411136687 147
"249" 3 15 50 96.7398370616138 287
"250" 4 15 50 72.6702539017424 563
"251" 5 15 50 25.7216746453196 492
"252" 6 15 50 22.1787934657186 238
"253" 7 15 50 59.3045651679859 398
"254" 8 15 50 26.7521432135254 470
"255" 9 15 50 53.1070398865268 769
"256" 10 15 50 78.5291671287268 288
"257" 3 1 100 16.8060810538009 410
"258" 4 1 100 40.4399181017652 288
"259" 5 1 100 47.1576277632266 517
"260" 6 1 100 86.8106806883588 668
"261" 7 1 100 92.57079558447 481
"262" 8 1 100 88.197755930014 137
"263" 9 1 100 67.4186842516065 183
"264" 10 1 100 95.0166979338974 418
"265" 3 3 100 51.6444894252345 785
"266" 4 3 100 57.6519021298736 945
"267" 5 3 100 33.6331205908209 937
"268" 6 3 100 34.732463140972 501
"269" 7 3 100 2.00243005529046 741
"270" 8 3 100 50.2813045633957 219
"271" 9 3 100 87.1043413644657 811
"272" 10 3 100 0.630078394897282 430
"273" 3 5 100 7.20571239944547 632
"274" 4 5 100 16.4211224997416 540
"275" 5 5 100 77.0334074273705 298
"276" 6 5 100 73.5184305813164 598
"277" 7 5 100 97.1875635674223 698
"278" 8 5 100 46.6472376836464 171
"279" 9 5 100 7.43845133110881 414
"280" 10 5 100 64.8818124318495 813
"281" 3 7 100 75.8593169506639 776
"282" 4 7 100 13.7106081005186 180
"283" 5 7 100 39.6584594622254 154
"284" 6 7 100 22.4985329201445 233
"285" 7 7 100 5.79585605300963 523
"286" 8 7 100 39.5892688306049 855
"287" 9 7 100 6.49282999802381 105
"288" 10 7 100 22.5886432919651 227
"289" 3 9 100 5.462910910137 978
"290" 4 9 100 67.0282039558515 767
"291" 5 9 100 29.7741782618687 899
"292" 6 9 100 10.0721582304686 148
"293" 7 9 100 7.19040972180665 838
"294" 8 9 100 88.0440568784252 575
"295" 9 9 100 75.4247402073815 338
"296" 10 9 100 81.6605887608603 439
"297" 3 11 100 98.2140373671427 292
"298" 4 11 100 10.3599644964561 808
"299" 5 11 100 9.90418293513358 558
"300" 6 11 100 79.8831611173227 402
"301" 7 11 100 78.4575266530737 247
"302" 8 11 100 0.942990509793162 997
"303" 9 11 100 77.9065882787108 289
"304" 10 11 100 72.9390651918948 723
"305" 3 13 100 63.0131852813065 290
"306" 4 13 100 48.0910829966888 545
"307" 5 13 100 15.663685137406 218
"308" 6 13 100 0.821551983244717 726
"309" 7 13 100 45.2458394225687 621
"310" 8 13 100 49.2293328745291 726
"311" 9 13 100 38.9587111538276 158
"312" 10 13 100 46.4665941894054 916
"313" 3 15 100 71.3279000716284 160
"314" 4 15 100 5.53019263315946 521
"315" 5 15 100 35.4783097514883 207
"316" 6 15 100 80.2812272915617 391
"317" 7 15 100 83.5708837024868 472
"318" 8 15 100 23.7749404972419 634
"319" 9 15 100 35.3986102622002 214
"320" 10 15 100 85.6885420158505 699
