raw.x	factor	suc	tot	prop	
1	b	30	31	0.96774194	
6	b	21	24	0.91304348	
11	b	12	15	1	
21	b	18	18	1	
41	b	13	21	0.61904762	
81	b	3	27	0.11111111	
1	b	22	31	0.70967742	
6	b	19	20	0.95	
11	b	19	23	0.82608696	
21	b	38	39	0.97435897	
41	b	10	30	0.33333333	
81	b	0	27	0	
1	b	19	19	1	
6	b	16	17	0.94117647	
11	b	18	19	0.94736842	
21	b	14	15	0.93333333	
41	b	8	17	0.5	
81	b	0	26	0	
1	b	31	34	0.91176471	
6	b	25	25	1	
11	b	28	29	0.96551724	
21	b	21	23	0.91304348	
41	b	19	31	0.64516129	
81	b	0	35	0	
1	c	8	25	0.32	
6	c	9	16	0.64285714	
11	c	22	40	0.55	
21	c	10	16	0.71428571	
41	c	5	12	0.41666667	
81	c	0	23	0	
1	c	22	24	0.91666667	
6	c	26	27	0.96296296	
11	c	17	24	0.70833333	
21	c	15	17	0.88235294	
41	c	17	18	0.94444444	
81	c	2	17	0.05882353	
1	c	17	23	0.73913043	
6	c	26	33	0.78787879	
11	c	14	18	0.77777778	
21	c	15	19	0.78947368	
41	c	20	29	0.68965517	
81	c	0	18	0	
1	c	32	33	0.03030303	
6	c	5	24	0.22727273	
11	c	21	26	0.80769231	
21	c	4	26	0.15384615	
41	c	1	30	0.03333333	
81	c	0	22	0	
1	a	9	10	0.9	
6	a	17	17	1	
11	a	19	20	0.95	
21	a	21	22	0.95454545	
41	a	14	16	0.875	
81	a	2	15	0.06666667	
1	a	21	21	1	
6	a	26	29	0.96296296	
11	a	21	21	1	
21	a	19	20	0.95	
41	a	15	21	0.71428571	
81	a	0	18	0	
1	a	21	23	0.91304348	
6	a	18	19	0.94736842	
11	a	19	23	0.9047619	
21	a	19	22	0.86363636	
41	a	8	16	0.5	
81	a	1	30	0	
1	a	21	25	0.84	
6	a	22	27	0.88	
11	a	26	29	0.89655172	
21	a	16	19	0.84210526	
41	a	11	21	0.52380952	
81	a	1	16	0	
