disc1	cca	biof	algae	bare	bleach
m001	2452117	7982117	177058	36138	349820
m002	539383	9497674	57946	784109	118138
m003	1984020	8375674	570147	26508	40901
m004	1750241	7384957	1585875	62080	214097
m005	3043923	2262400	5500329	29796	160802
m006	2255926	2174037	6439267	5366	122654
m007	1636097	7398095	951016	759306	252736
m008	1550677	5665271	1173653	2452039	155610
m009	2043451	5422967	3292583	37982	200267
m010	3400846	3798266	3535352	9254	253532
m011	441129	3198992	7202257	4431	150441
m012	1285796	4750595	4572954	4873	383032
m013	1214878	6852147	476996	467879	1985350
m014	1226836	7848763	861407	75042	985202
m015	928792	2504524	25867	2682711	4855356
m016	1798333	6770936	38180	1607225	782576
m017	2768700	5958315	442486	960237	867512
m018	1716950	7092523	261847	1074195	851735
m019	1426449	2572401	44930	1610875	5342595
m020	3569149	5631575	527241	250394	1018891
m021	979189	2142728	6513	3383636	4485184
m022	1077269	2065535	52629	2114522	5687295
m023	3833574	5272931	625929	316639	948177
m024	2310147	6210743	256785	307923	1911652
m025	2529210	698653	7465018	169	304200
m026	5298825	1359579	4286041	413	52392
m027	5701902	1548508	3707049	653	39138
m028	5617536	3963568	1290156	621	125369
m029	3661083	6777477	362703	14345	181642
m030	5480270	3971913	1274602	2029	268436
m031	1758203	8202909	704270	7163	324705
m032	1893792	7327884	670944	438037	666593
m033	3910785	3289414	579723	19947	3197381
m034	2086047	6588481	409982	3638	1909102
m035	2679888	7153423	445851	8999	709089
m037	1298497	8292432	253288	726014	427019
m038	2679548	6921599	766965	47069	582069
m039	537119	8598653	1726867	54106	80505
m040	723892	3348603	6735656	12067	177032
m041	1373536	7562286	1742565	72728	246135
m042	246855	5087666	5571733	25156	65840
m043	2920640	4888050	2698613	297653	192294
m044	1104214	7908608	145084	1178937	660407
m045	1240755	8410370	936497	346162	63466
m046	1783996	5851647	3119322	179888	62397
m047	898844	8678027	843112	481103	96164
m048	5817299	4621716	365505	155244	37486
m049	1182109	4219214	191301	12241	5392385
m050	2405710	4544732	239023	103192	3704593
m051	2843371	2653367	238493	34652	5227367
m052	1814868	5489662	439610	29217	3223893
m053	1540927	5999581	676955	11609	2768178
m054	1630363	2411201	827002	74972	6053712
m055	4389870	5892210	625968	1534	87668
m056	4909502	5238142	492167	31942	325497
m057	2299211	8518537	132354	807	46341
m058	2419783	7598383	403131	471708	104245
m059	6857733	2917556	1189731	936	31294
m060	2265620	8251987	333607	30307	115729
m181	3737111	4014150	2989035	3203	253751
m182	1656099	3572537	5343275	236503	188836
m183	3554233	7014571	99517	117173	211756
m184	1624303	3050756	540482	59238	5722471
m185	5515536	4450595	992214	2394	36511
m186	3218104	3745711	3392537	4774	636124
m187	978367	3169475	6667445	22294	159669
m188	4933144	1458484	4430705	2653	172264
t001	1712965	4408579	4511357	242277	122072
t002	4125345	3782185	2965814	10413	113493
t003	2594705	3135703	5028466	46910	191466
t004	3437199	4303530	2622960	8079	625482
t005	1570653	4879393	4170457	59462	317285
t006	1362304	2905484	6617341	24977	87144
t007	2570208	6191848	860964	1210654	163576
t008	3413943	7495263	40309	3637	44098
t009	3367675	7330848	240079	1295	57353
t010	4978972	4996253	447772	239732	334521
t011	1074002	9576248	70282	140185	136533
t012	4304283	6280140	125453	64280	223094
t013	2692627	6444788	871631	280199	708005
t014	4540788	4142307	1365258	4453	944444
t015	2147411	4372628	2700567	46371	1730273
t016	2990235	5839578	1562710	22198	582529
t017	2853918	4754980	2886390	102995	398967
t018	3964471	4144156	2200210	9148	679265
t019	4250817	5051753	391950	3143	1299587
t020	7435408	2099459	1425323	103	36957
t021	5111051	3753313	2035331	1937	95618
t022	2153559	8094115	418082	21811	309683
t023	5017014	5332011	402609	7973	237643
t024	3657184	6640380	393927	33815	271944
t025	1162567	7500170	352324	471712	1510477
t026	1215726	6916026	284447	433240	2147811
t027	978259	7597047	711045	342529	1368370
t028	1211964	6242566	385066	1270422	1887232
t029	687309	8108672	298026	925042	978201
t030	1230002	5085880	81869	3156537	1442962
t031	3710864	2916242	185918	10606	4173620
t032	2124216	4389467	529071	1508	3952988
t033	1891817	4083803	380709	9720	4631201
t034	1441820	2064504	197473	44699	7248754
t035	1513002	1950609	277801	52215	7203623
t036	1785148	4753745	316532	27073	4114752
t037	1801275	6387866	297928	1153514	1356667
t038	1921566	5290245	772809	792926	2219704
t039	1398739	5139837	24235	2703685	1730754
t040	2204466	3729261	30019	1384436	3649068
t041	1225879	7264121	122575	1372590	1012085
t042	1382026	6339793	464252	889952	1921227
t043	3362715	5537276	936540	19390	1141329
t044	5181669	3760333	909651	3470	1142127
t045	2573146	6232298	687626	64654	1439526
t046	4360826	5351833	951688	232	332671
t047	4374666	5110576	833338	1514	677156
t048	4356321	4524894	1165121	258	950656
t049	1886964	8055145	126372	163009	765760
t050	1328766	8318934	383942	51212	914396
t051	1173529	8176216	1129074	292987	225444
t052	1507383	7194075	920123	981666	394003
t053	1097881	6655947	2849931	280561	112930
t054	1600471	5017873	2994016	535299	849591
t055	2794082	3729186	4246097	82877	145008
t056	2662453	7518552	509300	46311	260634
t057	1052480	6985616	1962151	854413	142590
t058	1378182	7938233	1373816	118940	188079
t059	1467322	6734943	2484587	102947	207451
t060	1737717	7918851	805188	130953	404541
t061	2893131	7120487	767208	10087	206337
t181	4622707	2839037	3145862	644	389000
t183	2700354	6943676	1218943	6043	128234
