recruit	Ys	a	B	ETRm	Ek	Em	tank	dli	spectra
m39.1	-44.04	0.296	-0.3772	22.67716283	76.61203659	228.5111073	2	8.72	whi
m39.2	-38.03	0.3766	-0.4332	24.3488931	64.65452231	205.5185763	2	8.72	whi
m39.3	-31.61	0.3733	-0.4173	21.6909162	58.10585641	190.4911706	2	8.72	whi
m37.1	-25.81	0.3503	-0.3957	17.2581756	49.26684442	159.527185	2	8.72	whi
m37.2	-35.8	0.369	-0.411	24.79232187	67.18786414	221.2928584	2	8.72	whi
m45.1	-41	0.36	-0.3724	35.25185604	97.92182232	387.4809861	3	2.86	yel
m45.2	-25.15	0.5725	-0.5859	22.49505888	39.29267926	165.9633968	3	2.86	yel
m48.1	-20.31	0.3799	-0.3862	18.66056321	49.11967151	220.03689	3	2.86	yel
m54.1	-35.11	0.3369	-0.3466	30.78844708	91.38749504	372.6772253	4	0.87	yel
m54.2	-31.58	0.4039	-0.4221	26.22692223	64.93419716	245.8080129	4	0.87	yel
m54.3	-26.46	0.4009	-0.4135	22.98795236	57.34086395	230.4086309	4	0.87	yel
m184.1	-18.01	0.4325	-0.4429	16.07001441	37.15610267	156.2201227	4	0.87	yel
m184.2	-26.83	0.2945	-0.3012	24.0574479	81.68912701	346.7098295	4	0.87	yel
m184.3	-28.33	0.3767	-0.387	24.97295353	66.29400989	272.7171091	4	0.87	yel
m56.1	-17.94	0.4416	-0.4491	16.45597562	37.26443755	166.2514165	5	0.29	whi
m56.2	-17.39	0.5972	-0.6127	15.40722458	25.79910345	107.0724138	5	0.29	whi
m56.3	-16.74	0.425	-0.4351	14.95262387	35.18264441	148.2195233	5	0.29	whi
m57.1	-58.54	0.301	-0.5261	17.7511906	58.97405516	165.1074142	5	0.29	whi
m57.2	-23.37	0.2808	-0.3076	16.90112303	60.18918457	203.1058029	5	0.29	whi
m57.3	-19.06	0.4018	-0.4073	17.72667338	44.11815177	204.2048896	5	0.29	whi
m1.1	-38.58	0.3585	-0.3867	29.10916291	81.19710715	281.7714482	6	8.67	yel
m1.2	-27.9	0.3736	-0.4113	19.91251633	53.29902657	178.4571509	6	8.67	yel
m1.3	-26.09	0.4875	-0.5071	22.00654044	45.14162141	174.1034485	6	8.67	yel
m186.1	-22.25	0.5555	-0.5638	20.58332294	37.05368665	168.9655813	6	8.67	yel
m7.1	-38.58	0.362	-0.389	29.42438075	81.28281976	284.3135491	7	2.94	whi
m7.2	-37.09	0.4869	-0.542	25.72419489	52.83260401	174.1467509	7	2.94	whi
m8.1	-18.28	0.2835	-0.2789	na	na	na	7	2.94	whi
m8.2	-15.12	0.4323	-0.4305	na	na	na	7	2.94	whi
m8.3	-15.71	0.4052	-0.3971	na	na	na	7	2.94	whi
m9.1	-11.85	0.4515	-0.4544	11.3982706	25.24533908	132.6535227	7	2.94	whi
m9.2	-15.78	0.3637	-0.3696	14.52008174	39.92323823	179.5140518	7	2.94	whi
m17.1	-19.03	0.491	-0.4949	18.16749948	37.00101726	187.717934	8	0.01	yel
m17.2	3.894	1.528	0.06266	3.275992092	2.143973882	8.24208173	8	0.01	yel
m17.3	-18.42	0.4775	-0.4872	16.67257524	34.91638793	151.0844596	8	0.01	yel
m23.1	2.714	1.396	0.04349	2.360147969	1.690650408	6.803494737	8	0.01	yel
m23.2	3.283	1.374	0.007303	3.175902924	2.31142862	12.52628725	8	0.01	yel
m23.3	-15.54	0.2756	-0.3127	10.27972791	37.29944814	120.194079	8	0.01	yel
m26.1	-18.01	0.392	-0.4208	13.77702619	35.14547496	123.2114764	10	0.29	yel
m26.2	-22.29	0.2685	-0.289	16.92073663	63.01950328	219.662496	10	0.29	yel
m26.3	8.682	0.4486	0.08003	5.260871619	11.72731079	36.53730848	10	0.29	yel
m29.1	14.4	0.4653	-0.005395	na	na	na	10	0.29	yel
m29.2	-12.86	0.4226	-0.4244	12.51093516	29.60467383	166.2393802	10	0.29	yel
m29.3	-16.45	0.4202	-0.4197	na	na	na	10	0.29	yel
m188.1	-28.75	0.366	-0.4132	19.2507875	52.59778007	170.4213471	10	0.29	yel
m188.2	-17.37	0.4619	-0.4872	14.00486264	30.32011829	111.2323175	10	0.29	yel
m188.3	-17.79	0.4509	-0.4744	14.45751087	32.06367457	118.5625351	10	0.29	yel
m17.1	-19.03	0.491	-0.4949	18.16749948	37.00101726	187.717934	8	0.01	whi
m17.2	3.894	1.528	0.06266	3.275992092	2.143973882	8.24208173	8	0.01	whi
m17.3	-18.42	0.4775	-0.4872	16.67257524	34.91638793	151.0844596	8	0.01	whi
m23.1	2.714	1.396	0.04349	2.360147969	1.690650408	6.803494737	8	0.01	whi
m23.2	3.283	1.374	0.007303	3.175902924	2.31142862	12.52628725	8	0.01	whi
m23.3	-15.54	0.2756	-0.3127	10.27972791	37.29944814	120.194079	8	0.01	whi
