tank	disc	rep	Ys	alpha	beta	ETRmax	Ek	Em
t1	d044	1	-16.98	0.24	-0.2471	14.84807285	61.8669702	251.1411568
t1	d044	2	-17.73	0.2123	-0.224	14.28089343	67.26751498	246.5377971
t2	d184	1	-24.98	0.2919	-0.2932	24.27628944	83.16645919	463.6995472
t2	d184	2	-21.26	0.2695	-0.2699	21.02422745	78.01197568	513.8957932
t3	d060	1	-15.65	0.1343	-0.1593	9.346700256	69.59568322	215.8037572
t3	d060	2	-16.57	0.2148	-0.2176	15.45448346	71.94824701	335.8000831
t4	d035	1	-2369213538	0.02548	-6631732	3.348745847	131.4264461	357.2541203
t4	d035	2	8.204	0.09674	0.004273	6.832516285	70.62762338	268.2313713
t5	d058	1	11.49	0.09857	0.03063	5.604690101	56.85999899	167.784269
t5	d058	2	-4.579	0.2207	-0.2346	3.605346724	16.3359616	58.63263429
t6	d002	1	-14.9	0.1051	-0.1107	12.06672131	114.8118107	423.0490286
t6	d002	2	-4613127296	0.1408	-10983661	21.60793	153.4654119	419.9990592
t7	d007	1	-468623	0.1164	-2063	9.727362994	83.5684106	227.162492
t7	d007	2	-7.812	0.1309	-0.1448	5.506303614	42.06496267	139.8559646
t8	d028	1	-63736954	0.04387	-2694831	0.38170946	8.700922279	23.65155907
t8	d028	2	369587	0.02656	15051	0.23992999	9.033508674	24.55562248
t8	d038	1	14690115275	0.01754	308365973	0.307393331	17.52527543	47.63860356
t8	d038	2	0.8355	7.334	0.02644	0.815774898	0.11123192	0.641263564
t8	d024	1	1.007	0.2274	0.04806	0.574782206	2.527626236	7.731812412
t10	d027	1	3.013	0.3322	0.007564	2.701448095	8.131993061	34.50938106
t10	d027	2	-9.469	0.1416	-0.1713	5.419925162	38.27630764	117.176826
