10.0	20.0	30.0	40.0	50.0	60.0	70.0	80.0	90.0	100.0	110.0	120.0	130.0	140.0	150.0
172	174	150	148	156	158	150	149	144	145	143	150	138	123	138
220	220	200	195	190	191	170	162	150	157	153	153	146	138	155
280	287	273	291	290	287	270	251	248	247	235	227	210	206	201
285	345	361	353	361	372	350	338	340	350	337	320	296	290	285
320	359	362	390	401	415	412	400	400	413	410	393	372	380	362
310	348	360	379	393	410	405	399	399	412	405	392	396	404	392
300	305	311	322	356	350	338	332	333	356	360	352	343	362	356
235	236	237	242	260	270	272	273	270	277	285	280	272	283	288
187	180	176	186	196	202	198	197	209	209	209	207	206	220	227
151	170	191	209	224	222	218	220	217	224	230	212	195	207	160
