log.ssc	log.sperm	prediction	ssc	sperm
-1	0	1.08E-06	0.1	1
-0.9	0	1.19E-06	0.125892541	1
-0.8	0	1.31E-06	0.158489319	1
-0.7	0	1.43E-06	0.199526231	1
-0.6	0	1.57E-06	0.251188643	1
-0.5	0	1.73E-06	0.316227766	1
-0.4	0	1.90E-06	0.398107171	1
-0.3	0	2.08E-06	0.501187234	1
-0.2	0	2.29E-06	0.630957344	1
-0.1	0	2.51E-06	0.794328235	1
0	0	2.76E-06	1	1
0.1	0	3.03E-06	1.258925412	1
0.2	0	3.32E-06	1.584893192	1
0.3	0	3.65E-06	1.995262315	1
0.4	0	4.00E-06	2.511886432	1
0.5	0	4.39E-06	3.16227766	1
0.6	0	4.82E-06	3.981071706	1
0.7	0	5.30E-06	5.011872336	1
0.8	0	5.81E-06	6.309573445	1
0.9	0	6.38E-06	7.943282347	1
1	0	7.01E-06	10	1
1.1	0	7.69E-06	12.58925412	1
1.2	0	8.44E-06	15.84893192	1
1.3	0	9.27E-06	19.95262315	1
1.4	0	1.02E-05	25.11886432	1
1.5	0	1.12E-05	31.6227766	1
1.6	0	1.23E-05	39.81071706	1
1.7	0	1.35E-05	50.11872336	1
1.8	0	1.48E-05	63.09573445	1
1.9	0	1.62E-05	79.43282347	1
2	0	1.78E-05	100	1
2.1	0	1.96E-05	125.8925412	1
2.2	0	2.15E-05	158.4893192	1
2.3	0	2.36E-05	199.5262315	1
2.4	0	2.59E-05	251.1886432	1
2.5	0	2.84E-05	316.227766	1
2.6	0	3.12E-05	398.1071706	1
-1	0.1	1.59E-06	0.1	1.258925412
-0.9	0.1	1.72E-06	0.125892541	1.258925412
-0.8	0.1	1.87E-06	0.158489319	1.258925412
-0.7	0.1	2.04E-06	0.199526231	1.258925412
-0.6	0.1	2.22E-06	0.251188643	1.258925412
-0.5	0.1	2.41E-06	0.316227766	1.258925412
-0.4	0.1	2.62E-06	0.398107171	1.258925412
-0.3	0.1	2.85E-06	0.501187234	1.258925412
-0.2	0.1	3.10E-06	0.630957344	1.258925412
-0.1	0.1	3.37E-06	0.794328235	1.258925412
0	0.1	3.67E-06	1	1.258925412
0.1	0.1	3.99E-06	1.258925412	1.258925412
0.2	0.1	4.34E-06	1.584893192	1.258925412
0.3	0.1	4.71E-06	1.995262315	1.258925412
0.4	0.1	5.13E-06	2.511886432	1.258925412
0.5	0.1	5.58E-06	3.16227766	1.258925412
0.6	0.1	6.06E-06	3.981071706	1.258925412
0.7	0.1	6.59E-06	5.011872336	1.258925412
0.8	0.1	7.17E-06	6.309573445	1.258925412
0.9	0.1	7.80E-06	7.943282347	1.258925412
1	0.1	8.48E-06	10	1.258925412
1.1	0.1	9.22E-06	12.58925412	1.258925412
1.2	0.1	1.00E-05	15.84893192	1.258925412
1.3	0.1	1.09E-05	19.95262315	1.258925412
1.4	0.1	1.19E-05	25.11886432	1.258925412
1.5	0.1	1.29E-05	31.6227766	1.258925412
1.6	0.1	1.40E-05	39.81071706	1.258925412
1.7	0.1	1.52E-05	50.11872336	1.258925412
1.8	0.1	1.66E-05	63.09573445	1.258925412
1.9	0.1	1.80E-05	79.43282347	1.258925412
2	0.1	1.96E-05	100	1.258925412
2.1	0.1	2.13E-05	125.8925412	1.258925412
2.2	0.1	2.32E-05	158.4893192	1.258925412
2.3	0.1	2.52E-05	199.5262315	1.258925412
2.4	0.1	2.74E-05	251.1886432	1.258925412
2.5	0.1	2.98E-05	316.227766	1.258925412
2.6	0.1	3.24E-05	398.1071706	1.258925412
-1	0.2	2.32E-06	0.1	1.584893192
-0.9	0.2	2.50E-06	0.125892541	1.584893192
-0.8	0.2	2.69E-06	0.158489319	1.584893192
-0.7	0.2	2.90E-06	0.199526231	1.584893192
-0.6	0.2	3.12E-06	0.251188643	1.584893192
-0.5	0.2	3.36E-06	0.316227766	1.584893192
-0.4	0.2	3.62E-06	0.398107171	1.584893192
-0.3	0.2	3.90E-06	0.501187234	1.584893192
-0.2	0.2	4.20E-06	0.630957344	1.584893192
-0.1	0.2	4.53E-06	0.794328235	1.584893192
0	0.2	4.88E-06	1	1.584893192
0.1	0.2	5.25E-06	1.258925412	1.584893192
0.2	0.2	5.66E-06	1.584893192	1.584893192
0.3	0.2	6.10E-06	1.995262315	1.584893192
0.4	0.2	6.57E-06	2.511886432	1.584893192
0.5	0.2	7.07E-06	3.16227766	1.584893192
0.6	0.2	7.62E-06	3.981071706	1.584893192
0.7	0.2	8.21E-06	5.011872336	1.584893192
0.8	0.2	8.84E-06	6.309573445	1.584893192
0.9	0.2	9.53E-06	7.943282347	1.584893192
1	0.2	1.03E-05	10	1.584893192
1.1	0.2	1.11E-05	12.58925412	1.584893192
1.2	0.2	1.19E-05	15.84893192	1.584893192
1.3	0.2	1.28E-05	19.95262315	1.584893192
1.4	0.2	1.38E-05	25.11886432	1.584893192
1.5	0.2	1.49E-05	31.6227766	1.584893192
1.6	0.2	1.60E-05	39.81071706	1.584893192
1.7	0.2	1.73E-05	50.11872336	1.584893192
1.8	0.2	1.86E-05	63.09573445	1.584893192
1.9	0.2	2.00E-05	79.43282347	1.584893192
2	0.2	2.16E-05	100	1.584893192
2.1	0.2	2.33E-05	125.8925412	1.584893192
2.2	0.2	2.51E-05	158.4893192	1.584893192
2.3	0.2	2.70E-05	199.5262315	1.584893192
2.4	0.2	2.91E-05	251.1886432	1.584893192
2.5	0.2	3.13E-05	316.227766	1.584893192
2.6	0.2	3.37E-05	398.1071706	1.584893192
-1	0.3	3.39E-06	0.1	1.995262315
-0.9	0.3	3.62E-06	0.125892541	1.995262315
-0.8	0.3	3.86E-06	0.158489319	1.995262315
-0.7	0.3	4.12E-06	0.199526231	1.995262315
-0.6	0.3	4.39E-06	0.251188643	1.995262315
-0.5	0.3	4.69E-06	0.316227766	1.995262315
-0.4	0.3	5.00E-06	0.398107171	1.995262315
-0.3	0.3	5.34E-06	0.501187234	1.995262315
-0.2	0.3	5.70E-06	0.630957344	1.995262315
-0.1	0.3	6.08E-06	0.794328235	1.995262315
0	0.3	6.49E-06	1	1.995262315
0.1	0.3	6.92E-06	1.258925412	1.995262315
0.2	0.3	7.39E-06	1.584893192	1.995262315
0.3	0.3	7.88E-06	1.995262315	1.995262315
0.4	0.3	8.41E-06	2.511886432	1.995262315
0.5	0.3	8.98E-06	3.16227766	1.995262315
0.6	0.3	9.58E-06	3.981071706	1.995262315
0.7	0.3	1.02E-05	5.011872336	1.995262315
0.8	0.3	1.09E-05	6.309573445	1.995262315
0.9	0.3	1.16E-05	7.943282347	1.995262315
1	0.3	1.24E-05	10	1.995262315
1.1	0.3	1.32E-05	12.58925412	1.995262315
1.2	0.3	1.41E-05	15.84893192	1.995262315
1.3	0.3	1.51E-05	19.95262315	1.995262315
1.4	0.3	1.61E-05	25.11886432	1.995262315
1.5	0.3	1.72E-05	31.6227766	1.995262315
1.6	0.3	1.83E-05	39.81071706	1.995262315
1.7	0.3	1.96E-05	50.11872336	1.995262315
1.8	0.3	2.09E-05	63.09573445	1.995262315
1.9	0.3	2.23E-05	79.43282347	1.995262315
2	0.3	2.38E-05	100	1.995262315
2.1	0.3	2.54E-05	125.8925412	1.995262315
2.2	0.3	2.71E-05	158.4893192	1.995262315
2.3	0.3	2.89E-05	199.5262315	1.995262315
2.4	0.3	3.08E-05	251.1886432	1.995262315
2.5	0.3	3.29E-05	316.227766	1.995262315
2.6	0.3	3.51E-05	398.1071706	1.995262315
-1	0.4	4.96E-06	0.1	2.511886432
-0.9	0.4	5.24E-06	0.125892541	2.511886432
-0.8	0.4	5.54E-06	0.158489319	2.511886432
-0.7	0.4	5.85E-06	0.199526231	2.511886432
-0.6	0.4	6.19E-06	0.251188643	2.511886432
-0.5	0.4	6.54E-06	0.316227766	2.511886432
-0.4	0.4	6.91E-06	0.398107171	2.511886432
-0.3	0.4	7.31E-06	0.501187234	2.511886432
-0.2	0.4	7.72E-06	0.630957344	2.511886432
-0.1	0.4	8.16E-06	0.794328235	2.511886432
0	0.4	8.63E-06	1	2.511886432
0.1	0.4	9.12E-06	1.258925412	2.511886432
0.2	0.4	9.64E-06	1.584893192	2.511886432
0.3	0.4	1.02E-05	1.995262315	2.511886432
0.4	0.4	1.08E-05	2.511886432	2.511886432
0.5	0.4	1.14E-05	3.16227766	2.511886432
0.6	0.4	1.20E-05	3.981071706	2.511886432
0.7	0.4	1.27E-05	5.011872336	2.511886432
0.8	0.4	1.34E-05	6.309573445	2.511886432
0.9	0.4	1.42E-05	7.943282347	2.511886432
1	0.4	1.50E-05	10	2.511886432
1.1	0.4	1.59E-05	12.58925412	2.511886432
1.2	0.4	1.68E-05	15.84893192	2.511886432
1.3	0.4	1.77E-05	19.95262315	2.511886432
1.4	0.4	1.88E-05	25.11886432	2.511886432
1.5	0.4	1.98E-05	31.6227766	2.511886432
1.6	0.4	2.10E-05	39.81071706	2.511886432
1.7	0.4	2.22E-05	50.11872336	2.511886432
1.8	0.4	2.34E-05	63.09573445	2.511886432
1.9	0.4	2.48E-05	79.43282347	2.511886432
2	0.4	2.62E-05	100	2.511886432
2.1	0.4	2.77E-05	125.8925412	2.511886432
2.2	0.4	2.92E-05	158.4893192	2.511886432
2.3	0.4	3.09E-05	199.5262315	2.511886432
2.4	0.4	3.27E-05	251.1886432	2.511886432
2.5	0.4	3.45E-05	316.227766	2.511886432
2.6	0.4	3.65E-05	398.1071706	2.511886432
-1	0.5	7.25E-06	0.1	3.16227766
-0.9	0.5	7.59E-06	0.125892541	3.16227766
-0.8	0.5	7.94E-06	0.158489319	3.16227766
-0.7	0.5	8.32E-06	0.199526231	3.16227766
-0.6	0.5	8.71E-06	0.251188643	3.16227766
-0.5	0.5	9.12E-06	0.316227766	3.16227766
-0.4	0.5	9.55E-06	0.398107171	3.16227766
-0.3	0.5	1.00E-05	0.501187234	3.16227766
-0.2	0.5	1.05E-05	0.630957344	3.16227766
-0.1	0.5	1.10E-05	0.794328235	3.16227766
0	0.5	1.15E-05	1	3.16227766
0.1	0.5	1.20E-05	1.258925412	3.16227766
0.2	0.5	1.26E-05	1.584893192	3.16227766
0.3	0.5	1.32E-05	1.995262315	3.16227766
0.4	0.5	1.38E-05	2.511886432	3.16227766
0.5	0.5	1.44E-05	3.16227766	3.16227766
0.6	0.5	1.51E-05	3.981071706	3.16227766
0.7	0.5	1.58E-05	5.011872336	3.16227766
0.8	0.5	1.66E-05	6.309573445	3.16227766
0.9	0.5	1.74E-05	7.943282347	3.16227766
1	0.5	1.82E-05	10	3.16227766
1.1	0.5	1.90E-05	12.58925412	3.16227766
1.2	0.5	1.99E-05	15.84893192	3.16227766
1.3	0.5	2.09E-05	19.95262315	3.16227766
1.4	0.5	2.19E-05	25.11886432	3.16227766
1.5	0.5	2.29E-05	31.6227766	3.16227766
1.6	0.5	2.40E-05	39.81071706	3.16227766
1.7	0.5	2.51E-05	50.11872336	3.16227766
1.8	0.5	2.63E-05	63.09573445	3.16227766
1.9	0.5	2.75E-05	79.43282347	3.16227766
2	0.5	2.88E-05	100	3.16227766
2.1	0.5	3.02E-05	125.8925412	3.16227766
2.2	0.5	3.16E-05	158.4893192	3.16227766
2.3	0.5	3.31E-05	199.5262315	3.16227766
2.4	0.5	3.46E-05	251.1886432	3.16227766
2.5	0.5	3.62E-05	316.227766	3.16227766
2.6	0.5	3.80E-05	398.1071706	3.16227766
-1	0.6	1.06E-05	0.1	3.981071706
-0.9	0.6	1.10E-05	0.125892541	3.981071706
-0.8	0.6	1.14E-05	0.158489319	3.981071706
-0.7	0.6	1.18E-05	0.199526231	3.981071706
-0.6	0.6	1.23E-05	0.251188643	3.981071706
-0.5	0.6	1.27E-05	0.316227766	3.981071706
-0.4	0.6	1.32E-05	0.398107171	3.981071706
-0.3	0.6	1.37E-05	0.501187234	3.981071706
-0.2	0.6	1.42E-05	0.630957344	3.981071706
-0.1	0.6	1.47E-05	0.794328235	3.981071706
0	0.6	1.53E-05	1	3.981071706
0.1	0.6	1.58E-05	1.258925412	3.981071706
0.2	0.6	1.64E-05	1.584893192	3.981071706
0.3	0.6	1.70E-05	1.995262315	3.981071706
0.4	0.6	1.77E-05	2.511886432	3.981071706
0.5	0.6	1.83E-05	3.16227766	3.981071706
0.6	0.6	1.90E-05	3.981071706	3.981071706
0.7	0.6	1.97E-05	5.011872336	3.981071706
0.8	0.6	2.05E-05	6.309573445	3.981071706
0.9	0.6	2.12E-05	7.943282347	3.981071706
1	0.6	2.20E-05	10	3.981071706
1.1	0.6	2.28E-05	12.58925412	3.981071706
1.2	0.6	2.37E-05	15.84893192	3.981071706
1.3	0.6	2.46E-05	19.95262315	3.981071706
1.4	0.6	2.55E-05	25.11886432	3.981071706
1.5	0.6	2.64E-05	31.6227766	3.981071706
1.6	0.6	2.74E-05	39.81071706	3.981071706
1.7	0.6	2.84E-05	50.11872336	3.981071706
1.8	0.6	2.95E-05	63.09573445	3.981071706
1.9	0.6	3.06E-05	79.43282347	3.981071706
2	0.6	3.17E-05	100	3.981071706
2.1	0.6	3.29E-05	125.8925412	3.981071706
2.2	0.6	3.41E-05	158.4893192	3.981071706
2.3	0.6	3.54E-05	199.5262315	3.981071706
2.4	0.6	3.67E-05	251.1886432	3.981071706
2.5	0.6	3.81E-05	316.227766	3.981071706
2.6	0.6	3.95E-05	398.1071706	3.981071706
-1	0.7	1.55E-05	0.1	5.011872336
-0.9	0.7	1.59E-05	0.125892541	5.011872336
-0.8	0.7	1.64E-05	0.158489319	5.011872336
-0.7	0.7	1.68E-05	0.199526231	5.011872336
-0.6	0.7	1.73E-05	0.251188643	5.011872336
-0.5	0.7	1.77E-05	0.316227766	5.011872336
-0.4	0.7	1.82E-05	0.398107171	5.011872336
-0.3	0.7	1.87E-05	0.501187234	5.011872336
-0.2	0.7	1.92E-05	0.630957344	5.011872336
-0.1	0.7	1.98E-05	0.794328235	5.011872336
0	0.7	2.03E-05	1	5.011872336
0.1	0.7	2.09E-05	1.258925412	5.011872336
0.2	0.7	2.14E-05	1.584893192	5.011872336
0.3	0.7	2.20E-05	1.995262315	5.011872336
0.4	0.7	2.26E-05	2.511886432	5.011872336
0.5	0.7	2.33E-05	3.16227766	5.011872336
0.6	0.7	2.39E-05	3.981071706	5.011872336
0.7	0.7	2.45E-05	5.011872336	5.011872336
0.8	0.7	2.52E-05	6.309573445	5.011872336
0.9	0.7	2.59E-05	7.943282347	5.011872336
1	0.7	2.66E-05	10	5.011872336
1.1	0.7	2.74E-05	12.58925412	5.011872336
1.2	0.7	2.81E-05	15.84893192	5.011872336
1.3	0.7	2.89E-05	19.95262315	5.011872336
1.4	0.7	2.97E-05	25.11886432	5.011872336
1.5	0.7	3.05E-05	31.6227766	5.011872336
1.6	0.7	3.13E-05	39.81071706	5.011872336
1.7	0.7	3.22E-05	50.11872336	5.011872336
1.8	0.7	3.31E-05	63.09573445	5.011872336
1.9	0.7	3.40E-05	79.43282347	5.011872336
2	0.7	3.49E-05	100	5.011872336
2.1	0.7	3.59E-05	125.8925412	5.011872336
2.2	0.7	3.68E-05	158.4893192	5.011872336
2.3	0.7	3.79E-05	199.5262315	5.011872336
2.4	0.7	3.89E-05	251.1886432	5.011872336
2.5	0.7	4.00E-05	316.227766	5.011872336
2.6	0.7	4.11E-05	398.1071706	5.011872336
-1	0.8	2.27E-05	0.1	6.309573445
-0.9	0.8	2.31E-05	0.125892541	6.309573445
-0.8	0.8	2.35E-05	0.158489319	6.309573445
-0.7	0.8	2.39E-05	0.199526231	6.309573445
-0.6	0.8	2.43E-05	0.251188643	6.309573445
-0.5	0.8	2.47E-05	0.316227766	6.309573445
-0.4	0.8	2.52E-05	0.398107171	6.309573445
-0.3	0.8	2.56E-05	0.501187234	6.309573445
-0.2	0.8	2.61E-05	0.630957344	6.309573445
-0.1	0.8	2.65E-05	0.794328235	6.309573445
0	0.8	2.70E-05	1	6.309573445
0.1	0.8	2.75E-05	1.258925412	6.309573445
0.2	0.8	2.80E-05	1.584893192	6.309573445
0.3	0.8	2.85E-05	1.995262315	6.309573445
0.4	0.8	2.90E-05	2.511886432	6.309573445
0.5	0.8	2.95E-05	3.16227766	6.309573445
0.6	0.8	3.00E-05	3.981071706	6.309573445
0.7	0.8	3.06E-05	5.011872336	6.309573445
0.8	0.8	3.11E-05	6.309573445	6.309573445
0.9	0.8	3.17E-05	7.943282347	6.309573445
1	0.8	3.22E-05	10	6.309573445
1.1	0.8	3.28E-05	12.58925412	6.309573445
1.2	0.8	3.34E-05	15.84893192	6.309573445
1.3	0.8	3.40E-05	19.95262315	6.309573445
1.4	0.8	3.46E-05	25.11886432	6.309573445
1.5	0.8	3.52E-05	31.6227766	6.309573445
1.6	0.8	3.58E-05	39.81071706	6.309573445
1.7	0.8	3.64E-05	50.11872336	6.309573445
1.8	0.8	3.71E-05	63.09573445	6.309573445
1.9	0.8	3.78E-05	79.43282347	6.309573445
2	0.8	3.84E-05	100	6.309573445
2.1	0.8	3.91E-05	125.8925412	6.309573445
2.2	0.8	3.98E-05	158.4893192	6.309573445
2.3	0.8	4.05E-05	199.5262315	6.309573445
2.4	0.8	4.12E-05	251.1886432	6.309573445
2.5	0.8	4.20E-05	316.227766	6.309573445
2.6	0.8	4.27E-05	398.1071706	6.309573445
-1	0.9	3.31E-05	0.1	7.943282347
-0.9	0.9	3.34E-05	0.125892541	7.943282347
-0.8	0.9	3.37E-05	0.158489319	7.943282347
-0.7	0.9	3.39E-05	0.199526231	7.943282347
-0.6	0.9	3.42E-05	0.251188643	7.943282347
-0.5	0.9	3.45E-05	0.316227766	7.943282347
-0.4	0.9	3.48E-05	0.398107171	7.943282347
-0.3	0.9	3.51E-05	0.501187234	7.943282347
-0.2	0.9	3.54E-05	0.630957344	7.943282347
-0.1	0.9	3.56E-05	0.794328235	7.943282347
0	0.9	3.59E-05	1	7.943282347
0.1	0.9	3.62E-05	1.258925412	7.943282347
0.2	0.9	3.65E-05	1.584893192	7.943282347
0.3	0.9	3.68E-05	1.995262315	7.943282347
0.4	0.9	3.71E-05	2.511886432	7.943282347
0.5	0.9	3.74E-05	3.16227766	7.943282347
0.6	0.9	3.77E-05	3.981071706	7.943282347
0.7	0.9	3.80E-05	5.011872336	7.943282347
0.8	0.9	3.84E-05	6.309573445	7.943282347
0.9	0.9	3.87E-05	7.943282347	7.943282347
1	0.9	3.90E-05	10	7.943282347
1.1	0.9	3.93E-05	12.58925412	7.943282347
1.2	0.9	3.96E-05	15.84893192	7.943282347
1.3	0.9	4.00E-05	19.95262315	7.943282347
1.4	0.9	4.03E-05	25.11886432	7.943282347
1.5	0.9	4.06E-05	31.6227766	7.943282347
1.6	0.9	4.09E-05	39.81071706	7.943282347
1.7	0.9	4.13E-05	50.11872336	7.943282347
1.8	0.9	4.16E-05	63.09573445	7.943282347
1.9	0.9	4.20E-05	79.43282347	7.943282347
2	0.9	4.23E-05	100	7.943282347
2.1	0.9	4.26E-05	125.8925412	7.943282347
2.2	0.9	4.30E-05	158.4893192	7.943282347
2.3	0.9	4.33E-05	199.5262315	7.943282347
2.4	0.9	4.37E-05	251.1886432	7.943282347
2.5	0.9	4.41E-05	316.227766	7.943282347
2.6	0.9	4.44E-05	398.1071706	7.943282347
-1	1	4.84E-05	0.1	10
-0.9	1	4.84E-05	0.125892541	10
-0.8	1	4.83E-05	0.158489319	10
-0.7	1	4.82E-05	0.199526231	10
-0.6	1	4.82E-05	0.251188643	10
-0.5	1	4.81E-05	0.316227766	10
-0.4	1	4.81E-05	0.398107171	10
-0.3	1	4.80E-05	0.501187234	10
-0.2	1	4.79E-05	0.630957344	10
-0.1	1	4.79E-05	0.794328235	10
0	1	4.78E-05	1	10
0.1	1	4.77E-05	1.258925412	10
0.2	1	4.77E-05	1.584893192	10
0.3	1	4.76E-05	1.995262315	10
0.4	1	4.76E-05	2.511886432	10
0.5	1	4.75E-05	3.16227766	10
0.6	1	4.74E-05	3.981071706	10
0.7	1	4.74E-05	5.011872336	10
0.8	1	4.73E-05	6.309573445	10
0.9	1	4.72E-05	7.943282347	10
1	1	4.72E-05	10	10
1.1	1	4.71E-05	12.58925412	10
1.2	1	4.71E-05	15.84893192	10
1.3	1	4.70E-05	19.95262315	10
1.4	1	4.69E-05	25.11886432	10
1.5	1	4.69E-05	31.6227766	10
1.6	1	4.68E-05	39.81071706	10
1.7	1	4.67E-05	50.11872336	10
1.8	1	4.67E-05	63.09573445	10
1.9	1	4.66E-05	79.43282347	10
2	1	4.66E-05	100	10
2.1	1	4.65E-05	125.8925412	10
2.2	1	4.64E-05	158.4893192	10
2.3	1	4.64E-05	199.5262315	10
2.4	1	4.63E-05	251.1886432	10
2.5	1	4.63E-05	316.227766	10
2.6	1	4.62E-05	398.1071706	10
-1	1.1	7.08E-05	0.1	12.58925412
-0.9	1.1	7.01E-05	0.125892541	12.58925412
-0.8	1.1	6.93E-05	0.158489319	12.58925412
-0.7	1.1	6.86E-05	0.199526231	12.58925412
-0.6	1.1	6.78E-05	0.251188643	12.58925412
-0.5	1.1	6.71E-05	0.316227766	12.58925412
-0.4	1.1	6.64E-05	0.398107171	12.58925412
-0.3	1.1	6.57E-05	0.501187234	12.58925412
-0.2	1.1	6.50E-05	0.630957344	12.58925412
-0.1	1.1	6.43E-05	0.794328235	12.58925412
0	1.1	6.36E-05	1	12.58925412
0.1	1.1	6.29E-05	1.258925412	12.58925412
0.2	1.1	6.22E-05	1.584893192	12.58925412
0.3	1.1	6.16E-05	1.995262315	12.58925412
0.4	1.1	6.09E-05	2.511886432	12.58925412
0.5	1.1	6.03E-05	3.16227766	12.58925412
0.6	1.1	5.96E-05	3.981071706	12.58925412
0.7	1.1	5.90E-05	5.011872336	12.58925412
0.8	1.1	5.83E-05	6.309573445	12.58925412
0.9	1.1	5.77E-05	7.943282347	12.58925412
1	1.1	5.71E-05	10	12.58925412
1.1	1.1	5.65E-05	12.58925412	12.58925412
1.2	1.1	5.59E-05	15.84893192	12.58925412
1.3	1.1	5.53E-05	19.95262315	12.58925412
1.4	1.1	5.47E-05	25.11886432	12.58925412
1.5	1.1	5.41E-05	31.6227766	12.58925412
1.6	1.1	5.35E-05	39.81071706	12.58925412
1.7	1.1	5.29E-05	50.11872336	12.58925412
1.8	1.1	5.24E-05	63.09573445	12.58925412
1.9	1.1	5.18E-05	79.43282347	12.58925412
2	1.1	5.13E-05	100	12.58925412
2.1	1.1	5.07E-05	125.8925412	12.58925412
2.2	1.1	5.02E-05	158.4893192	12.58925412
2.3	1.1	4.96E-05	199.5262315	12.58925412
2.4	1.1	4.91E-05	251.1886432	12.58925412
2.5	1.1	4.86E-05	316.227766	12.58925412
2.6	1.1	4.81E-05	398.1071706	12.58925412
-1	1.2	0.000103547	0.1	15.84893192
-0.9	1.2	0.000101473	0.125892541	15.84893192
-0.8	1.2	9.94E-05	0.158489319	15.84893192
-0.7	1.2	9.74E-05	0.199526231	15.84893192
-0.6	1.2	9.55E-05	0.251188643	15.84893192
-0.5	1.2	9.36E-05	0.316227766	15.84893192
-0.4	1.2	9.17E-05	0.398107171	15.84893192
-0.3	1.2	8.99E-05	0.501187234	15.84893192
-0.2	1.2	8.81E-05	0.630957344	15.84893192
-0.1	1.2	8.63E-05	0.794328235	15.84893192
0	1.2	8.46E-05	1	15.84893192
0.1	1.2	8.29E-05	1.258925412	15.84893192
0.2	1.2	8.12E-05	1.584893192	15.84893192
0.3	1.2	7.96E-05	1.995262315	15.84893192
0.4	1.2	7.80E-05	2.511886432	15.84893192
0.5	1.2	7.64E-05	3.16227766	15.84893192
0.6	1.2	7.49E-05	3.981071706	15.84893192
0.7	1.2	7.34E-05	5.011872336	15.84893192
0.8	1.2	7.19E-05	6.309573445	15.84893192
0.9	1.2	7.05E-05	7.943282347	15.84893192
1	1.2	6.91E-05	10	15.84893192
1.1	1.2	6.77E-05	12.58925412	15.84893192
1.2	1.2	6.63E-05	15.84893192	15.84893192
1.3	1.2	6.50E-05	19.95262315	15.84893192
1.4	1.2	6.37E-05	25.11886432	15.84893192
1.5	1.2	6.24E-05	31.6227766	15.84893192
1.6	1.2	6.12E-05	39.81071706	15.84893192
1.7	1.2	6.00E-05	50.11872336	15.84893192
1.8	1.2	5.88E-05	63.09573445	15.84893192
1.9	1.2	5.76E-05	79.43282347	15.84893192
2	1.2	5.64E-05	100	15.84893192
2.1	1.2	5.53E-05	125.8925412	15.84893192
2.2	1.2	5.42E-05	158.4893192	15.84893192
2.3	1.2	5.31E-05	199.5262315	15.84893192
2.4	1.2	5.20E-05	251.1886432	15.84893192
2.5	1.2	5.10E-05	316.227766	15.84893192
2.6	1.2	5.00E-05	398.1071706	15.84893192
-1	1.3	0.000151399	0.1	19.95262315
-0.9	1.3	0.00014697	0.125892541	19.95262315
-0.8	1.3	0.00014267	0.158489319	19.95262315
-0.7	1.3	0.000138496	0.199526231	19.95262315
-0.6	1.3	0.000134444	0.251188643	19.95262315
-0.5	1.3	0.000130511	0.316227766	19.95262315
-0.4	1.3	0.000126692	0.398107171	19.95262315
-0.3	1.3	0.000122985	0.501187234	19.95262315
-0.2	1.3	0.000119387	0.630957344	19.95262315
-0.1	1.3	0.000115894	0.794328235	19.95262315
0	1.3	0.000112503	1	19.95262315
0.1	1.3	0.000109212	1.258925412	19.95262315
0.2	1.3	0.000106017	1.584893192	19.95262315
0.3	1.3	0.000102915	1.995262315	19.95262315
0.4	1.3	9.99E-05	2.511886432	19.95262315
0.5	1.3	9.70E-05	3.16227766	19.95262315
0.6	1.3	9.41E-05	3.981071706	19.95262315
0.7	1.3	9.14E-05	5.011872336	19.95262315
0.8	1.3	8.87E-05	6.309573445	19.95262315
0.9	1.3	8.61E-05	7.943282347	19.95262315
1	1.3	8.36E-05	10	19.95262315
1.1	1.3	8.12E-05	12.58925412	19.95262315
1.2	1.3	7.88E-05	15.84893192	19.95262315
1.3	1.3	7.65E-05	19.95262315	19.95262315
1.4	1.3	7.42E-05	25.11886432	19.95262315
1.5	1.3	7.21E-05	31.6227766	19.95262315
1.6	1.3	7.00E-05	39.81071706	19.95262315
1.7	1.3	6.79E-05	50.11872336	19.95262315
1.8	1.3	6.59E-05	63.09573445	19.95262315
1.9	1.3	6.40E-05	79.43282347	19.95262315
2	1.3	6.21E-05	100	19.95262315
2.1	1.3	6.03E-05	125.8925412	19.95262315
2.2	1.3	5.85E-05	158.4893192	19.95262315
2.3	1.3	5.68E-05	199.5262315	19.95262315
2.4	1.3	5.52E-05	251.1886432	19.95262315
2.5	1.3	5.35E-05	316.227766	19.95262315
2.6	1.3	5.20E-05	398.1071706	19.95262315
-1	1.4	0.000221361	0.1	25.11886432
-0.9	1.4	0.000212862	0.125892541	25.11886432
-0.8	1.4	0.000204689	0.158489319	25.11886432
-0.7	1.4	0.00019683	0.199526231	25.11886432
-0.6	1.4	0.000189272	0.251188643	25.11886432
-0.5	1.4	0.000182005	0.316227766	25.11886432
-0.4	1.4	0.000175017	0.398107171	25.11886432
-0.3	1.4	0.000168297	0.501187234	25.11886432
-0.2	1.4	0.000161835	0.630957344	25.11886432
-0.1	1.4	0.000155621	0.794328235	25.11886432
0	1.4	0.000149646	1	25.11886432
0.1	1.4	0.0001439	1.258925412	25.11886432
0.2	1.4	0.000138374	1.584893192	25.11886432
0.3	1.4	0.000133061	1.995262315	25.11886432
0.4	1.4	0.000127952	2.511886432	25.11886432
0.5	1.4	0.000123039	3.16227766	25.11886432
0.6	1.4	0.000118314	3.981071706	25.11886432
0.7	1.4	0.000113771	5.011872336	25.11886432
0.8	1.4	0.000109403	6.309573445	25.11886432
0.9	1.4	0.000105202	7.943282347	25.11886432
1	1.4	0.000101162	10	25.11886432
1.1	1.4	9.73E-05	12.58925412	25.11886432
1.2	1.4	9.35E-05	15.84893192	25.11886432
1.3	1.4	9.00E-05	19.95262315	25.11886432
1.4	1.4	8.65E-05	25.11886432	25.11886432
1.5	1.4	8.32E-05	31.6227766	25.11886432
1.6	1.4	8.00E-05	39.81071706	25.11886432
1.7	1.4	7.69E-05	50.11872336	25.11886432
1.8	1.4	7.40E-05	63.09573445	25.11886432
1.9	1.4	7.11E-05	79.43282347	25.11886432
2	1.4	6.84E-05	100	25.11886432
2.1	1.4	6.58E-05	125.8925412	25.11886432
2.2	1.4	6.32E-05	158.4893192	25.11886432
2.3	1.4	6.08E-05	199.5262315	25.11886432
2.4	1.4	5.85E-05	251.1886432	25.11886432
2.5	1.4	5.62E-05	316.227766	25.11886432
2.6	1.4	5.41E-05	398.1071706	25.11886432
-1	1.5	0.00032364	0.1	31.6227766
-0.9	1.5	0.000308286	0.125892541	31.6227766
-0.8	1.5	0.000293659	0.158489319	31.6227766
-0.7	1.5	0.000279727	0.199526231	31.6227766
-0.6	1.5	0.000266455	0.251188643	31.6227766
-0.5	1.5	0.000253813	0.316227766	31.6227766
-0.4	1.5	0.00024177	0.398107171	31.6227766
-0.3	1.5	0.000230299	0.501187234	31.6227766
-0.2	1.5	0.000219372	0.630957344	31.6227766
-0.1	1.5	0.000208963	0.794328235	31.6227766
0	1.5	0.000199048	1	31.6227766
0.1	1.5	0.000189603	1.258925412	31.6227766
0.2	1.5	0.000180606	1.584893192	31.6227766
0.3	1.5	0.000172037	1.995262315	31.6227766
0.4	1.5	0.000163873	2.511886432	31.6227766
0.5	1.5	0.000156098	3.16227766	31.6227766
0.6	1.5	0.000148691	3.981071706	31.6227766
0.7	1.5	0.000141635	5.011872336	31.6227766
0.8	1.5	0.000134914	6.309573445	31.6227766
0.9	1.5	0.000128512	7.943282347	31.6227766
1	1.5	0.000122414	10	31.6227766
1.1	1.5	0.000116605	12.58925412	31.6227766
1.2	1.5	0.000111072	15.84893192	31.6227766
1.3	1.5	0.000105801	19.95262315	31.6227766
1.4	1.5	0.000100781	25.11886432	31.6227766
1.5	1.5	9.60E-05	31.6227766	31.6227766
1.6	1.5	9.14E-05	39.81071706	31.6227766
1.7	1.5	8.71E-05	50.11872336	31.6227766
1.8	1.5	8.30E-05	63.09573445	31.6227766
1.9	1.5	7.90E-05	79.43282347	31.6227766
2	1.5	7.53E-05	100	31.6227766
2.1	1.5	7.17E-05	125.8925412	31.6227766
2.2	1.5	6.83E-05	158.4893192	31.6227766
2.3	1.5	6.51E-05	199.5262315	31.6227766
2.4	1.5	6.20E-05	251.1886432	31.6227766
2.5	1.5	5.90E-05	316.227766	31.6227766
2.6	1.5	5.62E-05	398.1071706	31.6227766
-1	1.6	0.000473156	0.1	39.81071706
-0.9	1.6	0.000446468	0.125892541	39.81071706
-0.8	1.6	0.000421285	0.158489319	39.81071706
-0.7	1.6	0.000397522	0.199526231	39.81071706
-0.6	1.6	0.000375099	0.251188643	39.81071706
-0.5	1.6	0.00035394	0.316227766	39.81071706
-0.4	1.6	0.000333975	0.398107171	39.81071706
-0.3	1.6	0.000315135	0.501187234	39.81071706
-0.2	1.6	0.000297358	0.630957344	39.81071706
-0.1	1.6	0.000280583	0.794328235	39.81071706
0	1.6	0.000264754	1	39.81071706
0.1	1.6	0.000249818	1.258925412	39.81071706
0.2	1.6	0.000235725	1.584893192	39.81071706
0.3	1.6	0.000222426	1.995262315	39.81071706
0.4	1.6	0.000209878	2.511886432	39.81071706
0.5	1.6	0.000198037	3.16227766	39.81071706
0.6	1.6	0.000186864	3.981071706	39.81071706
0.7	1.6	0.000176322	5.011872336	39.81071706
0.8	1.6	0.000166374	6.309573445	39.81071706
0.9	1.6	0.000156987	7.943282347	39.81071706
1	1.6	0.00014813	10	39.81071706
1.1	1.6	0.000139772	12.58925412	39.81071706
1.2	1.6	0.000131886	15.84893192	39.81071706
1.3	1.6	0.000124445	19.95262315	39.81071706
1.4	1.6	0.000117423	25.11886432	39.81071706
1.5	1.6	0.000110798	31.6227766	39.81071706
1.6	1.6	0.000104547	39.81071706	39.81071706
1.7	1.6	9.86E-05	50.11872336	39.81071706
1.8	1.6	9.31E-05	63.09573445	39.81071706
1.9	1.6	8.78E-05	79.43282347	39.81071706
2	1.6	8.29E-05	100	39.81071706
2.1	1.6	7.82E-05	125.8925412	39.81071706
2.2	1.6	7.38E-05	158.4893192	39.81071706
2.3	1.6	6.96E-05	199.5262315	39.81071706
2.4	1.6	6.57E-05	251.1886432	39.81071706
2.5	1.6	6.20E-05	316.227766	39.81071706
2.6	1.6	5.85E-05	398.1071706	39.81071706
-1	1.7	0.000691697	0.1	50.11872336
-0.9	1.7	0.000646548	0.125892541	50.11872336
-0.8	1.7	0.000604345	0.158489319	50.11872336
-0.7	1.7	0.000564895	0.199526231	50.11872336
-0.6	1.7	0.000528019	0.251188643	50.11872336
-0.5	1.7	0.000493549	0.316227766	50.11872336
-0.4	1.7	0.000461328	0.398107171	50.11872336
-0.3	1.7	0.00043121	0.501187234	50.11872336
-0.2	1.7	0.000403057	0.630957344	50.11872336
-0.1	1.7	0.000376741	0.794328235	50.11872336
0	1.7	0.000352143	1	50.11872336
0.1	1.7	0.000329151	1.258925412	50.11872336
0.2	1.7	0.000307659	1.584893192	50.11872336
0.3	1.7	0.000287571	1.995262315	50.11872336
0.4	1.7	0.000268793	2.511886432	50.11872336
0.5	1.7	0.000251242	3.16227766	50.11872336
0.6	1.7	0.000234836	3.981071706	50.11872336
0.7	1.7	0.000219501	5.011872336	50.11872336
0.8	1.7	0.000205168	6.309573445	50.11872336
0.9	1.7	0.00019177	7.943282347	50.11872336
1	1.7	0.000179247	10	50.11872336
1.1	1.7	0.000167541	12.58925412	50.11872336
1.2	1.7	0.0001566	15.84893192	50.11872336
1.3	1.7	0.000146373	19.95262315	50.11872336
1.4	1.7	0.000136814	25.11886432	50.11872336
1.5	1.7	0.00012788	31.6227766	50.11872336
1.6	1.7	0.000119528	39.81071706	50.11872336
1.7	1.7	0.000111722	50.11872336	50.11872336
1.8	1.7	0.000104426	63.09573445	50.11872336
1.9	1.7	9.76E-05	79.43282347	50.11872336
2	1.7	9.12E-05	100	50.11872336
2.1	1.7	8.53E-05	125.8925412	50.11872336
2.2	1.7	7.97E-05	158.4893192	50.11872336
2.3	1.7	7.45E-05	199.5262315	50.11872336
2.4	1.7	6.96E-05	251.1886432	50.11872336
2.5	1.7	6.51E-05	316.227766	50.11872336
2.6	1.7	6.08E-05	398.1071706	50.11872336
-1	1.8	0.001011075	0.1	63.09573445
-0.9	1.8	0.000936208	0.125892541	63.09573445
-0.8	1.8	0.00086688	0.158489319	63.09573445
-0.7	1.8	0.000802682	0.199526231	63.09573445
-0.6	1.8	0.000743234	0.251188643	63.09573445
-0.5	1.8	0.000688186	0.316227766	63.09573445
-0.4	1.8	0.000637213	0.398107171	63.09573445
-0.3	1.8	0.000590013	0.501187234	63.09573445
-0.2	1.8	0.000546307	0.630957344	63.09573445
-0.1	1.8	0.000505837	0.794328235	63.09573445
0	1.8	0.000468364	1	63.09573445
0.1	1.8	0.000433666	1.258925412	63.09573445
0.2	1.8	0.000401537	1.584893192	63.09573445
0.3	1.8	0.000371788	1.995262315	63.09573445
0.4	1.8	0.000344242	2.511886432	63.09573445
0.5	1.8	0.000318736	3.16227766	63.09573445
0.6	1.8	0.000295119	3.981071706	63.09573445
0.7	1.8	0.000273252	5.011872336	63.09573445
0.8	1.8	0.000253005	6.309573445	63.09573445
0.9	1.8	0.000234257	7.943282347	63.09573445
1	1.8	0.000216899	10	63.09573445
1.1	1.8	0.000200826	12.58925412	63.09573445
1.2	1.8	0.000185945	15.84893192	63.09573445
1.3	1.8	0.000172165	19.95262315	63.09573445
1.4	1.8	0.000159407	25.11886432	63.09573445
1.5	1.8	0.000147594	31.6227766	63.09573445
1.6	1.8	0.000136657	39.81071706	63.09573445
1.7	1.8	0.000126529	50.11872336	63.09573445
1.8	1.8	0.000117153	63.09573445	63.09573445
1.9	1.8	0.000108471	79.43282347	63.09573445
2	1.8	0.000100432	100	63.09573445
2.1	1.8	9.30E-05	125.8925412	63.09573445
2.2	1.8	8.61E-05	158.4893192	63.09573445
2.3	1.8	7.97E-05	199.5262315	63.09573445
2.4	1.8	7.38E-05	251.1886432	63.09573445
2.5	1.8	6.83E-05	316.227766	63.09573445
2.6	1.8	6.33E-05	398.1071706	63.09573445
-1	1.9	0.001477703	0.1	79.43282347
-0.9	1.9	0.001355462	0.125892541	79.43282347
-0.8	1.9	0.001243321	0.158489319	79.43282347
-0.7	1.9	0.001140448	0.199526231	79.43282347
-0.6	1.9	0.001046077	0.251188643	79.43282347
-0.5	1.9	0.000959508	0.316227766	79.43282347
-0.4	1.9	0.000880096	0.398107171	79.43282347
-0.3	1.9	0.000807252	0.501187234	79.43282347
-0.2	1.9	0.000740432	0.630957344	79.43282347
-0.1	1.9	0.00067914	0.794328235	79.43282347
0	1.9	0.000622918	1	79.43282347
0.1	1.9	0.000571348	1.258925412	79.43282347
0.2	1.9	0.000524045	1.584893192	79.43282347
0.3	1.9	0.000480656	1.995262315	79.43282347
0.4	1.9	0.000440858	2.511886432	79.43282347
0.5	1.9	0.000404354	3.16227766	79.43282347
0.6	1.9	0.000370872	3.981071706	79.43282347
0.7	1.9	0.000340161	5.011872336	79.43282347
0.8	1.9	0.000311992	6.309573445	79.43282347
0.9	1.9	0.000286156	7.943282347	79.43282347
1	1.9	0.000262458	10	79.43282347
1.1	1.9	0.000240722	12.58925412	79.43282347
1.2	1.9	0.000220786	15.84893192	79.43282347
1.3	1.9	0.000202501	19.95262315	79.43282347
1.4	1.9	0.00018573	25.11886432	79.43282347
1.5	1.9	0.000170348	31.6227766	79.43282347
1.6	1.9	0.000156239	39.81071706	79.43282347
1.7	1.9	0.000143299	50.11872336	79.43282347
1.8	1.9	0.00013143	63.09573445	79.43282347
1.9	1.9	0.000120544	79.43282347	79.43282347
2	1.9	0.00011056	100	79.43282347
2.1	1.9	0.000101403	125.8925412	79.43282347
2.2	1.9	9.30E-05	158.4893192	79.43282347
2.3	1.9	8.53E-05	199.5262315	79.43282347
2.4	1.9	7.82E-05	251.1886432	79.43282347
2.5	1.9	7.18E-05	316.227766	79.43282347
2.6	1.9	6.58E-05	398.1071706	79.43282347
-1	2	0.002159221	0.1	100
-0.9	2	0.001962099	0.125892541	100
-0.8	2	0.00178294	0.158489319	100
-0.7	2	0.001620114	0.199526231	100
-0.6	2	0.001472137	0.251188643	100
-0.5	2	0.001337656	0.316227766	100
-0.4	2	0.001215446	0.398107171	100
-0.3	2	0.001104389	0.501187234	100
-0.2	2	0.001003469	0.630957344	100
-0.1	2	0.000911763	0.794328235	100
0	2	0.00082843	1	100
0.1	2	0.000752709	1.258925412	100
0.2	2	0.000683904	1.584893192	100
0.3	2	0.000621384	1.995262315	100
0.4	2	0.000564576	2.511886432	100
0.5	2	0.00051296	3.16227766	100
0.6	2	0.00046606	3.981071706	100
0.7	2	0.000423446	5.011872336	100
0.8	2	0.000384727	6.309573445	100
0.9	2	0.000349548	7.943282347	100
1	2	0.000317584	10	100
1.1	2	0.000288542	12.58925412	100
1.2	2	0.000262155	15.84893192	100
1.3	2	0.000238181	19.95262315	100
1.4	2	0.000216398	25.11886432	100
1.5	2	0.000196608	31.6227766	100
1.6	2	0.000178627	39.81071706	100
1.7	2	0.00016229	50.11872336	100
1.8	2	0.000147447	63.09573445	100
1.9	2	0.000133962	79.43282347	100
2	2	0.000121709	100	100
2.1	2	0.000110577	125.8925412	100
2.2	2	0.000100464	158.4893192	100
2.3	2	9.13E-05	199.5262315	100
2.4	2	8.29E-05	251.1886432	100
2.5	2	7.53E-05	316.227766	100
2.6	2	6.85E-05	398.1071706	100
-1	2.1	0.003154063	0.1	125.8925412
-0.9	2.1	0.002839463	0.125892541	125.8925412
-0.8	2.1	0.002556162	0.158489319	125.8925412
-0.7	2.1	0.002301062	0.199526231	125.8925412
-0.6	2.1	0.002071367	0.251188643	125.8925412
-0.5	2.1	0.001864558	0.316227766	125.8925412
-0.4	2.1	0.001678362	0.398107171	125.8925412
-0.3	2.1	0.001510732	0.501187234	125.8925412
-0.2	2.1	0.001359821	0.630957344	125.8925412
-0.1	2.1	0.001223967	0.794328235	125.8925412
0	2.1	0.001101671	1	125.8925412
0.1	2.1	0.000991581	1.258925412	125.8925412
0.2	2.1	0.000892484	1.584893192	125.8925412
0.3	2.1	0.000803282	1.995262315	125.8925412
0.4	2.1	0.000722989	2.511886432	125.8925412
0.5	2.1	0.000650716	3.16227766	125.8925412
0.6	2.1	0.000585664	3.981071706	125.8925412
0.7	2.1	0.000527112	5.011872336	125.8925412
0.8	2.1	0.000474411	6.309573445	125.8925412
0.9	2.1	0.000426977	7.943282347	125.8925412
1	2.1	0.000384283	10	125.8925412
1.1	2.1	0.000345857	12.58925412	125.8925412
1.2	2.1	0.000311273	15.84893192	125.8925412
1.3	2.1	0.000280145	19.95262315	125.8925412
1.4	2.1	0.00025213	25.11886432	125.8925412
1.5	2.1	0.000226915	31.6227766	125.8925412
1.6	2.1	0.000204222	39.81071706	125.8925412
1.7	2.1	0.000183798	50.11872336	125.8925412
1.8	2.1	0.000165416	63.09573445	125.8925412
1.9	2.1	0.000148872	79.43282347	125.8925412
2	2.1	0.000133983	100	125.8925412
2.1	2.1	0.000120582	125.8925412	125.8925412
2.2	2.1	0.000108522	158.4893192	125.8925412
2.3	2.1	9.77E-05	199.5262315	125.8925412
2.4	2.1	8.79E-05	251.1886432	125.8925412
2.5	2.1	7.91E-05	316.227766	125.8925412
2.6	2.1	7.12E-05	398.1071706	125.8925412
-1	2.2	0.004605156	0.1	158.4893192
-0.9	2.2	0.004107532	0.125892541	158.4893192
-0.8	2.2	0.003663483	0.158489319	158.4893192
-0.7	2.2	0.003267281	0.199526231	158.4893192
-0.6	2.2	0.002913802	0.251188643	158.4893192
-0.5	2.2	0.002598466	0.316227766	158.4893192
-0.4	2.2	0.002317176	0.398107171	158.4893192
-0.3	2.2	0.002066274	0.501187234	158.4893192
-0.2	2.2	0.001842489	0.630957344	158.4893192
-0.1	2.2	0.0016429	0.794328235	158.4893192
0	2.2	0.001464901	1	158.4893192
0.1	2.2	0.001306162	1.258925412	158.4893192
0.2	2.2	0.001164603	1.584893192	158.4893192
0.3	2.2	0.001038371	1.995262315	158.4893192
0.4	2.2	0.000925808	2.511886432	158.4893192
0.5	2.2	0.000825438	3.16227766	158.4893192
0.6	2.2	0.000735941	3.981071706	158.4893192
0.7	2.2	0.000656141	5.011872336	158.4893192
0.8	2.2	0.000584989	6.309573445	158.4893192
0.9	2.2	0.000521549	7.943282347	158.4893192
1	2.2	0.000464985	10	158.4893192
1.1	2.2	0.000414553	12.58925412	158.4893192
1.2	2.2	0.000369589	15.84893192	158.4893192
1.3	2.2	0.000329501	19.95262315	158.4893192
1.4	2.2	0.000293759	25.11886432	158.4893192
1.5	2.2	0.000261894	31.6227766	158.4893192
1.6	2.2	0.000233484	39.81071706	158.4893192
1.7	2.2	0.000208155	50.11872336	158.4893192
1.8	2.2	0.000185574	63.09573445	158.4893192
1.9	2.2	0.000165442	79.43282347	158.4893192
2	2.2	0.000147493	100	158.4893192
2.1	2.2	0.000131492	125.8925412	158.4893192
2.2	2.2	0.000117226	158.4893192	158.4893192
2.3	2.2	0.000104508	199.5262315	158.4893192
2.4	2.2	9.32E-05	251.1886432	158.4893192
2.5	2.2	8.31E-05	316.227766	158.4893192
2.6	2.2	7.40E-05	398.1071706	158.4893192
-1	2.3	0.006719353	0.1	199.5262315
-0.9	2.3	0.005938532	0.125892541	199.5262315
-0.8	2.3	0.005247967	0.158489319	199.5262315
-0.7	2.3	0.00463733	0.199526231	199.5262315
-0.6	2.3	0.004097452	0.251188643	199.5262315
-0.5	2.3	0.003620198	0.316227766	199.5262315
-0.4	2.3	0.003198354	0.398107171	199.5262315
-0.3	2.3	0.002825526	0.501187234	199.5262315
-0.2	2.3	0.00249605	0.630957344	199.5262315
-0.1	2.3	0.002204907	0.794328235	199.5262315
0	2.3	0.001947658	1	199.5262315
0.1	2.3	0.001720371	1.258925412	199.5262315
0.2	2.3	0.001519567	1.584893192	199.5262315
0.3	2.3	0.001342169	1.995262315	199.5262315
0.4	2.3	0.001185457	2.511886432	199.5262315
0.5	2.3	0.001047023	3.16227766	199.5262315
0.6	2.3	0.000924741	3.981071706	199.5262315
0.7	2.3	0.000816728	5.011872336	199.5262315
0.8	2.3	0.000721322	6.309573445	199.5262315
0.9	2.3	0.000637054	7.943282347	199.5262315
1	2.3	0.000562625	10	199.5262315
1.1	2.3	0.000496887	12.58925412	199.5262315
1.2	2.3	0.000438827	15.84893192	199.5262315
1.3	2.3	0.000387549	19.95262315	199.5262315
1.4	2.3	0.00034226	25.11886432	199.5262315
1.5	2.3	0.000302262	31.6227766	199.5262315
1.6	2.3	0.000266938	39.81071706	199.5262315
1.7	2.3	0.00023574	50.11872336	199.5262315
1.8	2.3	0.000208188	63.09573445	199.5262315
1.9	2.3	0.000183856	79.43282347	199.5262315
2	2.3	0.000162367	100	199.5262315
2.1	2.3	0.000143389	125.8925412	199.5262315
2.2	2.3	0.000126629	158.4893192	199.5262315
2.3	2.3	0.000111828	199.5262315	199.5262315
2.4	2.3	9.88E-05	251.1886432	199.5262315
2.5	2.3	8.72E-05	316.227766	199.5262315
2.6	2.3	7.70E-05	398.1071706	199.5262315
-1	2.4	0.009794614	0.1	251.1886432
-0.9	2.4	0.0085787	0.125892541	251.1886432
-0.8	2.4	0.007512585	0.158489319	251.1886432
-0.7	2.4	0.006578083	0.199526231	251.1886432
-0.6	2.4	0.00575915	0.251188643	251.1886432
-0.5	2.4	0.005041652	0.316227766	251.1886432
-0.4	2.4	0.004413146	0.398107171	251.1886432
-0.3	2.4	0.003862687	0.501187234	251.1886432
-0.2	2.4	0.003380655	0.630957344	251.1886432
-0.1	2.4	0.002958597	0.794328235	251.1886432
0	2.4	0.002589095	1	251.1886432
0.1	2.4	0.002265635	1.258925412	251.1886432
0.2	2.4	0.001982505	1.584893192	251.1886432
0.3	2.4	0.001734696	1.995262315	251.1886432
0.4	2.4	0.001517815	2.511886432	251.1886432
0.5	2.4	0.001328014	3.16227766	251.1886432
0.6	2.4	0.00116192	3.981071706	251.1886432
0.7	2.4	0.001016577	5.011872336	251.1886432
0.8	2.4	0.0008894	6.309573445	251.1886432
0.9	2.4	0.00077812	7.943282347	251.1886432
1	2.4	0.000680754	10	251.1886432
1.1	2.4	0.000595564	12.58925412	251.1886432
1.2	2.4	0.000521029	15.84893192	251.1886432
1.3	2.4	0.000455818	19.95262315	251.1886432
1.4	2.4	0.000398765	25.11886432	251.1886432
1.5	2.4	0.000348851	31.6227766	251.1886432
1.6	2.4	0.000305183	39.81071706	251.1886432
1.7	2.4	0.00026698	50.11872336	251.1886432
1.8	2.4	0.000233557	63.09573445	251.1886432
1.9	2.4	0.000204318	79.43282347	251.1886432
2	2.4	0.000178739	100	251.1886432
2.1	2.4	0.000156362	125.8925412	251.1886432
2.2	2.4	0.000136786	158.4893192	251.1886432
2.3	2.4	0.00011966	199.5262315	251.1886432
2.4	2.4	0.000104678	251.1886432	251.1886432
2.5	2.4	9.16E-05	316.227766	251.1886432
2.6	2.4	8.01E-05	398.1071706	251.1886432
-1	2.5	0.014257134	0.1	316.227766
-0.9	2.5	0.012378024	0.125892541	316.227766
-0.8	2.5	0.010743883	0.158489319	316.227766
-0.7	2.5	0.009323445	0.199526231	316.227766
-0.6	2.5	0.008089265	0.251188643	316.227766
-0.5	2.5	0.007017302	0.316227766	316.227766
-0.4	2.5	0.006086519	0.398107171	316.227766
-0.3	2.5	0.005278541	0.501187234	316.227766
-0.2	2.5	0.004577327	0.630957344	316.227766
-0.1	2.5	0.003968892	0.794328235	316.227766
0	2.5	0.003441053	1	316.227766
0.1	2.5	0.002983203	1.258925412	316.227766
0.2	2.5	0.002586114	1.584893192	316.227766
0.3	2.5	0.002241762	1.995262315	316.227766
0.4	2.5	0.001943173	2.511886432	316.227766
0.5	2.5	0.001684287	3.16227766	316.227766
0.6	2.5	0.001459842	3.981071706	316.227766
0.7	2.5	0.001265267	5.011872336	316.227766
0.8	2.5	0.001096598	6.309573445	316.227766
0.9	2.5	0.000950393	7.943282347	316.227766
1	2.5	0.000823664	10	316.227766
1.1	2.5	0.000713822	12.58925412	316.227766
1.2	2.5	0.000618619	15.84893192	316.227766
1.3	2.5	0.000536107	19.95262315	316.227766
1.4	2.5	0.000464595	25.11886432	316.227766
1.5	2.5	0.000402618	31.6227766	316.227766
1.6	2.5	0.000348906	39.81071706	316.227766
1.7	2.5	0.000302357	50.11872336	316.227766
1.8	2.5	0.000262017	63.09573445	316.227766
1.9	2.5	0.000227058	79.43282347	316.227766
2	2.5	0.000196763	100	316.227766
2.1	2.5	0.000170508	125.8925412	316.227766
2.2	2.5	0.000147757	158.4893192	316.227766
2.3	2.5	0.000128041	199.5262315	316.227766
2.4	2.5	0.000110955	251.1886432	316.227766
2.5	2.5	9.61E-05	316.227766	316.227766
2.6	2.5	8.33E-05	398.1071706	316.227766
-1	2.6	0.020710297	0.1	398.1071706
-0.9	2.6	0.017829727	0.125892541	398.1071706
-0.8	2.6	0.015343534	0.158489319	398.1071706
-0.7	2.6	0.013199359	0.199526231	398.1071706
-0.6	2.6	0.011351367	0.251188643	398.1071706
-0.5	2.6	0.009759546	0.316227766	398.1071706
-0.4	2.6	0.008389055	0.398107171	398.1071706
-0.3	2.6	0.007209615	0.501187234	398.1071706
-0.2	2.6	0.006194959	0.630957344	398.1071706
-0.1	2.6	0.005322337	0.794328235	398.1071706
0	2.6	0.004572067	1	398.1071706
0.1	2.6	0.003927143	1.258925412	398.1071706
0.2	2.6	0.003372881	1.584893192	398.1071706
0.3	2.6	0.002896618	1.995262315	398.1071706
0.4	2.6	0.002487438	2.511886432	398.1071706
0.5	2.6	0.002135935	3.16227766	398.1071706
0.6	2.6	0.001834012	3.981071706	398.1071706
0.7	2.6	0.0015747	5.011872336	398.1071706
0.8	2.6	0.001352002	6.309573445	398.1071706
0.9	2.6	0.001160762	7.943282347	398.1071706
1	2.6	0.000996546	10	398.1071706
1.1	2.6	0.000855542	12.58925412	398.1071706
1.2	2.6	0.000734475	15.84893192	398.1071706
1.3	2.6	0.000630529	19.95262315	398.1071706
1.4	2.6	0.000541285	25.11886432	398.1071706
1.5	2.6	0.000464668	31.6227766	398.1071706
1.6	2.6	0.000398891	39.81071706	398.1071706
1.7	2.6	0.000342422	50.11872336	398.1071706
1.8	2.6	0.000293944	63.09573445	398.1071706
1.9	2.6	0.000252328	79.43282347	398.1071706
2	2.6	0.000216603	100	398.1071706
2.1	2.6	0.000185935	125.8925412	398.1071706
2.2	2.6	0.000159608	158.4893192	398.1071706
2.3	2.6	0.000137008	199.5262315	398.1071706
2.4	2.6	0.000117608	251.1886432	398.1071706
2.5	2.6	0.000100955	316.227766	398.1071706
2.6	2.6	8.67E-05	398.1071706	398.1071706
-1	2.7	0.029995455	0.1	501.1872336
-0.9	2.7	0.025620258	0.125892541	501.1872336
-0.8	2.7	0.021868847	0.158489319	501.1872336
-0.7	2.7	0.018656215	0.199526231	501.1872336
-0.6	2.7	0.015907857	0.251188643	501.1872336
-0.5	2.7	0.013558782	0.316227766	501.1872336
-0.4	2.7	0.011552517	0.398107171	501.1872336
-0.3	2.7	0.009840154	0.501187234	501.1872336
-0.2	2.7	0.008379453	0.630957344	501.1872336
-0.1	2.7	0.00713402	0.794328235	501.1872336
0	2.7	0.006072562	1	501.1872336
0.1	2.7	0.005168214	1.258925412	501.1872336
0.2	2.7	0.004397949	1.584893192	501.1872336
0.3	2.7	0.003742051	1.995262315	501.1872336
0.4	2.7	0.00318366	2.511886432	501.1872336
0.5	2.7	0.002708365	3.16227766	501.1872336
0.6	2.7	0.002303864	3.981071706	501.1872336
0.7	2.7	0.001959658	5.011872336	501.1872336
0.8	2.7	0.001666791	6.309573445	501.1872336
0.9	2.7	0.001417631	7.943282347	501.1872336
1	2.7	0.001205671	10	501.1872336
1.1	2.7	0.001025371	12.58925412	501.1872336
1.2	2.7	0.000872009	15.84893192	501.1872336
1.3	2.7	0.000741569	19.95262315	501.1872336
1.4	2.7	0.000630628	25.11886432	501.1872336
1.5	2.7	0.000536275	31.6227766	501.1872336
1.6	2.7	0.000456033	39.81071706	501.1872336
1.7	2.7	0.000387792	50.11872336	501.1872336
1.8	2.7	0.00032976	63.09573445	501.1872336
1.9	2.7	0.00028041	79.43282347	501.1872336
2	2.7	0.000238443	100	501.1872336
2.1	2.7	0.000202756	125.8925412	501.1872336
2.2	2.7	0.000172409	158.4893192	501.1872336
2.3	2.7	0.000146604	199.5262315	501.1872336
2.4	2.7	0.00012466	251.1886432	501.1872336
2.5	2.7	0.000106001	316.227766	501.1872336
2.6	2.7	9.01E-05	398.1071706	501.1872336
-1	2.8	0.043259586	0.1	630.9573445
-0.9	2.8	0.036687635	0.125892541	630.9573445
-0.8	2.8	0.031081654	0.158489319	630.9573445
-0.7	2.8	0.026308888	0.199526231	630.9573445
-0.6	2.8	0.022252176	0.251188643	630.9573445
-0.5	2.8	0.018808908	0.316227766	630.9573445
-0.4	2.8	0.015889787	0.398107171	630.9573445
-0.3	2.8	0.013417515	0.501187234	630.9573445
-0.2	2.8	0.011325474	0.630957344	630.9573445
-0.1	2.8	0.009556461	0.794328235	630.9573445
0	2.8	0.008061511	1	630.9573445
0.1	2.8	0.006798816	1.258925412	630.9573445
0.2	2.8	0.005732757	1.584893192	630.9573445
0.3	2.8	0.004833044	1.995262315	630.9573445
0.4	2.8	0.004073955	2.511886432	630.9573445
0.5	2.8	0.003433679	3.16227766	630.9573445
0.6	2.8	0.002893738	3.981071706	630.9573445
0.7	2.8	0.002438495	5.011872336	630.9573445
0.8	2.8	0.002054723	6.309573445	630.9573445
0.9	2.8	0.001731244	7.943282347	630.9573445
1	2.8	0.001458617	10	630.9573445
1.1	2.8	0.001228869	12.58925412	630.9573445
1.2	2.8	0.001035271	15.84893192	630.9573445
1.3	2.8	0.000872146	19.95262315	630.9573445
1.4	2.8	0.000734706	25.11886432	630.9573445
1.5	2.8	0.000618911	31.6227766	630.9573445
1.6	2.8	0.000521357	39.81071706	630.9573445
1.7	2.8	0.000439172	50.11872336	630.9573445
1.8	2.8	0.000369938	63.09573445	630.9573445
1.9	2.8	0.000311615	79.43282347	630.9573445
2	2.8	0.000262485	100	630.9573445
2.1	2.8	0.000221099	125.8925412	630.9573445
2.2	2.8	0.000186237	158.4893192	630.9573445
2.3	2.8	0.000156871	199.5262315	630.9573445
2.4	2.8	0.000132135	251.1886432	630.9573445
2.5	2.8	0.000111299	316.227766	630.9573445
2.6	2.8	9.37E-05	398.1071706	630.9573445
-1	2.9	0.062014187	0.1	794.3282347
-0.9	2.9	0.052279361	0.125892541	794.3282347
-0.8	2.9	0.044000996	0.158489319	794.3282347
-0.7	2.9	0.036982346	0.199526231	794.3282347
-0.6	2.9	0.031046891	0.251188643	794.3282347
-0.5	2.9	0.026038285	0.316227766	794.3282347
-0.4	2.9	0.021819492	0.398107171	794.3282347
-0.3	2.9	0.018271416	0.501187234	794.3282347
-0.2	2.9	0.015291275	0.630957344	794.3282347
-0.1	2.9	0.012790874	0.794328235	794.3282347
0	2.9	0.010694893	1	794.3282347
0.1	2.9	0.008939261	1.258925412	794.3282347
0.2	2.9	0.007469651	1.584893192	794.3282347
0.3	2.9	0.006240122	1.995262315	794.3282347
0.4	2.9	0.005211915	2.511886432	794.3282347
0.5	2.9	0.004352388	3.16227766	794.3282347
0.6	2.9	0.003634092	3.981071706	794.3282347
0.7	2.9	0.003033979	5.011872336	794.3282347
0.8	2.9	0.002532713	6.309573445	794.3282347
0.9	2.9	0.00211409	7.943282347	794.3282347
1	2.9	0.001764536	10	794.3282347
1.1	2.9	0.001472695	12.58925412	794.3282347
1.2	2.9	0.001229062	15.84893192	794.3282347
1.3	2.9	0.001025693	19.95262315	794.3282347
1.4	2.9	0.000855946	25.11886432	794.3282347
1.5	2.9	0.000714271	31.6227766	794.3282347
1.6	2.9	0.000596032	39.81071706	794.3282347
1.7	2.9	0.000497356	50.11872336	794.3282347
1.8	2.9	0.00041501	63.09573445	794.3282347
1.9	2.9	0.000346293	79.43282347	794.3282347
2	2.9	0.000288951	100	794.3282347
2.1	2.9	0.000241101	125.8925412	794.3282347
2.2	2.9	0.000201174	158.4893192	794.3282347
2.3	2.9	0.000167858	199.5262315	794.3282347
2.4	2.9	0.000140058	251.1886432	794.3282347
2.5	2.9	0.000116862	316.227766	794.3282347
2.6	2.9	9.75E-05	398.1071706	794.3282347
-1	3	0.088150449	0.1	1000
-0.9	3	0.07398841	0.125892541	1000
-0.8	3	0.061947041	0.158489319	1000
-0.7	3	0.051755835	0.199526231	1000
-0.6	3	0.043164085	0.251188643	1000
-0.5	3	0.035944548	0.316227766	1000
-0.4	3	0.029894808	0.398107171	1000
-0.3	3	0.024837053	0.501187234	1000
-0.2	3	0.020616809	0.630957344	1000
-0.1	3	0.017101082	0.794328235	1000
0	3	0.014176205	1	1000
0.1	3	0.011745604	1.258925412	1000
0.2	3	0.009727634	1.584893192	1000
0.3	3	0.008053538	1.995262315	1000
0.4	3	0.00666561	2.511886432	1000
0.5	3	0.005515544	3.16227766	1000
0.6	3	0.004562996	3.981071706	1000
0.7	3	0.003774331	5.011872336	1000
0.8	3	0.00312155	6.309573445	1000
0.9	3	0.002581378	7.943282347	1000
1	3	0.00213448	10	1000
1.1	3	0.001764813	12.58925412	1000
1.2	3	0.001459075	15.84893192	1000
1.3	3	0.00120624	19.95262315	1000
1.4	3	0.000997173	25.11886432	1000
1.5	3	0.000824312	31.6227766	1000
1.6	3	0.000681396	39.81071706	1000
1.7	3	0.000563244	50.11872336	1000
1.8	3	0.00046557	63.09573445	1000
1.9	3	0.000384828	79.43282347	1000
2	3	0.000318084	100	1000
2.1	3	0.000262912	125.8925412	1000
2.2	3	0.000217309	158.4893192	1000
2.3	3	0.000179614	199.5262315	1000
2.4	3	0.000148456	251.1886432	1000
2.5	3	0.000122703	316.227766	1000
2.6	3	0.000101417	398.1071706	1000
-1	3.1	0.123847587	0.1	1258.925412
-0.9	3.1	0.103725525	0.125892541	1258.925412
-0.8	3.1	0.086549827	0.158489319	1258.925412
-0.7	3.1	0.071989777	0.199526231	1258.925412
-0.6	3.1	0.05971899	0.251188643	1258.925412
-0.5	3.1	0.049428378	0.316227766	1258.925412
-0.4	3.1	0.040834008	0.398107171	1258.925412
-0.3	3.1	0.033681038	0.501187234	1258.925412
-0.2	3.1	0.027744823	0.630957344	1258.925412
-0.1	3.1	0.022830135	0.794328235	1258.925412
0	3.1	0.018769223	1	1258.925412
0.1	3.1	0.015419249	1.258925412	1258.925412
0.2	3.1	0.012659471	1.584893192	1258.925412
0.3	3.1	0.010388434	1.995262315	1258.925412
0.4	3.1	0.008521292	2.511886432	1258.925412
0.5	3.1	0.006987367	3.16227766	1258.925412
0.6	3.1	0.00572797	3.981071706	1258.925412
0.7	3.1	0.004694492	5.011872336	1258.925412
0.8	3.1	0.00384676	6.309573445	1258.925412
0.9	3.1	0.003151627	7.943282347	1258.925412
1	3.1	0.002581783	10	1258.925412
1.1	3.1	0.002114753	12.58925412	1258.925412
1.2	3.1	0.00173206	15.84893192	1258.925412
1.3	3.1	0.001418522	19.95262315	1258.925412
1.4	3.1	0.001161675	25.11886432	1258.925412
1.5	3.1	0.000951289	31.6227766	1258.925412
1.6	3.1	0.000778976	39.81071706	1258.925412
1.7	3.1	0.000637856	50.11872336	1258.925412
1.8	3.1	0.000522287	63.09573445	1258.925412
1.9	3.1	0.000427649	79.43282347	1258.925412
2	3.1	0.000350153	100	1258.925412
2.1	3.1	0.000286696	125.8925412	1258.925412
2.2	3.1	0.000234737	158.4893192	1258.925412
2.3	3.1	0.000192192	199.5262315	1258.925412
2.4	3.1	0.000157358	251.1886432	1258.925412
2.5	3.1	0.000128836	316.227766	1258.925412
2.6	3.1	0.000105483	398.1071706	1258.925412
-1	3.2	0.1712851	0.1	1584.893192
-0.9	3.2	0.143561543	0.125892541	1584.893192
-0.8	3.2	0.119677201	0.158489319	1584.893192
-0.7	3.2	0.099305747	0.199526231	1584.893192
-0.6	3.2	0.082078611	0.251188643	1584.893192
-0.5	3.2	0.067615617	0.316227766	1584.893192
-0.4	3.2	0.055546914	0.398107171	1584.893192
-0.3	3.2	0.045527167	0.501187234	1584.893192
-0.2	3.2	0.037243545	0.630957344	1584.893192
-0.1	3.2	0.030419085	0.794328235	1584.893192
0	3.2	0.024812902	1	1584.893192
0.1	3.2	0.020218383	1.258925412	1584.893192
0.2	3.2	0.016460255	1.584893192	1584.893192
0.3	3.2	0.013391129	1.995262315	1584.893192
0.4	3.2	0.010887927	2.511886432	1584.893192
0.5	3.2	0.008848451	3.16227766	1584.893192
0.6	3.2	0.007188225	3.981071706	1584.893192
0.7	3.2	0.00583767	5.011872336	1584.893192
0.8	3.2	0.004739652	6.309573445	1584.893192
0.9	3.2	0.003847363	7.943282347	1584.893192
1	3.2	0.00312253	10	1584.893192
1.1	3.2	0.002533906	12.58925412	1584.893192
1.2	3.2	0.002056014	15.84893192	1584.893192
1.3	3.2	0.001668101	19.95262315	1584.893192
1.4	3.2	0.001353277	25.11886432	1584.893192
1.5	3.2	0.001097805	31.6227766	1584.893192
1.6	3.2	0.000890519	39.81071706	1584.893192
1.7	3.2	0.000722343	50.11872336	1584.893192
1.8	3.2	0.000585909	63.09573445	1584.893192
1.9	3.2	0.000475232	79.43282347	1584.893192
2	3.2	0.000385454	100	1584.893192
2.1	3.2	0.000312631	125.8925412	1584.893192
2.2	3.2	0.000253562	158.4893192	1584.893192
2.3	3.2	0.000205652	199.5262315	1584.893192
2.4	3.2	0.000166793	251.1886432	1584.893192
2.5	3.2	0.000135275	316.227766	1584.893192
2.6	3.2	0.000109713	398.1071706	1584.893192
-1	3.3	0.232079694	0.1	1995.262315
-0.9	3.3	0.195361908	0.125892541	1995.262315
-0.8	3.3	0.163218593	0.158489319	1995.262315
-0.7	3.3	0.135473467	0.199526231	1995.262315
-0.6	3.3	0.111814449	0.251188643	1995.262315
-0.5	3.3	0.091848264	0.316227766	1995.262315
-0.4	3.3	0.075145705	0.398107171	1995.262315
-0.3	3.3	0.061275559	0.501187234	1995.262315
-0.2	3.3	0.049827589	0.630957344	1995.262315
-0.1	3.3	0.04042631	0.794328235	1995.262315
0	3.3	0.032737713	1	1995.262315
0.1	3.3	0.026471055	1.258925412	1995.262315
0.2	3.3	0.021377451	1.584893192	1995.262315
0.3	3.3	0.017246603	1.995262315	1995.262315
0.4	3.3	0.013902635	2.511886432	1995.262315
0.5	3.3	0.011199645	3.16227766	1995.262315
0.6	3.3	0.009017372	3.981071706	1995.262315
0.7	3.3	0.007257198	5.011872336	1995.262315
0.8	3.3	0.005838583	6.309573445	1995.262315
0.9	3.3	0.004695963	7.943282347	1995.262315
1	3.3	0.003776106	10	1995.262315
1.1	3.3	0.003035883	12.58925412	1995.262315
1.2	3.3	0.002440409	15.84893192	1995.262315
1.3	3.3	0.001961505	19.95262315	1995.262315
1.4	3.3	0.001576432	25.11886432	1995.262315
1.5	3.3	0.001266859	31.6227766	1995.262315
1.6	3.3	0.001018016	39.81071706	1995.262315
1.7	3.3	0.000818012	50.11872336	1995.262315
1.8	3.3	0.000657276	63.09573445	1995.262315
1.9	3.3	0.000528108	79.43282347	1995.262315
2	3.3	0.000424313	100	1995.262315
2.1	3.3	0.000340911	125.8925412	1995.262315
2.2	3.3	0.000273897	158.4893192	1995.262315
2.3	3.3	0.000220054	199.5262315	1995.262315
2.4	3.3	0.000176794	251.1886432	1995.262315
2.5	3.3	0.000142037	316.227766	1995.262315
2.6	3.3	0.000114112	398.1071706	1995.262315
-1	3.4	0.306472361	0.1	2511.886432
-0.9	3.4	0.260175036	0.125892541	2511.886432
-0.8	3.4	0.218666474	0.158489319	2511.886432
-0.7	3.4	0.182149769	0.199526231	2511.886432
-0.6	3.4	0.150556185	0.251188643	2511.886432
-0.5	3.4	0.123614204	0.316227766	2511.886432
-0.4	3.4	0.100920677	0.398107171	2511.886432
-0.3	3.4	0.08200348	0.501187234	2511.886432
-0.2	3.4	0.066370475	0.630957344	2511.886432
-0.1	3.4	0.053543891	0.794328235	2511.886432
0	3.4	0.043081755	1	2511.886432
0.1	3.4	0.034589145	1.258925412	2511.886432
0.2	3.4	0.027722164	1.584893192	2511.886432
0.3	3.4	0.022187154	1.995262315	2511.886432
0.4	3.4	0.017737103	2.511886432	2511.886432
0.5	3.4	0.014166663	3.16227766	2511.886432
0.6	3.4	0.011306671	3.981071706	2511.886432
0.7	3.4	0.009018778	5.011872336	2511.886432
0.8	3.4	0.00719047	6.309573445	2511.886432
0.9	3.4	0.005730658	7.943282347	2511.886432
1	3.4	0.004565855	10	2511.886432
1.1	3.4	0.003636941	12.58925412	2511.886432
1.2	3.4	0.002896463	15.84893192	2511.886432
1.3	3.4	0.002306397	19.95262315	2511.886432
1.4	3.4	0.001836317	25.11886432	2511.886432
1.5	3.4	0.001461907	31.6227766	2511.886432
1.6	3.4	0.001163747	39.81071706	2511.886432
1.7	3.4	0.000926341	50.11872336	2511.886432
1.8	3.4	0.00073733	63.09573445	2511.886432
1.9	3.4	0.000586863	79.43282347	2511.886432
2	3.4	0.000467087	100	2511.886432
2.1	3.4	0.000371748	125.8925412	2511.886432
2.2	3.4	0.000295863	158.4893192	2511.886432
2.3	3.4	0.000235465	199.5262315	2511.886432
2.4	3.4	0.000187394	251.1886432	2511.886432
2.5	3.4	0.000149136	316.227766	2511.886432
2.6	3.4	0.000118687	398.1071706	2511.886432
-1	3.5	0.392522353	0.1	3162.27766
-0.9	3.5	0.337472245	0.125892541	3162.27766
-0.8	3.5	0.286501519	0.158489319	3162.27766
-0.7	3.5	0.240435431	0.199526231	3162.27766
-0.6	3.5	0.199703096	0.251188643	3162.27766
-0.5	3.5	0.164377914	0.316227766	3162.27766
-0.4	3.5	0.134253119	0.398107171	3162.27766
-0.3	3.5	0.108929477	0.501187234	3162.27766
-0.2	3.5	0.087897566	0.630957344	3162.27766
-0.1	3.5	0.070604698	0.794328235	3162.27766
0	3.5	0.05650325	1	3162.27766
0.1	3.5	0.045081585	1.258925412	3162.27766
0.2	3.5	0.035880913	1.584893192	3162.27766
0.3	3.5	0.028501953	1.995262315	3162.27766
0.4	3.5	0.022604908	2.511886432	3162.27766
0.5	3.5	0.017905472	3.16227766	3162.27766
0.6	3.5	0.01416886	3.981071706	3162.27766
0.7	3.5	0.011203129	5.011872336	3162.27766
0.8	3.5	0.008852591	6.309573445	3162.27766
0.9	3.5	0.006991734	7.943282347	3162.27766
1	3.5	0.00551986	10	3162.27766
1.1	3.5	0.00435648	12.58925412	3162.27766
1.2	3.5	0.003437449	15.84893192	3162.27766
1.3	3.5	0.002711767	19.95262315	3162.27766
1.4	3.5	0.002138955	25.11886432	3162.27766
1.5	3.5	0.001686934	31.6227766	3162.27766
1.6	3.5	0.001330311	39.81071706	3162.27766
1.7	3.5	0.001049	50.11872336	3162.27766
1.8	3.5	0.000827126	63.09573445	3162.27766
1.9	3.5	0.00065215	79.43282347	3162.27766
2	3.5	0.000514171	100	3162.27766
2.1	3.5	0.000405373	125.8925412	3162.27766
2.2	3.5	0.000319589	158.4893192	3162.27766
2.3	3.5	0.000251954	199.5262315	3162.27766
2.4	3.5	0.00019863	251.1886432	3162.27766
2.5	3.5	0.000156589	316.227766	3162.27766
2.6	3.5	0.000123446	398.1071706	3162.27766
-1	3.6	0.485808745	0.1	3981.071706
-0.9	3.6	0.424555668	0.125892541	3981.071706
-0.8	3.6	0.365535381	0.158489319	3981.071706
-0.7	3.6	0.310295637	0.199526231	3981.071706
-0.6	3.6	0.259983056	0.251188643	3981.071706
-0.5	3.6	0.215281984	0.316227766	3981.071706
-0.4	3.6	0.176434293	0.398107171	3981.071706
-0.3	3.6	0.143316399	0.501187234	3981.071706
-0.2	3.6	0.115542812	0.630957344	3981.071706
-0.1	3.6	0.092569936	0.794328235	3981.071706
0	3.6	0.073783617	1	3981.071706
0.1	3.6	0.058563777	1.258925412	3981.071706
0.2	3.6	0.046326406	1.584893192	3981.071706
0.3	3.6	0.036546865	1.995262315	3981.071706
0.4	3.6	0.028769514	2.511886432	3981.071706
0.5	3.6	0.022608384	3.16227766	3981.071706
0.6	3.6	0.017742586	3.981071706	3981.071706
0.7	3.6	0.013909106	5.011872336	3981.071706
0.8	3.6	0.010894705	6.309573445	3981.071706
0.9	3.6	0.00852794	7.943282347	3981.071706
1	3.6	0.006671862	10	3981.071706
1.1	3.6	0.005217628	12.58925412	3981.071706
1.2	3.6	0.004079064	15.84893192	3981.071706
1.3	3.6	0.003188156	19.95262315	3981.071706
1.4	3.6	0.002491344	25.11886432	3981.071706
1.5	3.6	0.001946532	31.6227766	3981.071706
1.6	3.6	0.001520679	39.81071706	3981.071706
1.7	3.6	0.001187881	50.11872336	3981.071706
1.8	3.6	0.000927848	63.09573445	3981.071706
1.9	3.6	0.000724696	79.43282347	3981.071706
2	3.6	0.000565999	100	3981.071706
2.1	3.6	0.000442038	125.8925412	3981.071706
2.2	3.6	0.000345217	158.4893192	3981.071706
2.3	3.6	0.000269598	199.5262315	3981.071706
2.4	3.6	0.000210539	251.1886432	3981.071706
2.5	3.6	0.000164416	316.227766	3981.071706
2.6	3.6	0.000128395	398.1071706	3981.071706
-1	3.7	0.580094505	0.1	5011.872336
-0.9	3.7	0.516589025	0.125892541	5011.872336
-0.8	3.7	0.452543175	0.158489319	5011.872336
-0.7	3.7	0.390031142	0.199526231	5011.872336
-0.6	3.7	0.330934342	0.251188643	5011.872336
-0.5	3.7	0.276729439	0.316227766	5011.872336
-0.4	3.7	0.228372476	0.398107171	5011.872336
-0.3	3.7	0.186289175	0.501187234	5011.872336
-0.2	3.7	0.150448751	0.630957344	5011.872336
-0.1	3.7	0.120482742	0.794328235	5011.872336
0	3.7	0.095812157	1	5011.872336
0.1	3.7	0.075758102	1.258925412	5011.872336
0.2	3.7	0.059624689	1.584893192	5011.872336
0.3	3.7	0.046753241	1.995262315	5011.872336
0.4	3.7	0.036552405	2.511886432	5011.872336
0.5	3.7	0.028510667	3.16227766	5011.872336
0.6	3.7	0.022197395	3.981071706	5011.872336
0.7	3.7	0.017257271	5.011872336	5011.872336
0.8	3.7	0.013401524	6.309573445	5011.872336
0.9	3.7	0.010398142	7.943282347	5011.872336
1	3.7	0.00806234	10	5011.872336
1.1	3.7	0.006247931	12.58925412	5011.872336
1.2	3.7	0.004839858	15.84893192	5011.872336
1.3	3.7	0.003747921	19.95262315	5011.872336
1.4	3.7	0.002901621	25.11886432	5011.872336
1.5	3.7	0.002245989	31.6227766	5011.872336
1.6	3.7	0.001738241	39.81071706	5011.872336
1.7	3.7	0.001345124	50.11872336	5011.872336
1.8	3.7	0.001040822	63.09573445	5011.872336
1.9	3.7	0.000805304	79.43282347	5011.872336
2	3.7	0.000623047	100	5011.872336
2.1	3.7	0.000482018	125.8925412	5011.872336
2.2	3.7	0.0003729	158.4893192	5011.872336
2.3	3.7	0.000288477	199.5262315	5011.872336
2.4	3.7	0.000223162	251.1886432	5011.872336
2.5	3.7	0.000172633	316.227766	5011.872336
2.6	3.7	0.000133543	398.1071706	5011.872336
-1	3.8	0.668875383	0.1	6309.573445
-0.9	3.8	0.607510646	0.125892541	6309.573445
-0.8	3.8	0.542551225	0.158489319	6309.573445
-0.7	3.8	0.476111926	0.199526231	6309.573445
-0.6	3.8	0.410507502	0.251188643	6309.573445
-0.5	3.8	0.347939104	0.316227766	6309.573445
-0.4	3.8	0.290212303	0.398107171	6309.573445
-0.3	3.8	0.23855903	0.501187234	6309.573445
-0.2	3.8	0.193591751	0.630957344	6309.573445
-0.1	3.8	0.155371055	0.794328235	6309.573445
0	3.8	0.123540231	1	6309.573445
0.1	3.8	0.097477975	1.258925412	6309.573445
0.2	3.8	0.076434375	1.584893192	6309.573445
0.3	3.8	0.05963351	1.995262315	6309.573445
0.4	3.8	0.046340309	2.511886432	6309.573445
0.5	3.8	0.035897242	3.16227766	6309.573445
0.6	3.8	0.02773913	3.981071706	6309.573445
0.7	3.8	0.021393912	5.011872336	6309.573445
0.8	3.8	0.016475543	6.309573445	6309.573445
0.9	3.8	0.012673242	7.943282347	6309.573445
1	3.8	0.009739764	10	6309.573445
1.1	3.8	0.007480155	12.58925412	6309.573445
1.2	3.8	0.005741731	15.84893192	6309.573445
1.3	3.8	0.004405532	19.95262315	6309.573445
1.4	3.8	0.003379233	25.11886432	6309.573445
1.5	3.8	0.002591395	31.6227766	6309.573445
1.6	3.8	0.001986868	39.81071706	6309.573445
1.7	3.8	0.001523151	50.11872336	6309.573445
1.8	3.8	0.001167535	63.09573445	6309.573445
1.9	3.8	0.000894872	79.43282347	6309.573445
2	3.8	0.000685842	100	6309.573445
2.1	3.8	0.000525613	125.8925412	6309.573445
2.2	3.8	0.000402802	158.4893192	6309.573445
2.3	3.8	0.000308677	199.5262315	6309.573445
2.4	3.8	0.000236542	251.1886432	6309.573445
2.5	3.8	0.000181261	316.227766	6309.573445
2.6	3.8	0.000138898	398.1071706	6309.573445
-1	3.9	0.747069714	0.1	7943.282347
-0.9	3.9	0.691542408	0.125892541	7943.282347
-0.8	3.9	0.629864512	0.158489319	7943.282347
-0.7	3.9	0.56363581	0.199526231	7943.282347
-0.6	3.9	0.495056818	0.251188643	7943.282347
-0.5	3.9	0.426663327	0.316227766	7943.282347
-0.4	3.9	0.360964046	0.398107171	7943.282347
-0.3	3.9	0.300086319	0.501187234	7943.282347
-0.2	3.9	0.245530932	0.630957344	7943.282347
-0.1	3.9	0.198086675	0.794328235	7943.282347
0	3.9	0.157891559	1	7943.282347
0.1	3.9	0.124585547	1.258925412	7943.282347
0.2	3.9	0.097491816	1.584893192	7943.282347
0.3	3.9	0.075780134	1.995262315	7943.282347
0.4	3.9	0.058589802	2.511886432	7943.282347
0.5	3.9	0.045108682	3.16227766	7943.282347
0.6	3.9	0.03461542	3.981071706	7943.282347
0.7	3.9	0.02649539	5.011872336	7943.282347
0.8	3.9	0.020240209	6.309573445	7943.282347
0.9	3.9	0.015438366	7.943282347	7943.282347
1	3.9	0.01176205	10	7943.282347
1.1	3.9	0.008953209	12.58925412	7943.282347
1.2	3.9	0.006810511	15.84893192	7943.282347
1.3	3.9	0.005177929	19.95262315	7943.282347
1.4	3.9	0.00393515	25.11886432	7943.282347
1.5	3.9	0.002989761	31.6227766	7943.282347
1.6	3.9	0.002270976	39.81071706	7943.282347
1.7	3.9	0.001724699	50.11872336	7943.282347
1.8	3.9	0.001309655	63.09573445	7943.282347
1.9	3.9	0.00099439	79.43282347	7943.282347
2	3.9	0.00075496	100	7943.282347
2.1	3.9	0.000573147	125.8925412	7943.282347
2.2	3.9	0.0004351	158.4893192	7943.282347
2.3	3.9	0.000330292	199.5262315	7943.282347
2.4	3.9	0.000250724	251.1886432	7943.282347
2.5	3.9	0.00019032	316.227766	7943.282347
2.6	3.9	0.000144467	398.1071706	7943.282347
-1	4	0.811988985	0.1	10000
-0.9	4	0.764555595	0.125892541	10000
-0.8	4	0.709437486	0.158489319	10000
-0.7	4	0.647367418	0.199526231	10000
-0.6	4	0.579889804	0.251188643	10000
-0.5	4	0.509287619	0.316227766	10000
-0.4	4	0.438312986	0.398107171	10000
-0.3	4	0.369776013	0.501187234	10000
-0.2	4	0.306115267	0.630957344	10000
-0.1	4	0.249082724	0.794328235	10000
0	4	0.199619094	1	10000
0.1	4	0.157912477	1.258925412	10000
0.2	4	0.123574302	1.584893192	10000
0.3	4	0.09585305	1.995262315	10000
0.4	4	0.073826632	2.511886432	10000
0.5	4	0.056545197	3.16227766	10000
0.6	4	0.043120684	3.981071706	10000
0.7	4	0.032772601	5.011872336	10000
0.8	4	0.024843372	6.309573445	10000
0.9	4	0.018795316	7.943282347	10000
1	4	0.014198206	10	10000
1.1	4	0.010713218	12.58925412	10000
1.2	4	0.008076621	15.84893192	10000
1.3	4	0.006084918	19.95262315	10000
1.4	4	0.004582102	25.11886432	10000
1.5	4	0.003449154	31.6227766	10000
1.6	4	0.002595603	39.81071706	10000
1.7	4	0.001952864	50.11872336	10000
1.8	4	0.001469049	63.09573445	10000
1.9	4	0.001104965	79.43282347	10000
2	4	0.000831039	100	10000
2.1	4	0.000624978	125.8925412	10000
2.2	4	0.000469987	158.4893192	10000
2.3	4	0.000353419	199.5262315	10000
2.4	4	0.000265756	251.1886432	10000
2.5	4	0.000199832	316.227766	10000
2.6	4	0.000150259	398.1071706	10000
-1	4.1	0.863294611	0.1	12589.25412
-0.9	4.1	0.824668028	0.125892541	12589.25412
-0.8	4.1	0.777934795	0.158489319	12589.25412
-0.7	4.1	0.722930269	0.199526231	12589.25412
-0.6	4.1	0.660251562	0.251188643	12589.25412
-0.5	4.1	0.591407598	0.316227766	12589.25412
-0.4	4.1	0.518780977	0.398107171	12589.25412
-0.3	4.1	0.445351968	0.501187234	12589.25412
-0.2	4.1	0.374233603	0.630957344	12589.25412
-0.1	4.1	0.308162253	0.794328235	12589.25412
0	4.1	0.249112149	1	12589.25412
0.1	4.1	0.198136658	1.258925412	12589.25412
0.2	4.1	0.155432999	1.584893192	12589.25412
0.3	4.1	0.120549438	1.995262315	12589.25412
0.4	4.1	0.09263603	2.511886432	12589.25412
0.5	4.1	0.07066666	3.16227766	12589.25412
0.6	4.1	0.053599723	3.981071706	12589.25412
0.7	4.1	0.040475158	5.011872336	12589.25412
0.8	4.1	0.030460871	6.309573445	12589.25412
0.9	4.1	0.022865256	7.943282347	12589.25412
1	4.1	0.017130193	10	12589.25412
1.1	4.1	0.012814733	12.58925412	12589.25412
1.2	4.1	0.009575838	15.84893192	12589.25412
1.3	4.1	0.007149637	19.95262315	12589.25412
1.4	4.1	0.005334844	25.11886432	12589.25412
1.5	4.1	0.003978854	31.6227766	12589.25412
1.6	4.1	0.002966497	39.81071706	12589.25412
1.7	4.1	0.002211146	50.11872336	12589.25412
1.8	4.1	0.00164781	63.09573445	12589.25412
1.9	4.1	0.001227819	79.43282347	12589.25412
2	4.1	0.000914777	100	12589.25412
2.1	4.1	0.000681493	125.8925412	12589.25412
2.2	4.1	0.00050767	158.4893192	12589.25412
2.3	4.1	0.000378166	199.5262315	12589.25412
2.4	4.1	0.000281688	251.1886432	12589.25412
2.5	4.1	0.000209819	316.227766	12589.25412
2.6	4.1	0.000156283	398.1071706	12589.25412
-1	4.2	0.902284481	0.1	15848.93192
-0.9	4.2	0.872002279	0.125892541	15848.93192
-0.8	4.2	0.834061469	0.158489319	15848.93192
-0.7	4.2	0.787613503	0.199526231	15848.93192
-0.6	4.2	0.732336572	0.251188643	15848.93192
-0.5	4.2	0.668724095	0.316227766	15848.93192
-0.4	4.2	0.598286379	0.398107171	15848.93192
-0.3	4.2	0.523542625	0.501187234	15848.93192
-0.2	4.2	0.447729252	0.630957344	15848.93192
-0.1	4.2	0.374270444	0.794328235	15848.93192
0	4.2	0.306182101	1	15848.93192
0.1	4.2	0.245618367	1.258925412	15848.93192
0.2	4.2	0.193690006	1.584893192	15848.93192
0.3	4.2	0.150549312	1.995262315	15848.93192
0.4	4.2	0.115639305	2.511886432	15848.93192
0.5	4.2	0.08798589	3.16227766	15848.93192
0.6	4.2	0.066448501	3.981071706	15848.93192
0.7	4.2	0.049894664	5.011872336	15848.93192
0.8	4.2	0.037299993	6.309573445	15848.93192
0.9	4.2	0.02779154	7.943282347	15848.93192
1	4.2	0.020654961	10	15848.93192
1.1	4.2	0.015322099	12.58925412	15848.93192
1.2	4.2	0.011350161	15.84893192	15848.93192
1.3	4.2	0.008399083	19.95262315	15848.93192
1.4	4.2	0.006210475	25.11886432	15848.93192
1.5	4.2	0.004589528	31.6227766	15848.93192
1.6	4.2	0.003390209	39.81071706	15848.93192
1.7	4.2	0.002503503	50.11872336	15848.93192
1.8	4.2	0.001848284	63.09573445	15848.93192
1.9	4.2	0.001364315	79.43282347	15848.93192
2	4.2	0.001006944	100	15848.93192
2.1	4.2	0.000743114	125.8925412	15848.93192
2.2	4.2	0.000548372	158.4893192	15848.93192
2.3	4.2	0.000404644	199.5262315	15848.93192
2.4	4.2	0.000298576	251.1886432	15848.93192
2.5	4.2	0.000220305	316.227766	15848.93192
2.6	4.2	0.000162549	398.1071706	15848.93192
-1	4.3	0.931042278	0.1	19952.62315
-0.9	4.3	0.907983592	0.125892541	19952.62315
-0.8	4.3	0.878222856	0.158489319	19952.62315
-0.7	4.3	0.840527208	0.199526231	19952.62315
-0.6	4.3	0.793901355	0.251188643	19952.62315
-0.5	4.3	0.737894274	0.316227766	19952.62315
-0.4	4.3	0.67293744	0.398107171	19952.62315
-0.3	4.3	0.600596034	0.501187234	19952.62315
-0.2	4.3	0.523581866	0.630957344	19952.62315
-0.1	4.3	0.445429687	0.794328235	19952.62315
0	4.3	0.369886001	1	19952.62315
0.1	4.3	0.3002185	1.258925412	19952.62315
0.2	4.3	0.238701938	1.584893192	19952.62315
0.3	4.3	0.186432296	1.995262315	19952.62315
0.4	4.3	0.143451653	2.511886432	19952.62315
0.5	4.3	0.109051692	3.16227766	19952.62315
0.6	4.3	0.082110124	3.981071706	19952.62315
0.7	4.3	0.061366109	5.011872336	19952.62315
0.8	4.3	0.045602422	6.309573445	19952.62315
0.9	4.3	0.033742532	7.943282347	19952.62315
1	4.3	0.024886633	10	19952.62315
1.1	4.3	0.018310964	12.58925412	19952.62315
1.2	4.3	0.013448787	15.84893192	19952.62315
1.3	4.3	0.009864709	19.95262315	19952.62315
1.4	4.3	0.007228782	25.11886432	19952.62315
1.5	4.3	0.00529343	31.6227766	19952.62315
1.6	4.3	0.003874205	39.81071706	19952.62315
1.7	4.3	0.002834405	50.11872336	19952.62315
1.8	4.3	0.002073097	63.09573445	19952.62315
1.9	4.3	0.001515962	79.43282347	19952.62315
2	4.3	0.001108388	100	19952.62315
2.1	4.3	0.000810303	125.8925412	19952.62315
2.2	4.3	0.000592336	158.4893192	19952.62315
2.3	4.3	0.000432976	199.5262315	19952.62315
2.4	4.3	0.000316476	251.1886432	19952.62315
2.5	4.3	0.000231315	316.227766	19952.62315
2.6	4.3	0.000169066	398.1071706	19952.62315
-1	4.4	0.951788842	0.1	25118.86432
-0.9	4.4	0.934608731	0.125892541	25118.86432
-0.8	4.4	0.911873317	0.158489319	25118.86432
-0.7	4.4	0.882229272	0.199526231	25118.86432
-0.6	4.4	0.844316026	0.251188643	25118.86432
-0.5	4.4	0.797005908	0.316227766	25118.86432
-0.4	4.4	0.73975041	0.398107171	25118.86432
-0.3	4.4	0.672972062	0.501187234	25118.86432
-0.2	4.4	0.598361994	0.630957344	25118.86432
-0.1	4.4	0.518898795	0.794328235	25118.86432
0	4.4	0.438467911	1	25118.86432
0.1	4.4	0.361145503	1.258925412	25118.86432
0.2	4.4	0.29040677	1.584893192	25118.86432
0.3	4.4	0.228566585	1.995262315	25118.86432
0.4	4.4	0.176617236	2.511886432	25118.86432
0.5	4.4	0.134417764	3.16227766	25118.86432
0.6	4.4	0.101063506	3.981071706	25118.86432
0.7	4.4	0.075266057	5.011872336	25118.86432
0.8	4.4	0.055646031	6.309573445	25118.86432
0.9	4.4	0.040914182	7.943282347	25118.86432
1	4.4	0.029958746	10	25118.86432
1.1	4.4	0.021869913	12.58925412	25118.86432
1.2	4.4	0.015929194	15.84893192	25118.86432
1.3	4.4	0.011583096	19.95262315	25118.86432
1.4	4.4	0.008412643	25.11886432	25118.86432
1.5	4.4	0.006104628	31.6227766	25118.86432
1.6	4.4	0.004426991	39.81071706	25118.86432
1.7	4.4	0.003208904	50.11872336	25118.86432
1.8	4.4	0.002325191	63.09573445	25118.86432
1.9	4.4	0.001684436	79.43282347	25118.86432
2	4.4	0.001220038	100	25118.86432
2.1	4.4	0.000883561	125.8925412	25118.86432
2.2	4.4	0.000639823	158.4893192	25118.86432
2.3	4.4	0.000463291	199.5262315	25118.86432
2.4	4.4	0.000335449	251.1886432	25118.86432
2.5	4.4	0.000242875	316.227766	25118.86432
2.6	4.4	0.000175845	398.1071706	25118.86432
-1	4.5	0.966518078	0.1	31622.7766
-0.9	4.5	0.953920802	0.125892541	31622.7766
-0.8	4.5	0.936893376	0.158489319	31622.7766
-0.7	4.5	0.914140217	0.199526231	31622.7766
-0.6	4.5	0.884197381	0.251188643	31622.7766
-0.5	4.5	0.845576241	0.316227766	31622.7766
-0.4	4.5	0.797031358	0.398107171	31622.7766
-0.3	4.5	0.737955121	0.501187234	31622.7766
-0.2	4.5	0.668828637	0.630957344	31622.7766
-0.1	4.5	0.591559645	0.794328235	31622.7766
0	4.5	0.509484192	1	31622.7766
0.1	4.5	0.426894237	1.258925412	31622.7766
0.2	4.5	0.348188982	1.584893192	31622.7766
0.3	4.5	0.2769814	1.995262315	31622.7766
0.4	4.5	0.215521263	2.511886432	31622.7766
0.5	4.5	0.16459411	3.16227766	31622.7766
0.6	4.5	0.123801792	3.981071706	31622.7766
0.7	4.5	0.092005848	5.011872336	31622.7766
0.8	4.5	0.06774466	6.309573445	31622.7766
0.9	4.5	0.049531961	7.943282347	31622.7766
1	4.5	0.036026407	10	31622.7766
1.1	4.5	0.026102194	12.58925412	31622.7766
1.2	4.5	0.018858327	15.84893192	31622.7766
1.3	4.5	0.013596708	19.95262315	31622.7766
1.4	4.5	0.009788475	25.11886432	31622.7766
1.5	4.5	0.007039259	31.6227766	31622.7766
1.6	4.5	0.00505825	39.81071706	31622.7766
1.7	4.5	0.003632703	50.11872336	31622.7766
1.8	4.5	0.00260786	63.09573445	31622.7766
1.9	4.5	0.001871598	79.43282347	31622.7766
2	4.5	0.00134292	100	31622.7766
2.1	4.5	0.000963437	125.8925412	31622.7766
2.2	4.5	0.000691113	158.4893192	31622.7766
2.3	4.5	0.000495726	199.5262315	31622.7766
2.4	4.5	0.000355558	251.1886432	31622.7766
2.5	4.5	0.000255013	316.227766	31622.7766
2.6	4.5	0.000182895	398.1071706	31622.7766
-1	4.6	0.97685673	0.1	39810.71706
-0.9	4.6	0.967726369	0.125892541	39810.71706
-0.8	4.6	0.955159293	0.158489319	39810.71706
-0.7	4.6	0.938012159	0.199526231	39810.71706
-0.6	4.6	0.9148922	0.251188643	39810.71706
-0.5	4.6	0.884213487	0.316227766	39810.71706
-0.4	4.6	0.844357378	0.398107171	39810.71706
-0.3	4.6	0.793978564	0.501187234	39810.71706
-0.2	4.6	0.7324599	0.630957344	39810.71706
-0.1	4.6	0.660427983	0.794328235	39810.71706
0	4.6	0.580119733	1	39810.71706
0.1	4.6	0.495332091	1.258925412	39810.71706
0.2	4.6	0.410812084	1.584893192	39810.71706
0.3	4.6	0.331247903	1.995262315	39810.71706
0.4	4.6	0.260285828	2.511886432	39810.71706
0.5	4.6	0.199979803	3.16227766	39810.71706
0.6	4.6	0.150797769	3.981071706	39810.71706
0.7	4.6	0.112017711	5.011872336	39810.71706
0.8	4.6	0.082244695	6.309573445	39810.71706
0.9	4.6	0.059851631	7.943282347	39810.71706
1	4.6	0.04326816	10	39810.71706
1.1	4.6	0.031127444	12.58925412	39810.71706
1.2	4.6	0.022313868	15.84893192	39810.71706
1.3	4.6	0.015954716	19.95262315	39810.71706
1.4	4.6	0.011386731	25.11886432	39810.71706
1.5	4.6	0.008115816	31.6227766	39810.71706
1.6	4.6	0.005779001	39.81071706	39810.71706
1.7	4.6	0.004112243	50.11872336	39810.71706
1.8	4.6	0.002924792	63.09573445	39810.71706
1.9	4.6	0.002079513	79.43282347	39810.71706
2	4.6	0.001478161	100	39810.71706
2.1	4.6	0.001050525	125.8925412	39810.71706
2.2	4.6	0.000746513	158.4893192	39810.71706
2.3	4.6	0.000530432	199.5262315	39810.71706
2.4	4.6	0.000376873	251.1886432	39810.71706
2.5	4.6	0.000267757	316.227766	39810.71706
2.6	4.6	0.000190227	398.1071706	39810.71706
-1	4.7	0.984055645	0.1	50118.72336
-0.9	4.7	0.977493306	0.125892541	50118.72336
-0.8	4.7	0.968317016	0.158489319	50118.72336
-0.7	4.7	0.955569481	0.199526231	50118.72336
-0.6	4.7	0.938021305	0.251188643	50118.72336
-0.5	4.7	0.914164908	0.316227766	50118.72336
-0.4	4.7	0.882278298	0.398107171	50118.72336
-0.3	4.7	0.840611536	0.501187234	50118.72336
-0.2	4.7	0.787745049	0.630957344	50118.72336
-0.1	4.7	0.723119291	0.794328235	50118.72336
0	4.7	0.647618761	1	50118.72336
0.1	4.7	0.563945315	1.258925412	50118.72336
0.2	4.7	0.476465085	1.584893192	50118.72336
0.3	4.7	0.390405466	1.995262315	50118.72336
0.4	4.7	0.310666095	2.511886432	50118.72336
0.5	4.7	0.240780355	3.16227766	50118.72336
0.6	4.7	0.182454624	3.981071706	50118.72336
0.7	4.7	0.135731618	5.011872336	50118.72336
0.8	4.7	0.099517008	6.309573445	50118.72336
0.9	4.7	0.072158113	7.943282347	50118.72336
1	4.7	0.051887241	10	50118.72336
1.1	4.7	0.037083327	12.58925412	50118.72336
1.2	4.7	0.026385564	15.84893192	50118.72336
1.3	4.7	0.018713905	19.95262315	50118.72336
1.4	4.7	0.013242458	25.11886432	50118.72336
1.5	4.7	0.009355466	31.6227766	50118.72336
1.6	4.7	0.006601769	39.81071706	50118.72336
1.7	4.7	0.00465479	50.11872336	50118.72336
1.8	4.7	0.003280113	63.09573445	50118.72336
1.9	4.7	0.002310471	79.43282347	50118.72336
2	4.7	0.001626999	100	50118.72336
2.1	4.7	0.001145476	125.8925412	50118.72336
2.2	4.7	0.000806349	158.4893192	50118.72336
2.3	4.7	0.000567566	199.5262315	50118.72336
2.4	4.7	0.000399465	251.1886432	50118.72336
2.5	4.7	0.000281138	316.227766	50118.72336
2.6	4.7	0.000197854	398.1071706	50118.72336
-1	4.8	0.989040398	0.1	63095.73445
-0.9	4.8	0.984352278	0.125892541	63095.73445
-0.8	4.8	0.977703959	0.158489319	63095.73445
-0.7	4.8	0.968321842	0.199526231	63095.73445
-0.6	4.8	0.955172767	0.251188643	63095.73445
-0.5	4.8	0.936921273	0.316227766	63095.73445
-0.4	4.8	0.911923871	0.398107171	63095.73445
-0.3	4.8	0.878306952	0.501187234	63095.73445
-0.2	4.8	0.834192064	0.630957344	63095.73445
-0.1	4.8	0.778124971	0.794328235	63095.73445
0	4.8	0.709696841	1	63095.73445
0.1	4.8	0.630194529	1.258925412	63095.73445
0.2	4.8	0.542941634	1.584893192	63095.73445
0.3	4.8	0.452971925	1.995262315	63095.73445
0.4	4.8	0.3659733	2.511886432	63095.73445
0.5	4.8	0.286919753	3.16227766	63095.73445
0.6	4.8	0.219042988	3.981071706	63095.73445
0.7	4.8	0.163541133	5.011872336	63095.73445
0.8	4.8	0.119942634	6.309573445	63095.73445
0.9	4.8	0.08676149	7.943282347	63095.73445
1	4.8	0.06211179	10	63095.73445
1.1	4.8	0.044126898	12.58925412	63095.73445
1.2	4.8	0.031176545	15.84893192	63095.73445
1.3	4.8	0.021939625	19.95262315	63095.73445
1.4	4.8	0.01539591	25.11886432	63095.73445
1.5	4.8	0.010782407	31.6227766	63095.73445
1.6	4.8	0.007540788	39.81071706	63095.73445
1.7	4.8	0.005268538	50.11872336	63095.73445
1.8	4.8	0.003678443	63.09573445	63095.73445
1.9	4.8	0.002567015	79.43282347	63095.73445
2	4.8	0.001790797	100	63095.73445
2.1	4.8	0.001248999	125.8925412	63095.73445
2.2	4.8	0.000870977	158.4893192	63095.73445
2.3	4.8	0.000607298	199.5262315	63095.73445
2.4	4.8	0.000423411	251.1886432	63095.73445
2.5	4.8	0.000295187	316.227766	63095.73445
2.6	4.8	0.000205786	398.1071706	63095.73445
-1	4.9	0.992478657	0.1	79432.82347
-0.9	4.9	0.989144175	0.125892541	79432.82347
-0.8	4.9	0.984354701	0.158489319	79432.82347
-0.7	4.9	0.977500227	0.199526231	79432.82347
-0.6	4.9	0.967741106	0.251188643	79432.82347
-0.5	4.9	0.953948454	0.316227766	79432.82347
-0.4	4.9	0.934656786	0.398107171	79432.82347
-0.3	4.9	0.908062422	0.501187234	79432.82347
-0.2	4.9	0.872125137	0.630957344	79432.82347
-0.1	4.9	0.824849922	0.794328235	79432.82347
0	4.9	0.764810362	1	79432.82347
0.1	4.9	0.691877875	1.258925412	79432.82347
0.2	4.9	0.60792318	1.584893192	79432.82347
0.3	4.9	0.517060431	1.995262315	79432.82347
0.4	4.9	0.425055374	2.511886432	79432.82347
0.5	4.9	0.337964842	3.16227766	79432.82347
0.6	4.9	0.260629498	3.981071706	79432.82347
0.7	4.9	0.195757875	5.011872336	79432.82347
0.8	4.9	0.14389067	6.309573445	79432.82347
0.9	4.9	0.103989069	7.943282347	79432.82347
1	4.9	0.074193457	10	79432.82347
1.1	4.9	0.052435466	12.58925412	79432.82347
1.2	4.9	0.036804568	15.84893192	79432.82347
1.3	4.9	0.025706797	19.95262315	79432.82347
1.4	4.9	0.017893199	25.11886432	79432.82347
1.5	4.9	0.012424264	31.6227766	79432.82347
1.6	4.9	0.008612214	39.81071706	79432.82347
1.7	4.9	0.005962726	50.11872336	79432.82347
1.8	4.9	0.004124944	63.09573445	79432.82347
1.9	4.9	0.002851962	79.43282347	79432.82347
2	4.9	0.001971053	100	79432.82347
2.1	4.9	0.001361866	125.8925412	79432.82347
2.2	4.9	0.000940781	158.4893192	79432.82347
2.3	4.9	0.000649809	199.5262315	79432.82347
2.4	4.9	0.000448791	251.1886432	79432.82347
2.5	4.9	0.000309938	316.227766	79432.82347
2.6	4.9	0.000214037	398.1071706	79432.82347
-1	5	0.994843885	0.1	1.00E+05
-0.9	5	0.992479832	0.125892541	1.00E+05
-0.8	5	0.989043808	0.158489319	1.00E+05
-0.7	5	0.984063048	0.199526231	1.00E+05
-0.6	5	0.976870952	0.251188643	1.00E+05
-0.5	5	0.966543522	0.316227766	1.00E+05
-0.4	5	0.951832135	0.398107171	1.00E+05
-0.3	5	0.931112944	0.501187234	1.00E+05
-0.2	5	0.902395384	0.630957344	1.00E+05
-0.1	5	0.863461616	0.794328235	1.00E+05
0	5	0.812229027	1	1.00E+05
0.1	5	0.747396553	1.258925412	1.00E+05
0.2	5	0.669293353	1.584893192	1.00E+05
0.3	5	0.580592572	1.995262315	1.00E+05
0.4	5	0.486358916	2.511886432	1.00E+05
0.5	5	0.393085163	3.16227766	1.00E+05
0.6	5	0.307007606	3.981071706	1.00E+05
0.7	5	0.23255665	5.011872336	1.00E+05
0.8	5	0.171687416	6.309573445	1.00E+05
0.9	5	0.124172282	7.943282347	1.00E+05
1	5	0.088403674	10	1.00E+05
1.1	5	0.06220663	12.58925412	1.00E+05
1.2	5	0.043403053	15.84893192	1.00E+05
1.3	5	0.030100909	19.95262315	1.00E+05
1.4	5	0.020787008	25.11886432	1.00E+05
1.5	5	0.014312511	31.6227766	1.00E+05
1.6	5	0.009834363	39.81071706	1.00E+05
1.7	5	0.006747761	50.11872336	1.00E+05
1.8	5	0.004625391	63.09573445	1.00E+05
1.9	5	0.00316844	79.43282347	1.00E+05
2	5	0.002169413	100	1.00E+05
2.1	5	0.001484916	125.8925412	1.00E+05
2.2	5	0.001016173	158.4893192	1.00E+05
2.3	5	0.000695294	199.5262315	1.00E+05
2.4	5	0.000475692	251.1886432	1.00E+05
2.5	5	0.000325427	316.227766	1.00E+05
2.6	5	0.000222618	398.1071706	1.00E+05
-1	5.1	0.99646797	0.1	125892.5412
-0.9	5.1	0.994795937	0.125892541	125892.5412
-0.8	5.1	0.992338465	0.158489319	125892.5412
-0.7	5.1	0.988733663	0.199526231	125892.5412
-0.6	5.1	0.983461047	0.251188643	125892.5412
-0.5	5.1	0.975781303	0.316227766	125892.5412
-0.4	5.1	0.964663654	0.398107171	125892.5412
-0.3	5.1	0.948710678	0.501187234	125892.5412
-0.2	5.1	0.926107241	0.630957344	125892.5412
-0.1	5.1	0.894648552	0.794328235	125892.5412
0	5.1	0.85193804	1	125892.5412
0.1	5.1	0.795863184	1.258925412	125892.5412
0.2	5.1	0.725396616	1.584893192	125892.5412
0.3	5.1	0.641560737	1.995262315	125892.5412
0.4	5.1	0.548075649	2.511886432	125892.5412
0.5	5.1	0.451070198	3.16227766	125892.5412
0.6	5.1	0.357646501	3.981071706	125892.5412
0.7	5.1	0.273916876	5.011872336	125892.5412
0.8	5.1	0.203577035	6.309573445	125892.5412
0.9	5.1	0.147627423	7.943282347	125892.5412
1	5.1	0.105026806	10	125892.5412
1.1	5.1	0.073657077	12.58925412	125892.5412
1.2	5.1	0.051121754	15.84893192	125892.5412
1.3	5.1	0.035218964	19.95262315	125892.5412
1.4	5.1	0.024137322	25.11886432	125892.5412
1.5	5.1	0.016482946	31.6227766	125892.5412
1.6	5.1	0.011227981	39.81071706	125892.5412
1.7	5.1	0.007635357	50.11872336	125892.5412
1.8	5.1	0.005186238	63.09573445	125892.5412
1.9	5.1	0.003519912	79.43282347	125892.5412
2	5.1	0.002387688	100	125892.5412
2.1	5.1	0.001619066	125.8925412	125892.5412
2.2	5.1	0.0010976	158.4893192	125892.5412
2.3	5.1	0.000743961	199.5262315	125892.5412
2.4	5.1	0.000504205	251.1886432	125892.5412
2.5	5.1	0.000341688	316.227766	125892.5412
2.6	5.1	0.000231542	398.1071706	125892.5412
-1	5.2	0.99758174	0.1	158489.3192
-0.9	5.2	0.996401301	0.125892541	158489.3192
-0.8	5.2	0.994647741	0.158489319	158489.3192
-0.7	5.2	0.992046532	0.199526231	158489.3192
-0.6	5.2	0.988196134	0.251188643	158489.3192
-0.5	5.2	0.982514552	0.316227766	158489.3192
-0.4	5.2	0.974169724	0.398107171	158489.3192
-0.3	5.2	0.961996418	0.501187234	158489.3192
-0.2	5.2	0.94441343	0.630957344	158489.3192
-0.1	5.2	0.919377163	0.794328235	158489.3192
0	5.2	0.88444427	1	158489.3192
0.1	5.2	0.837057947	1.258925412	158489.3192
0.2	5.2	0.775179228	1.584893192	158489.3192
0.3	5.2	0.698272016	1.995262315	158489.3192
0.4	5.2	0.608348364	2.511886432	158489.3192
0.5	5.2	0.510415246	3.16227766	158489.3192
0.6	5.2	0.411676068	3.981071706	158489.3192
0.7	5.2	0.319569955	5.011872336	158489.3192
0.8	5.2	0.239675985	6.309573445	158489.3192
0.9	5.2	0.174629665	7.943282347	158489.3192
1	5.2	0.124349318	10	158489.3192
1.1	5.2	0.087019645	12.58925412	158489.3192
1.2	5.2	0.060126852	15.84893192	158489.3192
1.3	5.2	0.041170302	19.95262315	158489.3192
1.4	5.2	0.02801217	25.11886432	158489.3192
1.5	5.2	0.018976182	31.6227766	158489.3192
1.6	5.2	0.012816532	39.81071706	158489.3192
1.7	5.2	0.008638691	50.11872336	158489.3192
1.8	5.2	0.005814692	63.09573445	158489.3192
1.9	5.2	0.00391022	79.43282347	158489.3192
2	5.2	0.002627866	100	158489.3192
2.1	5.2	0.001765314	125.8925412	158489.3192
2.2	5.2	0.001185544	158.4893192	158489.3192
2.3	5.2	0.000796032	199.5262315	158489.3192
2.4	5.2	0.000534426	251.1886432	158489.3192
2.5	5.2	0.000358762	316.227766	158489.3192
2.6	5.2	0.000240825	398.1071706	158489.3192
-1	5.3	0.998344883	0.1	199526.2315
-0.9	5.3	0.997512676	0.125892541	199526.2315
-0.8	5.3	0.996263595	0.158489319	199526.2315
-0.7	5.3	0.994390778	0.199526231	199526.2315
-0.6	5.3	0.991587166	0.251188643	199526.2315
-0.5	5.3	0.987400004	0.316227766	199526.2315
-0.4	5.3	0.981168423	0.398107171	199526.2315
-0.3	5.3	0.971942464	0.501187234	199526.2315
-0.2	5.3	0.958388219	0.630957344	199526.2315
-0.1	5.3	0.938699068	0.794328235	199526.2315
0	5.3	0.910563127	1	199526.2315
0.1	5.3	0.871284102	1.258925412	199526.2315
0.2	5.3	0.818198681	1.584893192	199526.2315
0.3	5.3	0.749513827	1.995262315	199526.2315
0.4	5.3	0.665488773	2.511886432	199526.2315
0.5	5.3	0.569468165	3.16227766	199526.2315
0.6	5.3	0.467922094	3.981071706	199526.2315
0.7	5.3	0.368965401	5.011872336	199526.2315
0.8	5.3	0.279926236	6.309573445	199526.2315
0.9	5.3	0.20538079	7.943282347	199526.2315
1	5.3	0.146644246	10	199526.2315
1.1	5.3	0.102538059	12.58925412	199526.2315
1.2	5.3	0.070600176	15.84893192	199526.2315
1.3	5.3	0.04807719	19.95262315	199526.2315
1.4	5.3	0.032488352	25.11886432	199526.2315
1.5	5.3	0.021838175	31.6227766	199526.2315
1.6	5.3	0.014626508	39.81071706	199526.2315
1.7	5.3	0.009772572	50.11872336	199526.2315
1.8	5.3	0.006518801	63.09573445	199526.2315
1.9	5.3	0.004343619	79.43282347	199526.2315
2	5.3	0.002892135	100	199526.2315
2.1	5.3	0.001924748	125.8925412	199526.2315
2.2	5.3	0.001280525	158.4893192	199526.2315
2.3	5.3	0.000851743	199.5262315	199526.2315
2.4	5.3	0.000566457	251.1886432	199526.2315
2.5	5.3	0.000376689	316.227766	199526.2315
2.6	5.3	0.00025048	398.1071706	199526.2315
-1	5.4	0.998867471	0.1	251188.6432
-0.9	5.4	0.998281421	0.125892541	251188.6432
-0.8	5.4	0.997392899	0.158489319	251188.6432
-0.7	5.4	0.996046822	0.199526231	251188.6432
-0.6	5.4	0.994009923	0.251188643	251188.6432
-0.5	5.4	0.990933053	0.316227766	251188.6432
-0.4	5.4	0.986297502	0.398107171	251188.6432
-0.3	5.4	0.979341395	0.501187234	251188.6432
-0.2	5.4	0.968965118	0.630957344	251188.6432
-0.1	5.4	0.953623909	0.794328235	251188.6432
0	5.4	0.931237371	1	251188.6432
0.1	5.4	0.899186871	1.258925412	251188.6432
0.2	5.4	0.854531123	1.584893192	251188.6432
0.3	5.4	0.794613008	1.995262315	251188.6432
0.4	5.4	0.718154915	2.511886432	251188.6432
0.5	5.4	0.626608906	3.16227766	251188.6432
0.6	5.4	0.524995321	3.981071706	251188.6432
0.7	5.4	0.421268847	5.011872336	251188.6432
0.8	5.4	0.324055026	6.309573445	251188.6432
0.9	5.4	0.239972578	7.943282347	251188.6432
1	5.4	0.17215063	10	251188.6432
1.1	5.4	0.120458772	12.58925412	251188.6432
1.2	5.4	0.082737222	15.84893192	251188.6432
1.3	5.4	0.056075038	19.95262315	251188.6432
1.4	5.4	0.037652095	25.11886432	251188.6432
1.5	5.4	0.025120761	31.6227766	251188.6432
1.6	5.4	0.016687772	39.81071706	251188.6432
1.7	5.4	0.011053622	50.11872336	251188.6432
1.8	5.4	0.007307545	63.09573445	251188.6432
1.9	5.4	0.004824822	79.43282347	251188.6432
2	5.4	0.003182894	100	251188.6432
2.1	5.4	0.00209855	125.8925412	251188.6432
2.2	5.4	0.001383106	158.4893192	251188.6432
2.3	5.4	0.000911351	199.5262315	251188.6432
2.4	5.4	0.000600407	251.1886432	251188.6432
2.5	5.4	0.000395512	316.227766	251188.6432
2.6	5.4	0.000260521	398.1071706	251188.6432
-1	5.5	0.999225185	0.1	316227.766
-0.9	5.5	0.998812856	0.125892541	316227.766
-0.8	5.5	0.998181501	0.158489319	316227.766
-0.7	5.5	0.997215311	0.199526231	316227.766
-0.6	5.5	0.995737965	0.251188643	316227.766
-0.5	5.5	0.993481972	0.316227766	316227.766
-0.4	5.5	0.99004377	0.398107171	316227.766
-0.3	5.5	0.98481966	0.501187234	316227.766
-0.2	5.5	0.976918325	0.630957344	316227.766
-0.1	5.5	0.965050313	0.794328235	316227.766
0	5.5	0.947408577	1	316227.766
0.1	5.5	0.921585311	1.258925412	316227.766
0.2	5.5	0.884626494	1.584893192	316227.766
0.3	5.5	0.833397148	1.995262315	316227.766
0.4	5.5	0.76545162	2.511886432	316227.766
0.5	5.5	0.680421782	3.16227766	316227.766
0.6	5.5	0.581422954	3.981071706	316227.766
0.7	5.5	0.47540092	5.011872336	316227.766
0.8	5.5	0.371550907	6.309573445	316227.766
0.9	5.5	0.278349695	7.943282347	316227.766
1	5.5	0.201048226	10	316227.766
1.1	5.5	0.141019373	12.58925412	316227.766
1.2	5.5	0.096743588	15.84893192	316227.766
1.3	5.5	0.065312077	19.95262315	316227.766
1.4	5.5	0.043599585	25.11886432	316227.766
1.5	5.5	0.028882198	31.6227766	316227.766
1.6	5.5	0.019033912	39.81071706	316227.766
1.7	5.5	0.01250048	50.11872336	316227.766
1.8	5.5	0.008190937	63.09573445	316227.766
1.9	5.5	0.005359047	79.43282347	316227.766
2	5.5	0.003502782	100	316227.766
2.1	5.5	0.00228801	125.8925412	316227.766
2.2	5.5	0.001493892	158.4893192	316227.766
2.3	5.5	0.000975125	199.5262315	316227.766
2.4	5.5	0.00063639	251.1886432	316227.766
2.5	5.5	0.000415274	316.227766	316227.766
2.6	5.5	0.000270965	398.1071706	316227.766
-1	5.6	0.999469973	0.1	398107.1706
-0.9	5.6	0.999180091	0.125892541	398107.1706
-0.8	5.6	0.998731869	0.158489319	398107.1706
-0.7	5.6	0.998039096	0.199526231	398107.1706
-0.6	5.6	0.996969014	0.251188643	398107.1706
-0.5	5.6	0.995317719	0.316227766	398107.1706
-0.4	5.6	0.992773312	0.398107171	398107.1706
-0.3	5.6	0.988861717	0.501187234	398107.1706
-0.2	5.6	0.982869423	0.630957344	398107.1706
-0.1	5.6	0.973738943	0.794328235	398107.1706
0	5.6	0.959940329	1	398107.1706
0.1	5.6	0.939343014	1.258925412	398107.1706
0.2	5.6	0.909157472	1.584893192	398107.1706
0.3	5.6	0.866091712	1.995262315	398107.1706
0.4	5.6	0.806945023	2.511886432	398107.1706
0.5	5.6	0.729823133	3.16227766	398107.1706
0.6	5.6	0.635797549	3.981071706	398107.1706
0.7	5.6	0.530117291	5.011872336	398107.1706
0.8	5.6	0.421665532	6.309573445	398107.1706
0.9	5.6	0.320277882	7.943282347	398107.1706
1	5.6	0.233428853	10	398107.1706
1.1	5.6	0.16443328	12.58925412	398107.1706
1.2	5.6	0.112829393	15.84893192	398107.1706
1.3	5.6	0.075948274	19.95262315	398107.1706
1.4	5.6	0.050437296	25.11886432	398107.1706
1.5	5.6	0.033187676	31.6227766	398107.1706
1.6	5.6	0.021702616	39.81071706	398107.1706
1.7	5.6	0.014134016	50.11872336	398107.1706
1.8	5.6	0.009180132	63.09573445	398107.1706
1.9	5.6	0.005952071	79.43282347	398107.1706
2	5.6	0.003854695	100	398107.1706
2.1	5.6	0.002494532	125.8925412	398107.1706
2.2	5.6	0.001613537	158.4893192	398107.1706
2.3	5.6	0.001043358	199.5262315	398107.1706
2.4	5.6	0.000674529	251.1886432	398107.1706
2.5	5.6	0.000436024	316.227766	398107.1706
2.6	5.6	0.000281828	398.1071706	398107.1706
-1	5.7	0.999637453	0.1	501187.2336
-0.9	5.7	0.999433789	0.125892541	501187.2336
-0.8	5.7	0.999115815	0.158489319	501187.2336
-0.7	5.7	0.998619521	0.199526231	501187.2336
-0.6	5.7	0.997845256	0.251188643	501187.2336
-0.5	5.7	0.996638193	0.316227766	501187.2336
-0.4	5.7	0.9947585	0.398107171	501187.2336
-0.3	5.7	0.99183642	0.501187234	501187.2336
-0.2	5.7	0.987306099	0.630957344	501187.2336
-0.1	5.7	0.980311613	0.794328235	501187.2336
0	5.7	0.969581826	1	501187.2336
0.1	5.7	0.953283179	1.258925412	501187.2336
0.2	5.7	0.928891878	1.584893192	501187.2336
0.3	5.7	0.893192489	1.995262315	501187.2336
0.4	5.7	0.842607284	2.511886432	501187.2336
0.5	5.7	0.774122973	3.16227766	501187.2336
0.6	5.7	0.686912259	3.981071706	501187.2336
0.7	5.7	0.584119147	5.011872336	501187.2336
0.8	5.7	0.473447317	6.309573445	501187.2336
0.9	5.7	0.365324541	7.943282347	501187.2336
1	5.7	0.269267019	10	501187.2336
1.1	5.7	0.190870852	12.58925412	501187.2336
1.2	5.7	0.131201327	15.84893192	501187.2336
1.3	5.7	0.088153235	19.95262315	501187.2336
1.4	5.7	0.058282016	25.11886432	501187.2336
1.5	5.7	0.038109787	31.6227766	501187.2336
1.6	5.7	0.024736058	39.81071706	501187.2336
1.7	5.7	0.015977567	50.11872336	501187.2336
1.8	5.7	0.010287551	63.09573445	501187.2336
1.9	5.7	0.006610281	79.43282347	501187.2336
2	5.7	0.004241812	100	501187.2336
2.1	5.7	0.002719645	125.8925412	501187.2336
2.2	5.7	0.001742748	158.4893192	501187.2336
2.3	5.7	0.00111636	199.5262315	501187.2336
2.4	5.7	0.000714951	251.1886432	501187.2336
2.5	5.7	0.00045781	316.227766	501187.2336
2.6	5.7	0.000293126	398.1071706	501187.2336
-1	5.8	0.999752025	0.1	630957.3445
-0.9	5.8	0.999609018	0.125892541	630957.3445
-0.8	5.8	0.999383588	0.158489319	630957.3445
-0.7	5.8	0.999028308	0.199526231	630957.3445
-0.6	5.8	0.99846857	0.251188643	630957.3445
-0.5	5.8	0.997587176	0.316227766	630957.3445
-0.4	5.8	0.99620044	0.398107171	630957.3445
-0.3	5.8	0.994021472	0.501187234	630957.3445
-0.2	5.8	0.990604697	0.630957344	630957.3445
-0.1	5.8	0.985264157	0.794328235	630957.3445
0	5.8	0.976958522	1	630957.3445
0.1	5.8	0.964141918	1.258925412	630957.3445
0.2	5.8	0.944600462	1.584893192	630957.3445
0.3	5.8	0.915344627	1.995262315	630957.3445
0.4	5.8	0.872720883	2.511886432	630957.3445
0.5	5.8	0.813020086	3.16227766	630957.3445
0.6	5.8	0.733856114	3.981071706	630957.3445
0.7	5.8	0.636174183	5.011872336	630957.3445
0.8	5.8	0.52580666	6.309573445	630957.3445
0.9	5.8	0.412858659	7.943282347	630957.3445
1	5.8	0.308393839	10	630957.3445
1.1	5.8	0.220437661	12.58925412	630957.3445
1.2	5.8	0.152052039	15.84893192	630957.3445
1.3	5.8	0.102102825	19.95262315	630957.3445
1.4	5.8	0.067260433	25.11886432	630957.3445
1.5	5.8	0.043728885	31.6227766	630957.3445
1.6	5.8	0.028181281	39.81071706	630957.3445
1.7	5.8	0.018057174	50.11872336	630957.3445
1.8	5.8	0.011527005	63.09573445	630957.3445
1.9	5.8	0.007340742	79.43282347	630957.3445
2	5.8	0.004667626	100	630957.3445
2.1	5.8	0.002965012	125.8925412	630957.3445
2.2	5.8	0.001882287	158.4893192	630957.3445
2.3	5.8	0.001194464	199.5262315	630957.3445
2.4	5.8	0.000757794	251.1886432	630957.3445
2.5	5.8	0.000480684	316.227766	630957.3445
2.6	5.8	0.000304877	398.1071706	630957.3445
-1	5.9	0.999830396	0.1	794328.2347
-0.9	5.9	0.999730032	0.125892541	794328.2347
-0.8	5.9	0.999570301	0.158489319	794328.2347
-0.7	5.9	0.999316128	0.199526231	794328.2347
-0.6	5.9	0.998911771	0.251188643	794328.2347
-0.5	5.9	0.998268742	0.316227766	794328.2347
-0.4	5.9	0.997246799	0.398107171	794328.2347
-0.3	5.9	0.995624256	0.501187234	794328.2347
-0.2	5.9	0.993052164	0.630957344	794328.2347
-0.1	5.9	0.988984904	0.794328235	794328.2347
0	5.9	0.982578443	1	794328.2347
0.1	5.9	0.972549359	1.258925412	794328.2347
0.2	5.9	0.956999486	1.584893192	794328.2347
0.3	5.9	0.933245729	1.995262315	794328.2347
0.4	5.9	0.897771928	2.511886432	794328.2347
0.5	5.9	0.846546718	3.16227766	794328.2347
0.6	5.9	0.776056006	3.981071706	794328.2347
0.7	5.9	0.685224788	5.011872336	794328.2347
0.8	5.9	0.577604584	6.309573445	794328.2347
0.9	5.9	0.462074764	7.943282347	794328.2347
1	5.9	0.350479222	10	794328.2347
1.1	5.9	0.253151557	12.58925412	794328.2347
1.2	5.9	0.175546837	15.84893192	794328.2347
1.3	5.9	0.117974239	19.95262315	794328.2347
1.4	5.9	0.077508146	25.11886432	794328.2347
1.5	5.9	0.050133308	31.6227766	794328.2347
1.6	5.9	0.032090562	39.81071706	794328.2347
1.7	5.9	0.020401846	50.11872336	794328.2347
1.8	5.9	0.012913842	63.09573445	794328.2347
1.9	5.9	0.00815126	79.43282347	794328.2347
2	5.9	0.005135963	100	794328.2347
2.1	5.9	0.003232444	125.8925412	794328.2347
2.2	5.9	0.002032976	158.4893192	794328.2347
2.3	5.9	0.001278025	199.5262315	794328.2347
2.4	5.9	0.000803202	251.1886432	794328.2347
2.5	5.9	0.0005047	316.227766	794328.2347
2.6	5.9	0.000317098	398.1071706	794328.2347
-1	6	0.999884002	0.1	1.00E+06
-0.9	6	0.999813598	0.125892541	1.00E+06
-0.8	6	0.999700475	0.158489319	1.00E+06
-0.7	6	0.999518735	0.199526231	1.00E+06
-0.6	6	0.999226808	0.251188643	1.00E+06
-0.5	6	0.998758022	0.316227766	1.00E+06
-0.4	6	0.998005578	0.398107171	1.00E+06
-0.3	6	0.996798734	0.501187234	1.00E+06
-0.2	6	0.994865372	0.630957344	1.00E+06
-0.1	6	0.991774019	0.794328235	1.00E+06
0	6	0.986846095	1	1.00E+06
0.1	6	0.979028433	1.258925412	1.00E+06
0.2	6	0.966721239	1.584893192	1.00E+06
0.3	6	0.947578276	1.995262315	1.00E+06
0.4	6	0.918353703	2.511886432	1.00E+06
0.5	6	0.874986182	3.16227766	1.00E+06
0.6	6	0.813267275	3.981071706	1.00E+06
0.7	6	0.730464233	5.011872336	1.00E+06
0.8	6	0.627750121	6.309573445	1.00E+06
0.9	6	0.5120413	7.943282347	1.00E+06
1	6	0.395027455	10	1.00E+06
1.1	6	0.288921022	12.58925412	1.00E+06
1.2	6	0.201807993	15.84893192	1.00E+06
1.3	6	0.135939273	19.95262315	1.00E+06
1.4	6	0.089167929	25.11886432	1.00E+06
1.5	6	0.057419388	31.6227766	1.00E+06
1.6	6	0.036521756	39.81071706	1.00E+06
1.7	6	0.023043822	50.11872336	1.00E+06
1.8	6	0.01446509	63.09573445	1.00E+06
1.9	6	0.009050454	79.43282347	1.00E+06
2	6	0.005651026	100	1.00E+06
2.1	6	0.003523912	125.8925412	1.00E+06
2.2	6	0.002195701	158.4893192	1.00E+06
2.3	6	0.001367424	199.5262315	1.00E+06
2.4	6	0.000851329	251.1886432	1.00E+06
2.5	6	0.000529916	316.227766	1.00E+06
2.6	6	0.00032981	398.1071706	1.00E+06
