Depth	Ed(400)	Ed(405)	Ed(410)	Ed(415)	Ed(420)	Ed(425)	Ed(430)	Ed(435)	Ed(440)	Ed(445)	Ed(450)	Ed(455)	Ed(460)	Ed(465)	Ed(470)	Ed(475)	Ed(480)	Ed(485)	Ed(490)	Ed(495)	Ed(500)	Ed(505)	Ed(510)	Ed(515)	Ed(520)	Ed(525)	Ed(530)	Ed(535)	Ed(540)	Ed(545)	Ed(550)	Ed(555)	Ed(560)	Ed(565)	Ed(570)	Ed(575)	Ed(580)	Ed(585)	Ed(590)	Ed(595)	Ed(600)	Ed(605)	Ed(610)	Ed(615)	Ed(620)	Ed(625)	Ed(630)	Ed(635)	Ed(640)	Ed(645)	Ed(650)	Ed(655)	Ed(660)	Ed(665)	Ed(670)	Ed(675)	Ed(680)	Ed(685)	Ed(690)	Ed(695)	Ed(700)
0.1	0.48106	0.54383	0.57344	0.58884	0.59021	0.57363	0.56273	0.60037	0.64489	0.69329	0.72649	0.74738	0.75284	0.75169	0.75009	0.75843	0.76583	0.74073	0.73571	0.74511	0.7374	0.73267	0.72729	0.70516	0.69879	0.7149	0.72414	0.72511	0.71525	0.71295	0.7115	0.70508	0.69458	0.68803	0.67809	0.67306	0.66882	0.6438	0.60621	0.59356	0.58554	0.57868	0.56829	0.55708	0.54993	0.54049	0.53092	0.52774	0.52411	0.50954	0.49168	0.47621	0.47593	0.47835	0.47409	0.4673	0.45471	0.42347	0.395	0.38541	0.37437
0.1	0.40262	0.45684	0.48064	0.4907	0.49272	0.47873	0.46945	0.50073	0.53678	0.57606	0.60452	0.62158	0.62525	0.62477	0.62353	0.63076	0.63566	0.61555	0.6113	0.61927	0.61162	0.60823	0.60491	0.58643	0.58057	0.59379	0.60159	0.60269	0.59511	0.5929	0.59085	0.58514	0.57599	0.57076	0.56269	0.55838	0.5538	0.53501	0.50384	0.49401	0.48764	0.48521	0.47675	0.46856	0.46293	0.45297	0.44673	0.44416	0.44049	0.43057	0.41568	0.40189	0.40388	0.40721	0.40379	0.39778	0.38915	0.36287	0.33985	0.33241	0.32542
0.2	0.48011	0.54801	0.5754	0.5861	0.58711	0.57104	0.56054	0.59772	0.64259	0.68823	0.72139	0.74138	0.74529	0.74716	0.7445	0.75471	0.76049	0.73401	0.72934	0.73927	0.72955	0.72687	0.72302	0.70005	0.69529	0.71099	0.7189	0.72046	0.71307	0.70937	0.70796	0.70164	0.68968	0.68278	0.67403	0.67045	0.66572	0.64264	0.60941	0.59848	0.59559	0.59154	0.58249	0.5738	0.56736	0.55671	0.54833	0.54534	0.5415	0.52791	0.51199	0.49648	0.49975	0.50317	0.50072	0.49451	0.4822	0.45025	0.42431	0.416	0.40973
0.11	0.52301	0.59153	0.6247	0.63743	0.64114	0.62171	0.60903	0.65008	0.69788	0.74848	0.7835	0.80474	0.80935	0.80808	0.80635	0.81666	0.82555	0.79592	0.79162	0.79992	0.79188	0.78563	0.78036	0.75581	0.74994	0.76597	0.77672	0.77615	0.76713	0.76422	0.76279	0.75484	0.74381	0.73555	0.72559	0.72144	0.71591	0.69123	0.65478	0.64432	0.63934	0.63505	0.62479	0.61578	0.60843	0.59697	0.58651	0.5835	0.57978	0.56515	0.54766	0.53166	0.53257	0.53802	0.53453	0.52692	0.514	0.48012	0.45077	0.44098	0.43407
0.2	0.60715	0.69142	0.72769	0.74564	0.74956	0.72862	0.7155	0.76409	0.82223	0.8819	0.92473	0.95105	0.95836	0.95958	0.95778	0.97031	0.98006	0.94839	0.94358	0.95658	0.94512	0.94037	0.93663	0.90714	0.90033	0.92218	0.93332	0.93503	0.92599	0.92324	0.92028	0.91243	0.89855	0.89094	0.88055	0.87496	0.87045	0.84039	0.79711	0.78217	0.77598	0.76975	0.75741	0.74598	0.73712	0.72499	0.71328	0.71022	0.70561	0.68865	0.66524	0.64567	0.64784	0.65322	0.64853	0.64136	0.62467	0.5827	0.54758	0.53453	0.52262
0.2	0.5498	0.62685	0.663	0.68206	0.68827	0.67133	0.66228	0.70844	0.76505	0.82412	0.8683	0.89559	0.90593	0.90752	0.90821	0.92191	0.93277	0.90439	0.90207	0.9148	0.9051	0.9036	0.89836	0.86996	0.86464	0.88695	0.89854	0.9013	0.89114	0.88843	0.8872	0.88002	0.86609	0.85862	0.84861	0.84165	0.83324	0.80187	0.75318	0.73329	0.71776	0.70471	0.689	0.67685	0.66809	0.65709	0.64328	0.63936	0.6355	0.61697	0.59383	0.57305	0.5704	0.57204	0.56762	0.55816	0.54105	0.50498	0.46951	0.4533	0.43565
0.4	0.46588	0.52963	0.56089	0.57728	0.57936	0.56773	0.56263	0.59866	0.64648	0.69667	0.73287	0.75836	0.76721	0.76873	0.76899	0.78045	0.78911	0.76405	0.76287	0.77385	0.76711	0.7656	0.76036	0.73691	0.73082	0.75158	0.76218	0.76477	0.75654	0.75448	0.75303	0.74504	0.73478	0.72768	0.71771	0.71211	0.70316	0.67499	0.63432	0.61409	0.59796	0.58959	0.5768	0.56538	0.5575	0.54825	0.5367	0.53211	0.53008	0.51447	0.4954	0.47646	0.47362	0.47651	0.47063	0.46208	0.45139	0.41866	0.38936	0.37601	0.36162
0.48	0.57586	0.66193	0.70245	0.72228	0.73382	0.71344	0.71037	0.75952	0.82121	0.88627	0.93534	0.96695	0.97951	0.98415	0.98641	1.004	1.01536	0.98338	0.98275	0.99947	0.99035	0.98663	0.98373	0.95343	0.94753	0.97224	0.98714	0.99066	0.98351	0.97741	0.97632	0.96951	0.95615	0.94715	0.93594	0.92891	0.91847	0.88181	0.83225	0.80421	0.78462	0.77226	0.75512	0.74108	0.73128	0.71723	0.70626	0.70042	0.69646	0.67815	0.65366	0.62839	0.62428	0.62667	0.61918	0.6103	0.59337	0.55157	0.51285	0.49411	0.47392
0.5	0.52308	0.59872	0.63503	0.65678	0.65911	0.64632	0.63755	0.68274	0.73616	0.79417	0.83656	0.86523	0.8764	0.88012	0.8782	0.89343	0.90411	0.87594	0.87271	0.88772	0.87837	0.87447	0.87063	0.84184	0.8373	0.85919	0.87105	0.873	0.8635	0.86071	0.85892	0.85035	0.83905	0.8298	0.81811	0.81113	0.8013	0.7684	0.7186	0.69548	0.67467	0.66214	0.64866	0.63383	0.62487	0.61213	0.60069	0.59614	0.59302	0.57572	0.55236	0.52874	0.52673	0.52737	0.52009	0.50967	0.49533	0.45978	0.42741	0.40935	0.39066
0.55	0.52044	0.59428	0.62771	0.64861	0.65403	0.63652	0.62953	0.67483	0.7291	0.78761	0.82782	0.85924	0.87058	0.87072	0.87506	0.88966	0.89958	0.87101	0.87107	0.88355	0.87642	0.87251	0.86854	0.84248	0.83582	0.85923	0.87056	0.87339	0.86545	0.86114	0.85853	0.85349	0.83915	0.83151	0.82	0.81357	0.80241	0.77009	0.72104	0.6975	0.67699	0.66322	0.64493	0.63203	0.62445	0.61204	0.60112	0.59612	0.59289	0.57465	0.5524	0.53042	0.52467	0.5265	0.52091	0.50968	0.49474	0.46025	0.4256	0.40939	0.39082
0.62	0.44211	0.5053	0.53725	0.55168	0.55654	0.54614	0.53701	0.57612	0.62135	0.67144	0.70841	0.73146	0.74002	0.74208	0.74262	0.75542	0.76387	0.74053	0.73775	0.7496	0.74402	0.73885	0.73574	0.71431	0.70812	0.72522	0.73728	0.7388	0.72976	0.72657	0.72442	0.71819	0.70816	0.69998	0.68873	0.68155	0.67199	0.64075	0.59931	0.57673	0.56027	0.54514	0.53063	0.5217	0.51272	0.50107	0.49178	0.48934	0.48341	0.46835	0.45148	0.43316	0.42754	0.42797	0.42099	0.41347	0.40133	0.37155	0.3453	0.33152	0.31517
0.7	0.39699	0.4528	0.4802	0.49586	0.495	0.48579	0.48073	0.51428	0.55809	0.60293	0.6363	0.65725	0.66698	0.668	0.66787	0.67942	0.68884	0.66967	0.66734	0.67588	0.67096	0.66778	0.66358	0.64525	0.63933	0.65643	0.66555	0.66713	0.65986	0.65609	0.65331	0.64806	0.63911	0.63053	0.62068	0.61343	0.60369	0.5746	0.53464	0.51329	0.49266	0.47961	0.46844	0.45842	0.44901	0.43911	0.43097	0.42839	0.42284	0.40985	0.39303	0.37689	0.37092	0.36796	0.36516	0.35765	0.34632	0.32022	0.29653	0.28539	0.27003
0.71	0.70803	0.81745	0.87027	0.89987	0.91885	0.90053	0.89431	0.96621	1.04808	1.13451	1.20284	1.24932	1.26846	1.27812	1.2865	1.31385	1.3342	1.29717	1.29768	1.32315	1.31389	1.31246	1.30947	1.2722	1.26714	1.30298	1.32564	1.33154	1.32045	1.31897	1.32057	1.31004	1.29549	1.28435	1.27161	1.26258	1.24624	1.1945	1.12056	1.07801	1.0404	1.01334	0.98732	0.97096	0.95927	0.94069	0.92399	0.91891	0.90943	0.88493	0.853	0.81478	0.80498	0.80415	0.79525	0.7804	0.75695	0.70144	0.64853	0.61766	0.58325
0.8	0.62849	0.72624	0.77112	0.80419	0.81974	0.80471	0.80568	0.86608	0.94393	1.02632	1.08978	1.13522	1.15646	1.16846	1.17679	1.20341	1.22255	1.18965	1.19514	1.21317	1.2086	1.20689	1.20445	1.17186	1.16689	1.20337	1.22493	1.2302	1.2232	1.22142	1.22094	1.21475	1.19873	1.18934	1.17495	1.1653	1.1489	1.09738	1.02336	0.97618	0.93623	0.90625	0.87732	0.86276	0.85215	0.83395	0.81909	0.81247	0.80643	0.78175	0.74914	0.71647	0.70422	0.69775	0.68994	0.67615	0.65487	0.60439	0.55487	0.52658	0.48947
1	0.61116	0.71089	0.75481	0.78818	0.80051	0.78458	0.78612	0.84793	0.92242	0.99965	1.06826	1.10945	1.13186	1.14461	1.15202	1.17897	1.19668	1.1645	1.16989	1.19102	1.18647	1.18563	1.18495	1.15138	1.14761	1.18174	1.20402	1.20961	1.20333	1.20021	1.20072	1.19352	1.17811	1.16984	1.15935	1.14885	1.13305	1.08046	1.00457	0.96544	0.92468	0.89511	0.87066	0.85454	0.84019	0.82596	0.81298	0.80516	0.79844	0.77874	0.74593	0.7095	0.69775	0.69806	0.68725	0.67436	0.65341	0.60382	0.5568	0.52637	0.4914
1.02	0.46915	0.53869	0.57477	0.59493	0.60611	0.59574	0.59234	0.63609	0.69425	0.75407	0.79611	0.8277	0.84569	0.84915	0.856	0.87109	0.88528	0.86116	0.86273	0.87653	0.87106	0.86983	0.86606	0.84091	0.83851	0.8593	0.87365	0.8785	0.87169	0.86797	0.86713	0.85948	0.84791	0.84061	0.82533	0.8181	0.80133	0.76228	0.70924	0.67277	0.64122	0.61629	0.59607	0.58566	0.57327	0.56448	0.55453	0.54755	0.54195	0.52289	0.50506	0.4761	0.46678	0.46272	0.45698	0.44675	0.43058	0.39889	0.36845	0.34356	0.3226
1.1	0.45175	0.52411	0.558	0.577	0.58915	0.57787	0.57277	0.61923	0.67702	0.733	0.77632	0.80841	0.82623	0.82786	0.83799	0.85115	0.86715	0.83794	0.84291	0.85798	0.85355	0.85084	0.84714	0.82314	0.82022	0.84291	0.85508	0.85868	0.85185	0.84541	0.84402	0.83827	0.82667	0.81826	0.80662	0.79491	0.78124	0.73884	0.6839	0.64711	0.61532	0.58917	0.57147	0.55998	0.55256	0.53828	0.52839	0.52269	0.51473	0.4991	0.47561	0.45232	0.44089	0.43535	0.43026	0.42134	0.40663	0.374	0.34527	0.32418	0.29867
1.1	0.68926	0.79651	0.86064	0.8944	0.91352	0.90606	0.90316	0.974	1.06642	1.15654	1.2295	1.28721	1.31199	1.32742	1.33729	1.36989	1.39404	1.35702	1.36432	1.39005	1.38389	1.38531	1.3822	1.34345	1.33942	1.38145	1.40643	1.41433	1.40584	1.40227	1.40205	1.39386	1.37729	1.36744	1.35091	1.33792	1.31663	1.25329	1.16323	1.10377	1.04967	1.00976	0.97648	0.95649	0.94266	0.92435	0.90682	0.89888	0.88867	0.86103	0.82248	0.78338	0.76326	0.75608	0.7435	0.73055	0.70572	0.64871	0.59595	0.55549	0.51108
1.1	0.71771	0.83338	0.89636	0.93551	0.96137	0.95119	0.95236	1.03145	1.13174	1.23376	1.31382	1.37181	1.40509	1.42463	1.43837	1.47789	1.50674	1.47011	1.48003	1.50944	1.50829	1.51102	1.50792	1.46832	1.46832	1.51688	1.54549	1.56103	1.55215	1.55321	1.55628	1.54787	1.53265	1.5246	1.50822	1.497	1.47599	1.40649	1.30712	1.23911	1.1753	1.12826	1.09322	1.07252	1.05615	1.03767	1.01916	1.01281	1.00615	0.97435	0.93608	0.88779	0.86369	0.85853	0.84767	0.8299	0.79981	0.73946	0.67476	0.62981	0.57774
1.18	0.49121	0.57269	0.60489	0.6336	0.64769	0.63726	0.63851	0.68627	0.75178	0.81907	0.87391	0.9106	0.92948	0.93534	0.94812	0.96719	0.98522	0.95867	0.96371	0.98222	0.97543	0.97553	0.96887	0.94249	0.93917	0.96919	0.9857	0.99127	0.98408	0.97938	0.97938	0.97241	0.95817	0.9505	0.9374	0.92492	0.90395	0.85809	0.79042	0.74246	0.69642	0.66638	0.64298	0.62622	0.61673	0.60067	0.59081	0.584	0.57595	0.55858	0.53427	0.50238	0.48532	0.48205	0.47085	0.46142	0.44488	0.40885	0.37221	0.34363	0.31709
1.28	0.46878	0.54978	0.58485	0.60377	0.6222	0.61524	0.61041	0.66059	0.72491	0.78618	0.83866	0.87617	0.89039	0.90429	0.90906	0.93031	0.94699	0.92196	0.92532	0.94259	0.9388	0.93763	0.93248	0.90717	0.9039	0.93007	0.94711	0.95003	0.94354	0.9401	0.93617	0.93213	0.91757	0.91037	0.89725	0.88483	0.86586	0.81886	0.75262	0.70604	0.66607	0.63374	0.61131	0.59491	0.58931	0.57311	0.56268	0.55583	0.54776	0.52942	0.50522	0.47566	0.46001	0.45573	0.44374	0.43571	0.42179	0.3851	0.35268	0.32739	0.29715
1.4	0.53744	0.62346	0.67143	0.6984	0.71781	0.71025	0.70915	0.76903	0.84399	0.91939	0.98126	1.02794	1.04928	1.06671	1.07845	1.10289	1.12583	1.10229	1.10718	1.12793	1.12885	1.1285	1.12424	1.09485	1.09255	1.12805	1.1527	1.15941	1.15354	1.15271	1.14909	1.14528	1.13278	1.12399	1.11192	1.09943	1.07757	1.02451	0.94732	0.89139	0.84173	0.8031	0.77538	0.76089	0.7497	0.73197	0.7193	0.71421	0.70641	0.68365	0.65402	0.61743	0.59613	0.59517	0.5855	0.57286	0.55012	0.50832	0.46371	0.43109	0.3927
1.4	0.53439	0.61807	0.66459	0.6954	0.71447	0.70488	0.70782	0.76369	0.84105	0.91837	0.98078	1.02392	1.05005	1.06141	1.07366	1.10066	1.12049	1.09341	1.10048	1.12762	1.12167	1.12375	1.12193	1.09335	1.0887	1.12434	1.14898	1.15596	1.14815	1.14522	1.14672	1.1392	1.12506	1.11823	1.10551	1.09219	1.07084	1.01439	0.93496	0.88046	0.82698	0.78829	0.7639	0.74263	0.72887	0.71623	0.70398	0.69491	0.68762	0.66512	0.63428	0.60065	0.58217	0.57567	0.56668	0.55171	0.52821	0.4891	0.44611	0.41298	0.37393
1.44	0.41261	0.47668	0.51523	0.53521	0.55192	0.54418	0.54411	0.58931	0.64267	0.70202	0.74517	0.77799	0.79511	0.80411	0.81075	0.82993	0.84586	0.82467	0.82677	0.84076	0.83494	0.8362	0.8316	0.8058	0.80652	0.82581	0.84171	0.84764	0.83926	0.8354	0.83175	0.82425	0.814	0.80528	0.79193	0.78119	0.76359	0.71584	0.65628	0.61086	0.56977	0.53917	0.51772	0.50442	0.49472	0.48236	0.4699	0.46648	0.45731	0.44227	0.42184	0.39433	0.38115	0.37616	0.36669	0.35841	0.34424	0.31595	0.28319	0.26381	0.23975
1.5	0.54945	0.64085	0.69344	0.7189	0.7404	0.73719	0.73697	0.79766	0.87849	0.96352	1.02271	1.06976	1.09651	1.11379	1.12256	1.15394	1.17697	1.15076	1.15607	1.1822	1.17781	1.18021	1.17796	1.14289	1.14495	1.18321	1.20772	1.21553	1.2092	1.20828	1.20949	1.20236	1.18919	1.18084	1.16392	1.15292	1.13029	1.07098	0.98495	0.92321	0.86632	0.82574	0.79652	0.77725	0.76747	0.75363	0.74126	0.72938	0.72317	0.69815	0.66628	0.62885	0.61178	0.60096	0.59034	0.5789	0.55433	0.51025	0.46173	0.42791	0.38649
1.57	0.60444	0.70434	0.75863	0.79379	0.81445	0.80927	0.80964	0.87663	0.96404	1.05289	1.12567	1.1779	1.20596	1.22444	1.23863	1.27187	1.29984	1.27036	1.27642	1.3023	1.29993	1.30182	1.30109	1.26372	1.26263	1.30284	1.33121	1.34108	1.3348	1.33253	1.33149	1.32482	1.31196	1.30307	1.2857	1.27047	1.24576	1.18082	1.08746	1.0206	0.9553	0.91186	0.87836	0.85928	0.84562	0.82696	0.81092	0.80134	0.79565	0.76793	0.73108	0.69113	0.66686	0.65787	0.64424	0.63219	0.60754	0.55837	0.50645	0.47139	0.42396
1.6	0.57609	0.67622	0.72305	0.75363	0.77849	0.77272	0.77153	0.8387	0.92083	1.00332	1.07418	1.12485	1.14974	1.16724	1.18298	1.21389	1.24133	1.21156	1.21521	1.24283	1.24035	1.24097	1.23819	1.20561	1.2047	1.24417	1.26762	1.28014	1.26954	1.27008	1.26945	1.26288	1.24823	1.2387	1.22314	1.21267	1.18503	1.12345	1.03265	0.96769	0.90917	0.86362	0.83094	0.81152	0.80083	0.78264	0.77354	0.76025	0.75109	0.72813	0.69336	0.65365	0.63191	0.62341	0.61071	0.59819	0.5754	0.52881	0.47969	0.4438	0.39968
1.68	0.41389	0.48582	0.51882	0.53302	0.55173	0.54521	0.54557	0.59318	0.65012	0.707	0.75324	0.78889	0.80549	0.81433	0.82475	0.84069	0.85548	0.83427	0.83944	0.85432	0.8514	0.85047	0.84937	0.82271	0.81886	0.84478	0.8594	0.86636	0.85936	0.85549	0.85257	0.84444	0.83338	0.82475	0.81337	0.79832	0.77622	0.73121	0.67022	0.62029	0.57543	0.54526	0.51887	0.50717	0.49711	0.48612	0.47333	0.4691	0.46134	0.44609	0.4237	0.39538	0.37958	0.37244	0.36621	0.35487	0.34071	0.31241	0.28547	0.26048	0.23571
1.77	0.46913	0.54281	0.5824	0.61381	0.62546	0.61715	0.62274	0.67244	0.736	0.80496	0.85959	0.89779	0.92069	0.933	0.94274	0.96567	0.98728	0.96158	0.96633	0.98701	0.98442	0.98606	0.98032	0.95448	0.95084	0.98137	1.0007	1.00877	0.99938	0.99601	0.99641	0.98726	0.97476	0.96634	0.95166	0.93781	0.91569	0.8632	0.78786	0.73436	0.68259	0.64424	0.61744	0.60346	0.59035	0.57921	0.56433	0.55494	0.5498	0.53203	0.50344	0.47492	0.45606	0.44656	0.43724	0.4281	0.40826	0.37651	0.33982	0.31297	0.28157
1.8	0.44198	0.51801	0.5569	0.58323	0.60188	0.59773	0.59966	0.65251	0.71558	0.78146	0.83933	0.87818	0.89711	0.91405	0.92262	0.94779	0.96713	0.94556	0.95041	0.9716	0.96719	0.96712	0.96779	0.93926	0.93724	0.96782	0.9864	0.99242	0.987	0.98454	0.98253	0.97671	0.96537	0.95833	0.94406	0.92928	0.90558	0.85144	0.77503	0.72226	0.66718	0.62728	0.60026	0.58377	0.57387	0.56324	0.54932	0.54133	0.53571	0.51482	0.4894	0.45615	0.43991	0.43197	0.41943	0.41056	0.39395	0.36276	0.32585	0.29864	0.26718
1.8	0.38276	0.44811	0.48737	0.50097	0.51721	0.51785	0.51871	0.56226	0.61575	0.67224	0.71929	0.75228	0.76973	0.78173	0.78968	0.80987	0.82587	0.80719	0.80853	0.82423	0.82206	0.82245	0.8187	0.79359	0.79438	0.81909	0.83186	0.8352	0.83074	0.82548	0.82211	0.81479	0.80373	0.7949	0.77958	0.76692	0.7452	0.69486	0.62958	0.58071	0.52916	0.49937	0.47307	0.46379	0.45464	0.44167	0.43042	0.42429	0.41734	0.40014	0.37867	0.35159	0.33887	0.33005	0.32116	0.30921	0.29831	0.2726	0.24532	0.22337	0.19902
1.82	0.4278	0.50697	0.54519	0.56851	0.58843	0.58266	0.58898	0.63904	0.70751	0.77261	0.82645	0.86478	0.88931	0.90225	0.9175	0.94191	0.96364	0.94275	0.94948	0.96897	0.96752	0.96885	0.9639	0.93872	0.93644	0.97022	0.98767	0.99454	0.98805	0.98666	0.98331	0.97599	0.96572	0.95709	0.94307	0.92669	0.90157	0.84358	0.76605	0.70498	0.64873	0.60503	0.57503	0.55971	0.54937	0.5353	0.52213	0.51464	0.50687	0.48905	0.46397	0.43096	0.41314	0.40096	0.39051	0.38028	0.36466	0.33052	0.2969	0.26977	0.2379
1.9	0.4624	0.53926	0.58627	0.60941	0.62935	0.63042	0.63357	0.68705	0.76169	0.83689	0.89637	0.94341	0.96962	0.9851	0.99832	1.0277	1.05341	1.02983	1.03684	1.05964	1.05955	1.05994	1.05838	1.02906	1.03026	1.06453	1.085	1.09458	1.08815	1.0848	1.08323	1.07605	1.06482	1.0568	1.03844	1.02419	0.99824	0.93168	0.84398	0.78046	0.71252	0.66426	0.6317	0.61546	0.60111	0.58873	0.57476	0.56791	0.5608	0.53546	0.50611	0.47215	0.44961	0.44009	0.42823	0.41625	0.39976	0.36129	0.32515	0.29472	0.25803
1.93	0.36049	0.42401	0.45993	0.48505	0.49755	0.49355	0.49754	0.53859	0.5955	0.65396	0.69799	0.73613	0.75519	0.76901	0.78026	0.79923	0.81794	0.8014	0.80235	0.81949	0.81836	0.81918	0.81567	0.79384	0.789	0.81682	0.83275	0.83732	0.83057	0.82712	0.82352	0.81807	0.80789	0.79801	0.78202	0.76934	0.74539	0.6938	0.62574	0.56944	0.52047	0.48201	0.4588	0.4441	0.43251	0.42014	0.40916	0.40572	0.39918	0.38084	0.35984	0.3339	0.31571	0.30644	0.29941	0.29048	0.27724	0.25362	0.22374	0.20038	0.1765
2	0.36047	0.41648	0.45616	0.478	0.48949	0.49066	0.49194	0.53775	0.59279	0.64913	0.69737	0.72984	0.75214	0.7675	0.77654	0.79941	0.8183	0.79454	0.80417	0.82131	0.82056	0.81997	0.81916	0.79461	0.79313	0.81958	0.8353	0.83994	0.83365	0.83138	0.82896	0.82113	0.81098	0.80424	0.78904	0.77574	0.75299	0.69989	0.62822	0.57459	0.52003	0.483	0.4575	0.44405	0.43444	0.42134	0.4105	0.40485	0.40141	0.38607	0.35976	0.33555	0.31927	0.30725	0.29788	0.29061	0.27956	0.25345	0.2245	0.20219	0.174
2.07	0.36974	0.42787	0.46837	0.49462	0.50892	0.50773	0.51041	0.55602	0.62105	0.68134	0.72924	0.77287	0.79084	0.80443	0.81948	0.84138	0.86194	0.83977	0.85222	0.87347	0.87208	0.87336	0.8701	0.84681	0.84468	0.87127	0.89072	0.89768	0.89065	0.88756	0.88512	0.87822	0.86755	0.85955	0.84367	0.82948	0.80266	0.74822	0.67386	0.61247	0.55467	0.51225	0.4837	0.4694	0.46215	0.44656	0.43692	0.42916	0.42194	0.40177	0.38042	0.35405	0.33473	0.32387	0.31499	0.30561	0.29224	0.2634	0.2345	0.21129	0.18103
2.1	0.36494	0.42452	0.46033	0.48458	0.50322	0.49801	0.5031	0.55278	0.60924	0.67032	0.72439	0.75751	0.78144	0.79395	0.80612	0.83081	0.85224	0.83365	0.83765	0.85739	0.85719	0.85709	0.85328	0.83032	0.82613	0.855	0.87303	0.8769	0.87153	0.86768	0.8649	0.85798	0.84616	0.83964	0.82385	0.80761	0.78233	0.72272	0.64764	0.58836	0.52772	0.48522	0.46334	0.44598	0.43621	0.4232	0.41297	0.40396	0.39716	0.38027	0.35776	0.33014	0.31246	0.30099	0.29138	0.28443	0.26918	0.24289	0.21628	0.19318	0.16442
2.1	0.33863	0.40121	0.43137	0.45154	0.46946	0.46815	0.47012	0.51352	0.56813	0.62439	0.67093	0.70781	0.72476	0.7377	0.74868	0.76799	0.78781	0.77269	0.77751	0.79516	0.79577	0.79744	0.7921	0.76998	0.77141	0.79501	0.81176	0.81496	0.80758	0.80525	0.80138	0.79679	0.78501	0.77609	0.76303	0.74733	0.72035	0.66717	0.59762	0.53956	0.48415	0.44335	0.41712	0.40584	0.39678	0.38535	0.37548	0.36857	0.36209	0.34571	0.3262	0.2996	0.27745	0.26999	0.26221	0.25365	0.24289	0.21984	0.19396	0.17282	0.14571
2.18	0.33939	0.40124	0.43991	0.45951	0.47498	0.47036	0.47525	0.51884	0.57505	0.63279	0.67655	0.71454	0.73628	0.74452	0.75941	0.78323	0.80225	0.78616	0.79151	0.81246	0.80917	0.81116	0.80591	0.77995	0.78197	0.80773	0.82482	0.83143	0.82509	0.82001	0.82023	0.81297	0.80237	0.79154	0.779	0.76113	0.7372	0.68073	0.61086	0.55293	0.49446	0.45343	0.4308	0.41423	0.40433	0.39415	0.38413	0.37687	0.36914	0.35552	0.33193	0.30966	0.2865	0.2768	0.26894	0.26135	0.24838	0.22251	0.19861	0.17529	0.14827
2.33	0.33003	0.39239	0.42173	0.44237	0.45692	0.45799	0.4618	0.50076	0.55553	0.60929	0.65899	0.69095	0.71024	0.72527	0.73527	0.75717	0.77633	0.75896	0.76504	0.78493	0.78369	0.782	0.77837	0.75713	0.7582	0.78151	0.80048	0.80315	0.79753	0.79465	0.79132	0.78683	0.77573	0.76667	0.75424	0.73744	0.71306	0.65981	0.59046	0.53364	0.47934	0.44037	0.41436	0.403	0.39562	0.38299	0.37111	0.36527	0.35745	0.34378	0.3227	0.29906	0.27888	0.27114	0.26134	0.25394	0.24141	0.21742	0.19257	0.17251	0.14592
2.4	0.3376	0.40309	0.43773	0.45714	0.47908	0.48014	0.48152	0.52502	0.58345	0.63705	0.68996	0.72325	0.74197	0.75366	0.77374	0.79562	0.81678	0.80002	0.80502	0.82405	0.82204	0.82347	0.81899	0.79564	0.79611	0.82265	0.84173	0.84732	0.84075	0.83867	0.83569	0.82968	0.81981	0.81	0.79641	0.7812	0.75494	0.69934	0.62788	0.56701	0.51084	0.46993	0.43954	0.42807	0.4198	0.4088	0.39936	0.3896	0.38392	0.36759	0.34517	0.31836	0.2984	0.28911	0.28042	0.27182	0.26031	0.23487	0.20559	0.18335	0.15668
2.4	0.31858	0.38319	0.40451	0.42907	0.44464	0.44406	0.44925	0.48836	0.54262	0.59372	0.63937	0.67502	0.69146	0.70283	0.72161	0.73648	0.75847	0.73996	0.74726	0.7667	0.76471	0.76631	0.76366	0.73925	0.7415	0.76609	0.78192	0.78875	0.78368	0.77885	0.77625	0.77132	0.76025	0.75478	0.74075	0.72684	0.70136	0.64791	0.57942	0.52473	0.47117	0.43156	0.40597	0.39541	0.38412	0.375	0.36712	0.3599	0.35297	0.33959	0.31848	0.29285	0.27655	0.26752	0.25651	0.25029	0.23959	0.21371	0.18785	0.16793	0.14278
2.42	0.29996	0.35053	0.37854	0.39876	0.41633	0.41923	0.42163	0.4591	0.51007	0.55975	0.60441	0.63345	0.65273	0.66355	0.67363	0.69476	0.71491	0.69772	0.7041	0.71823	0.71655	0.71561	0.7147	0.69252	0.69287	0.71753	0.73285	0.73574	0.7296	0.72696	0.72368	0.71892	0.7105	0.70147	0.68665	0.67356	0.64966	0.59972	0.53647	0.48445	0.43216	0.39819	0.37577	0.35949	0.35452	0.34338	0.33421	0.3293	0.32191	0.30905	0.29125	0.26645	0.25089	0.2419	0.23334	0.22722	0.21599	0.19168	0.17049	0.15299	0.13043
2.77	0.23975	0.28173	0.30896	0.32651	0.33887	0.34057	0.3441	0.3757	0.42019	0.46239	0.49863	0.5258	0.54297	0.55291	0.56163	0.58142	0.59567	0.58349	0.58956	0.60453	0.60364	0.60426	0.60321	0.58403	0.58496	0.60448	0.61729	0.62147	0.61548	0.61394	0.61106	0.60424	0.59552	0.58883	0.57692	0.5636	0.53953	0.49363	0.43616	0.38671	0.33914	0.30666	0.28525	0.27509	0.2688	0.26085	0.25116	0.24624	0.24145	0.23048	0.21575	0.19402	0.18004	0.17231	0.16662	0.16161	0.15331	0.13685	0.11803	0.10431	0.08607
2.8	0.26409	0.30954	0.33784	0.35394	0.36799	0.37208	0.37756	0.41471	0.46118	0.51044	0.55198	0.58397	0.60344	0.61374	0.62826	0.64845	0.66675	0.65548	0.66104	0.67732	0.6812	0.6824	0.67902	0.65997	0.66137	0.68512	0.70117	0.70447	0.70107	0.69816	0.6964	0.69039	0.68257	0.67519	0.66301	0.64793	0.62149	0.57054	0.50378	0.44815	0.39196	0.35637	0.33018	0.31957	0.31476	0.30183	0.29477	0.28954	0.28237	0.26989	0.25172	0.23002	0.21361	0.20636	0.19715	0.18856	0.17946	0.16237	0.14121	0.12235	0.10383
2.8	0.25807	0.30116	0.33101	0.35141	0.36774	0.36798	0.37262	0.40949	0.45792	0.50583	0.54565	0.57755	0.59792	0.61094	0.62253	0.64541	0.66237	0.65304	0.66101	0.67685	0.6778	0.67838	0.67521	0.65776	0.65812	0.68241	0.69689	0.7026	0.69857	0.69554	0.69348	0.68751	0.67995	0.67362	0.6617	0.64411	0.6184	0.56535	0.49833	0.44146	0.38684	0.34601	0.32355	0.31191	0.3032	0.29494	0.28574	0.28004	0.27422	0.26105	0.24357	0.22264	0.20524	0.1957	0.19007	0.18171	0.17291	0.15431	0.13416	0.11616	0.09632
2.9	0.23334	0.27211	0.30249	0.32134	0.3319	0.33207	0.3363	0.37142	0.41433	0.45845	0.49641	0.52577	0.54186	0.5525	0.56486	0.58447	0.59913	0.58849	0.59696	0.61228	0.61132	0.61327	0.6112	0.59226	0.59434	0.61527	0.62793	0.6337	0.6276	0.62502	0.62174	0.61591	0.6068	0.60069	0.58953	0.57395	0.54851	0.49849	0.43865	0.38606	0.33562	0.29934	0.28093	0.26808	0.26137	0.25332	0.24397	0.24086	0.23493	0.22191	0.20643	0.18873	0.17381	0.16545	0.16069	0.15372	0.14511	0.12873	0.11359	0.09702	0.07988
2.9	0.22868	0.27159	0.29759	0.31265	0.3275	0.32857	0.33584	0.36841	0.40735	0.45164	0.49143	0.518	0.53496	0.54779	0.55953	0.57752	0.59344	0.58279	0.59172	0.60571	0.606	0.60997	0.60372	0.58699	0.58701	0.60879	0.62184	0.6264	0.62169	0.61878	0.61597	0.61063	0.60152	0.5951	0.58265	0.56745	0.54167	0.49422	0.43253	0.37944	0.32936	0.2975	0.27449	0.26476	0.25688	0.24939	0.24227	0.23514	0.22862	0.21898	0.20513	0.18388	0.17069	0.16176	0.15526	0.14997	0.1438	0.12637	0.10974	0.09424	0.07772
3.01	0.25727	0.30565	0.33693	0.35577	0.37105	0.37179	0.37822	0.42023	0.46618	0.51526	0.55771	0.59143	0.61342	0.6265	0.64061	0.6661	0.68428	0.67441	0.68359	0.70212	0.70281	0.70563	0.70304	0.68507	0.68633	0.71147	0.72665	0.73373	0.72976	0.7264	0.72407	0.7191	0.71041	0.70354	0.69038	0.67338	0.6448	0.58967	0.51875	0.45971	0.39943	0.3591	0.33446	0.32159	0.3116	0.306	0.29614	0.28887	0.28304	0.2696	0.25219	0.22934	0.21004	0.20142	0.19299	0.18611	0.17622	0.15807	0.1382	0.11987	0.09796
3.1	0.24337	0.29032	0.32173	0.3407	0.35304	0.35886	0.36463	0.40273	0.44909	0.49837	0.53853	0.56974	0.59031	0.60513	0.61731	0.63911	0.65999	0.64993	0.65771	0.67459	0.67445	0.67837	0.67626	0.6552	0.65729	0.68176	0.69701	0.70237	0.69722	0.69563	0.69324	0.68592	0.67659	0.67043	0.65731	0.64006	0.61123	0.55734	0.48988	0.42926	0.37302	0.33479	0.31077	0.29905	0.29085	0.28212	0.27299	0.26604	0.26086	0.24786	0.23222	0.20839	0.19199	0.18266	0.1761	0.16972	0.15993	0.14425	0.12395	0.10732	0.08849
3.1	0.23369	0.28106	0.30442	0.32477	0.34115	0.34282	0.34947	0.38755	0.42915	0.47748	0.5169	0.54639	0.56754	0.57958	0.58998	0.61279	0.63083	0.62085	0.62862	0.64564	0.64638	0.64754	0.64512	0.62565	0.62663	0.65064	0.6662	0.67015	0.66376	0.66091	0.65837	0.65313	0.64364	0.63665	0.62271	0.60626	0.57689	0.52585	0.45976	0.40218	0.3483	0.31098	0.28661	0.27568	0.2674	0.25999	0.25055	0.24529	0.23892	0.2249	0.21135	0.19007	0.17224	0.16484	0.15941	0.15154	0.14415	0.12756	0.11139	0.09434	0.0776
3.1	0.26813	0.32127	0.35393	0.37508	0.39192	0.39532	0.40258	0.44563	0.49921	0.55256	0.60245	0.63964	0.66108	0.67899	0.69498	0.71722	0.74182	0.72978	0.74204	0.76249	0.7622	0.76567	0.76538	0.74309	0.74436	0.77406	0.79135	0.79929	0.79516	0.79352	0.78955	0.78408	0.7755	0.7666	0.75354	0.73473	0.70174	0.64192	0.56259	0.49402	0.42956	0.38375	0.35443	0.34195	0.33339	0.32306	0.31267	0.30698	0.29885	0.28585	0.26474	0.23967	0.22025	0.21012	0.2033	0.19318	0.18413	0.16327	0.14142	0.12242	0.09852
3.28	0.28488	0.33146	0.36902	0.3951	0.40892	0.41535	0.42521	0.46757	0.52483	0.58359	0.63264	0.67184	0.69842	0.71546	0.73255	0.76031	0.783	0.7735	0.78441	0.80798	0.80979	0.81461	0.81034	0.78814	0.79089	0.8223	0.84115	0.85085	0.84627	0.84441	0.84233	0.83663	0.82644	0.81887	0.8048	0.78498	0.75211	0.68561	0.60189	0.52903	0.4594	0.4103	0.38226	0.36697	0.35605	0.34676	0.33542	0.32835	0.32093	0.30357	0.28374	0.25882	0.23601	0.22613	0.21846	0.20782	0.19608	0.17713	0.15237	0.13042	0.10799
3.3	0.25618	0.30189	0.33148	0.35618	0.37079	0.37552	0.38319	0.42356	0.47185	0.52519	0.57179	0.60606	0.62725	0.64357	0.66034	0.68365	0.7043	0.69289	0.70449	0.72417	0.72502	0.72739	0.72557	0.70551	0.70585	0.73399	0.75199	0.75821	0.75263	0.74979	0.74606	0.74061	0.7302	0.72285	0.71049	0.68918	0.65756	0.59912	0.52217	0.45833	0.39567	0.35095	0.32466	0.31335	0.30444	0.29455	0.28566	0.27915	0.27004	0.25737	0.24074	0.2155	0.20019	0.18696	0.17947	0.17284	0.16306	0.14489	0.12451	0.10752	0.08735
3.3	0.25174	0.29682	0.32881	0.34722	0.36338	0.36921	0.37763	0.42037	0.46731	0.52075	0.56602	0.60113	0.62167	0.63759	0.65471	0.67878	0.69986	0.69013	0.70054	0.72087	0.72306	0.7262	0.72448	0.70265	0.70426	0.73207	0.75117	0.75778	0.75265	0.75119	0.74665	0.74215	0.733	0.72587	0.71339	0.69351	0.66202	0.60352	0.52671	0.46042	0.39751	0.354	0.32726	0.31538	0.30755	0.29714	0.28953	0.28382	0.2745	0.26003	0.24536	0.2181	0.20158	0.19164	0.18306	0.17532	0.16635	0.1495	0.12824	0.11083	0.08978
3.39	0.2482	0.29487	0.32872	0.35108	0.36548	0.36833	0.37603	0.41654	0.46876	0.52173	0.56719	0.60248	0.62522	0.64133	0.65669	0.68367	0.70519	0.69638	0.70521	0.72757	0.72895	0.73326	0.73072	0.71006	0.71389	0.74239	0.75966	0.76721	0.7646	0.76175	0.75928	0.75381	0.74405	0.73752	0.72355	0.70548	0.67495	0.61325	0.537	0.46988	0.40544	0.3602	0.33325	0.32155	0.31268	0.30329	0.29379	0.2862	0.27927	0.26801	0.24961	0.22548	0.20774	0.19623	0.18818	0.18189	0.17028	0.15227	0.13296	0.11279	0.09181
3.4	0.23698	0.28415	0.30941	0.33028	0.34431	0.34966	0.35853	0.39658	0.44438	0.49673	0.53739	0.57241	0.59514	0.60823	0.62623	0.64787	0.67005	0.65986	0.67125	0.6892	0.69235	0.69613	0.69368	0.6749	0.67641	0.70188	0.7209	0.72601	0.72221	0.72074	0.7172	0.71255	0.70248	0.69673	0.68152	0.66421	0.63295	0.57321	0.50082	0.43718	0.37339	0.33164	0.30606	0.29525	0.28746	0.27632	0.26871	0.26121	0.25547	0.24274	0.22521	0.20348	0.18573	0.17724	0.16865	0.16346	0.15194	0.13636	0.11825	0.10164	0.08234
3.4	0.22967	0.27103	0.29902	0.31844	0.33597	0.34072	0.34896	0.38806	0.43566	0.48576	0.52919	0.56415	0.58707	0.60105	0.6178	0.64184	0.66407	0.65535	0.66614	0.68637	0.68687	0.69233	0.69086	0.67001	0.67274	0.70091	0.71873	0.72467	0.72095	0.71838	0.71699	0.71129	0.7028	0.69576	0.68184	0.66203	0.63063	0.57175	0.49614	0.4322	0.36921	0.32633	0.30159	0.28714	0.2804	0.27206	0.26165	0.25485	0.24723	0.23559	0.22009	0.19724	0.17888	0.17145	0.1622	0.15569	0.14492	0.13034	0.11204	0.09376	0.07612
3.6	0.22216	0.26818	0.29523	0.31323	0.33213	0.33648	0.34611	0.38687	0.4301	0.48088	0.52533	0.56131	0.58303	0.59853	0.6145	0.64095	0.66529	0.65522	0.66712	0.68403	0.68867	0.69167	0.69124	0.67196	0.67448	0.70163	0.71977	0.72647	0.72354	0.72216	0.71834	0.71221	0.70286	0.69696	0.68274	0.66329	0.63059	0.57201	0.49324	0.42717	0.36241	0.31976	0.29248	0.28099	0.27167	0.26419	0.25601	0.2487	0.24145	0.23032	0.21427	0.19076	0.17404	0.16333	0.15538	0.15082	0.14188	0.1254	0.10656	0.0908	0.07198
3.62	0.21539	0.2562	0.28446	0.3042	0.32044	0.32759	0.33459	0.37175	0.42018	0.47128	0.51443	0.54815	0.57098	0.58885	0.60567	0.63061	0.65261	0.64722	0.65659	0.67985	0.68077	0.68497	0.6846	0.66468	0.66933	0.69805	0.71552	0.7226	0.72	0.71697	0.71518	0.70975	0.70257	0.69615	0.68101	0.6629	0.62954	0.56872	0.49075	0.42307	0.35636	0.31287	0.28729	0.27522	0.26714	0.25823	0.24964	0.24403	0.23717	0.22468	0.20692	0.18567	0.17009	0.15792	0.15154	0.14611	0.13563	0.1208	0.10316	0.08743	0.06956
3.7	0.20221	0.23319	0.2673	0.28464	0.30043	0.30554	0.31469	0.35038	0.39552	0.4431	0.48277	0.51609	0.53777	0.55473	0.56972	0.59211	0.61462	0.60948	0.61812	0.6401	0.64198	0.64535	0.6438	0.62693	0.63039	0.65544	0.6736	0.67976	0.67662	0.67482	0.6729	0.66756	0.66029	0.6544	0.63993	0.6197	0.58945	0.52887	0.45491	0.39026	0.32671	0.28526	0.26091	0.24894	0.24193	0.23519	0.22693	0.22006	0.21488	0.20179	0.18643	0.16672	0.15024	0.14077	0.13441	0.12751	0.11997	0.10588	0.09032	0.0762	0.05916
3.7	0.18794	0.22389	0.24613	0.26241	0.27998	0.28432	0.29325	0.32825	0.36919	0.41587	0.45265	0.48592	0.5055	0.5217	0.53498	0.55824	0.58064	0.57261	0.58374	0.60274	0.60577	0.60836	0.60819	0.58995	0.59477	0.61989	0.63424	0.6415	0.63863	0.63597	0.63259	0.62742	0.61902	0.61434	0.60054	0.58009	0.54971	0.49349	0.42245	0.36049	0.30048	0.26091	0.23805	0.22698	0.22048	0.21243	0.20516	0.19902	0.1921	0.18246	0.16857	0.14831	0.13356	0.12519	0.11692	0.1125	0.10584	0.09295	0.07894	0.06672	0.05114
3.74	0.19121	0.23275	0.25446	0.27315	0.28889	0.29515	0.30452	0.34111	0.38145	0.43004	0.46805	0.50117	0.52463	0.54085	0.55564	0.58124	0.60248	0.5956	0.607	0.62913	0.63062	0.63523	0.63343	0.61517	0.61956	0.64585	0.66206	0.67006	0.66563	0.6652	0.6613	0.65766	0.64925	0.64267	0.62927	0.61032	0.57747	0.51894	0.44506	0.37856	0.31693	0.27577	0.25037	0.2394	0.2323	0.22472	0.21721	0.20989	0.20459	0.19429	0.17571	0.15797	0.14213	0.13153	0.12583	0.12069	0.11267	0.10072	0.08366	0.07052	0.05432
3.8	0.1991	0.23597	0.26256	0.28077	0.29827	0.3054	0.31571	0.34929	0.39484	0.4447	0.48639	0.51867	0.54627	0.56326	0.57864	0.60349	0.62618	0.6218	0.63207	0.65206	0.65648	0.66158	0.66166	0.64195	0.6474	0.67521	0.69325	0.70115	0.69944	0.69576	0.6938	0.68993	0.68324	0.67602	0.66194	0.64269	0.60896	0.54745	0.4703	0.40173	0.33436	0.29236	0.26511	0.25461	0.24657	0.2399	0.22974	0.22399	0.21897	0.20695	0.19168	0.17048	0.15341	0.14395	0.13779	0.13004	0.12113	0.10752	0.0921	0.07605	0.06049
3.84	0.19578	0.23089	0.25957	0.27771	0.2936	0.30039	0.30941	0.34431	0.39005	0.43724	0.48036	0.51365	0.53533	0.55355	0.57076	0.59395	0.61732	0.61123	0.62174	0.64281	0.64723	0.65343	0.65071	0.63433	0.63752	0.66512	0.68328	0.6916	0.68903	0.68761	0.68448	0.67945	0.67299	0.66565	0.65312	0.63351	0.60171	0.53941	0.46333	0.39592	0.33069	0.28776	0.26352	0.2504	0.24415	0.23647	0.227	0.22131	0.21557	0.2028	0.18783	0.16802	0.15173	0.14081	0.13318	0.1288	0.11986	0.10622	0.08986	0.07345	0.05912
3.94	0.18848	0.2232	0.24485	0.26593	0.27777	0.28426	0.29266	0.32618	0.36821	0.41327	0.45053	0.4826	0.50523	0.51982	0.53664	0.55892	0.57886	0.57472	0.58517	0.60533	0.60836	0.61253	0.61163	0.59634	0.60007	0.62409	0.64134	0.6479	0.64532	0.64161	0.63949	0.6356	0.62839	0.6218	0.60976	0.59002	0.55893	0.50037	0.42993	0.36769	0.30558	0.26641	0.24409	0.23275	0.2253	0.21768	0.21078	0.20449	0.19907	0.18801	0.17249	0.15628	0.13868	0.1301	0.12424	0.11611	0.10957	0.09705	0.08367	0.06957	0.05603
4	0.17157	0.20698	0.22457	0.2439	0.2572	0.26394	0.27416	0.30648	0.34378	0.38636	0.4233	0.45318	0.47281	0.48831	0.50223	0.5247	0.54438	0.53765	0.54786	0.56684	0.56999	0.5755	0.57527	0.5583	0.56149	0.58526	0.60123	0.60794	0.60413	0.6028	0.60095	0.59612	0.58923	0.5834	0.57027	0.55307	0.52143	0.46831	0.40067	0.33988	0.28202	0.24487	0.22188	0.21483	0.20641	0.19932	0.19421	0.18809	0.18096	0.17236	0.15947	0.14126	0.12666	0.11751	0.11179	0.10708	0.09815	0.0891	0.07568	0.06142	0.04914
4.06	0.16383	0.19875	0.22021	0.23583	0.25101	0.25668	0.26699	0.29697	0.33743	0.37705	0.41361	0.44385	0.46084	0.47597	0.4923	0.50948	0.53254	0.52634	0.53697	0.55384	0.5577	0.56203	0.56306	0.54402	0.54834	0.57208	0.58693	0.59266	0.5902	0.58752	0.58517	0.58102	0.57386	0.56833	0.55591	0.53678	0.50724	0.45364	0.38878	0.32885	0.27344	0.23677	0.21514	0.20603	0.19856	0.19248	0.185	0.18031	0.17305	0.16458	0.14985	0.1332	0.12013	0.1127	0.10643	0.10245	0.0958	0.08332	0.07145	0.05858	0.04648
4.17	0.16675	0.2004	0.22555	0.2402	0.25363	0.25946	0.26652	0.29757	0.33599	0.38049	0.41927	0.44631	0.46643	0.48657	0.49687	0.51894	0.53954	0.53759	0.54432	0.56467	0.5676	0.57181	0.57252	0.55677	0.55922	0.58421	0.59909	0.60665	0.6035	0.60197	0.59904	0.59506	0.58788	0.58344	0.57027	0.55146	0.52077	0.466	0.3989	0.33624	0.27801	0.23934	0.22074	0.20858	0.20164	0.19392	0.18927	0.18247	0.17797	0.16924	0.15373	0.13484	0.12144	0.1139	0.10571	0.10386	0.09703	0.0845	0.07312	0.05924	0.0439
4.2	0.17039	0.20116	0.2232	0.24131	0.25622	0.26148	0.27312	0.30313	0.34471	0.38809	0.42706	0.45766	0.47815	0.49548	0.51078	0.53564	0.55555	0.55183	0.56222	0.58036	0.58744	0.59097	0.59139	0.57521	0.57739	0.60328	0.62138	0.62871	0.62616	0.62445	0.62255	0.61761	0.61146	0.60646	0.59338	0.57366	0.54101	0.48332	0.41341	0.34989	0.28667	0.24849	0.22578	0.21426	0.20755	0.20029	0.19221	0.18828	0.1834	0.17146	0.15773	0.13861	0.12464	0.11505	0.10841	0.1036	0.09722	0.08513	0.07273	0.06076	0.0462
4.21	0.15627	0.18438	0.20946	0.22586	0.24177	0.24759	0.25639	0.2876	0.32572	0.36622	0.40294	0.43199	0.45332	0.46785	0.48358	0.50606	0.52805	0.52246	0.53415	0.5524	0.55766	0.56128	0.5604	0.54416	0.5493	0.57279	0.58997	0.59619	0.59299	0.59171	0.59017	0.58452	0.57945	0.57329	0.55972	0.54086	0.51061	0.45485	0.3844	0.32329	0.26569	0.22725	0.20723	0.19589	0.19049	0.18366	0.17568	0.17093	0.16511	0.15719	0.14144	0.12693	0.1118	0.10341	0.09774	0.09349	0.08767	0.07587	0.06311	0.05332	0.03875
4.32	0.14427	0.17623	0.19697	0.21135	0.22847	0.2311	0.24288	0.27204	0.30846	0.3487	0.38359	0.412	0.43132	0.44711	0.462	0.4819	0.50305	0.4996	0.51005	0.52679	0.53167	0.53549	0.53294	0.52099	0.52362	0.54586	0.56276	0.56838	0.56581	0.56536	0.56164	0.55737	0.55189	0.54653	0.53308	0.51533	0.48451	0.43006	0.36318	0.30487	0.24789	0.21107	0.19176	0.18209	0.17471	0.16919	0.16322	0.15687	0.15205	0.14361	0.13188	0.11599	0.10174	0.09521	0.08872	0.08564	0.08009	0.06957	0.05941	0.0476	0.03613
4.4	0.15286	0.1803	0.20448	0.22158	0.23479	0.24244	0.25065	0.27861	0.3199	0.36093	0.39671	0.42566	0.44832	0.4648	0.47899	0.50301	0.52408	0.51918	0.5289	0.54846	0.55384	0.56036	0.55778	0.54347	0.54572	0.57074	0.58786	0.5961	0.59214	0.59137	0.58951	0.58467	0.58077	0.57444	0.56062	0.54342	0.51222	0.45519	0.38597	0.32385	0.26499	0.22522	0.20275	0.19411	0.18907	0.18178	0.17388	0.17161	0.16463	0.15351	0.1415	0.12504	0.10907	0.10306	0.09724	0.09106	0.08495	0.0741	0.06383	0.0532	0.03948
4.4	0.14306	0.16968	0.19389	0.20779	0.221	0.22916	0.23846	0.2681	0.30458	0.34506	0.37842	0.40847	0.42642	0.44155	0.45748	0.47975	0.49927	0.49544	0.50651	0.52383	0.52998	0.53301	0.53338	0.51959	0.522	0.54659	0.56152	0.56805	0.56525	0.56473	0.56061	0.55772	0.5523	0.54687	0.53481	0.51581	0.48626	0.43136	0.36591	0.30458	0.24766	0.21227	0.19156	0.1819	0.17561	0.17017	0.16243	0.1587	0.15384	0.14376	0.13131	0.11763	0.10271	0.09536	0.08918	0.08472	0.08118	0.07074	0.05911	0.04712	0.03663
4.47	0.13721	0.16671	0.18512	0.19844	0.21348	0.21879	0.22938	0.25901	0.2916	0.33089	0.36332	0.39032	0.41084	0.4228	0.43929	0.45983	0.47893	0.47492	0.48823	0.50454	0.50865	0.51289	0.51096	0.49908	0.50215	0.52545	0.53933	0.54667	0.54394	0.54351	0.53991	0.53725	0.53101	0.52644	0.51217	0.49621	0.46478	0.41394	0.35015	0.29147	0.23712	0.20281	0.18209	0.17437	0.16923	0.16286	0.15728	0.15047	0.1458	0.13703	0.12568	0.11017	0.09706	0.09003	0.08741	0.08258	0.07651	0.06683	0.05607	0.04494	0.03534
4.5	0.13343	0.15504	0.18048	0.19323	0.20805	0.21499	0.22351	0.25073	0.28618	0.32391	0.35487	0.38223	0.40269	0.41628	0.43059	0.45166	0.47105	0.46904	0.47872	0.49507	0.49801	0.50321	0.50271	0.48757	0.49348	0.51465	0.52913	0.53667	0.53565	0.53256	0.53056	0.52752	0.52195	0.51649	0.50416	0.48647	0.45851	0.40466	0.34082	0.28474	0.23257	0.19753	0.17733	0.16891	0.16303	0.15656	0.15009	0.14548	0.13981	0.13227	0.12182	0.10791	0.09571	0.08669	0.08163	0.07804	0.07269	0.06352	0.05389	0.04293	0.0327
4.5	0.13377	0.16036	0.1787	0.19705	0.20757	0.2162	0.22431	0.2505	0.28441	0.32279	0.35546	0.38298	0.40323	0.41725	0.43104	0.45256	0.47135	0.46882	0.4783	0.49558	0.50193	0.50653	0.50439	0.49077	0.49472	0.51774	0.53433	0.54102	0.53925	0.5365	0.53311	0.53045	0.52446	0.51938	0.50846	0.49011	0.4593	0.40835	0.343	0.28737	0.23237	0.19799	0.17812	0.169	0.16281	0.15889	0.15168	0.14796	0.14294	0.13325	0.12196	0.10741	0.0951	0.08794	0.08293	0.08001	0.07476	0.06473	0.05577	0.04316	0.03353
4.6	0.13375	0.15892	0.17798	0.19443	0.20603	0.21378	0.22291	0.24961	0.28479	0.32109	0.35634	0.38368	0.40162	0.41724	0.43309	0.45383	0.47643	0.47112	0.48021	0.50041	0.50311	0.50728	0.50869	0.49476	0.49837	0.52276	0.53761	0.54637	0.54389	0.54228	0.53979	0.53712	0.53065	0.52568	0.51306	0.49606	0.46557	0.4116	0.34667	0.28753	0.23232	0.19593	0.17753	0.16789	0.1621	0.15466	0.14946	0.1448	0.13994	0.13136	0.12033	0.10509	0.09154	0.08446	0.08133	0.07458	0.06989	0.06135	0.05029	0.04201	0.02998
4.62	0.13402	0.16172	0.18411	0.19517	0.20989	0.21758	0.22633	0.2539	0.28849	0.32589	0.36192	0.38982	0.40858	0.4246	0.43951	0.46125	0.48199	0.47947	0.49101	0.50998	0.51286	0.51773	0.51776	0.50428	0.50992	0.53223	0.54666	0.55445	0.55289	0.55253	0.54971	0.54623	0.54127	0.53678	0.52462	0.50548	0.47304	0.41856	0.35186	0.29129	0.2366	0.19778	0.17735	0.16967	0.16408	0.15757	0.1508	0.14625	0.14106	0.13089	0.12125	0.10576	0.09302	0.0855	0.0806	0.07719	0.0722	0.06079	0.05134	0.04257	0.03186
4.7	0.13299	0.15713	0.17769	0.19162	0.20663	0.21128	0.22216	0.24897	0.28159	0.32082	0.35491	0.38101	0.40315	0.41873	0.43285	0.45551	0.4744	0.47223	0.48504	0.50163	0.50591	0.51134	0.51159	0.49657	0.50337	0.52758	0.53991	0.54827	0.5474	0.54514	0.54324	0.5406	0.5354	0.52854	0.51782	0.49829	0.46753	0.41452	0.34629	0.28727	0.23266	0.19507	0.1738	0.16679	0.16139	0.15549	0.15094	0.14482	0.13891	0.13044	0.11985	0.10514	0.09406	0.08509	0.08044	0.07778	0.07176	0.06189	0.05152	0.04304	0.03081
4.73	0.1196	0.14687	0.16338	0.17841	0.18702	0.19648	0.2051	0.23201	0.26369	0.29922	0.3306	0.35622	0.37582	0.39097	0.40283	0.42659	0.44354	0.44372	0.45395	0.46993	0.475	0.47968	0.4765	0.46528	0.47035	0.49176	0.50724	0.51439	0.51159	0.51228	0.50838	0.50463	0.50037	0.49528	0.4832	0.4655	0.437	0.38329	0.32176	0.26591	0.21183	0.1783	0.15925	0.15126	0.145	0.13974	0.13543	0.1296	0.12557	0.11697	0.10703	0.09245	0.08232	0.07559	0.07057	0.06779	0.06237	0.05419	0.04468	0.03711	0.02711
4.8	0.11682	0.13917	0.15674	0.17034	0.18387	0.18896	0.19583	0.22333	0.25256	0.28846	0.3178	0.34326	0.36192	0.37374	0.3885	0.40761	0.42769	0.4262	0.43631	0.45265	0.45698	0.46276	0.45911	0.44822	0.45309	0.47451	0.4881	0.49511	0.49229	0.49253	0.48896	0.48556	0.48155	0.47538	0.46434	0.44689	0.4186	0.3678	0.30734	0.25439	0.20404	0.17007	0.15258	0.14369	0.13738	0.13347	0.12812	0.12526	0.12077	0.11192	0.10286	0.08829	0.079	0.07048	0.06729	0.06295	0.05943	0.05101	0.04346	0.03558	0.02771
4.87	0.11002	0.13094	0.14726	0.15991	0.17184	0.1787	0.18817	0.21248	0.24294	0.2778	0.30696	0.33307	0.35207	0.36633	0.38041	0.40131	0.42004	0.41887	0.4311	0.44725	0.4521	0.45877	0.45721	0.44531	0.45133	0.47231	0.48694	0.49476	0.49346	0.49161	0.48976	0.48708	0.48252	0.47832	0.46612	0.4483	0.41858	0.36687	0.30436	0.2488	0.19637	0.16275	0.14523	0.13674	0.132	0.1265	0.12018	0.11706	0.11354	0.10609	0.09492	0.083	0.07115	0.06565	0.06272	0.05756	0.05347	0.0464	0.03844	0.03088	0.02263
5.1	0.10254	0.12662	0.14276	0.15665	0.16814	0.17577	0.1845	0.20807	0.23845	0.27361	0.30267	0.32831	0.34585	0.36022	0.37409	0.39471	0.41362	0.41251	0.42385	0.44139	0.44554	0.45098	0.45103	0.43827	0.44387	0.46453	0.4797	0.48613	0.48506	0.48436	0.48316	0.4785	0.4735	0.47027	0.45808	0.44067	0.4099	0.3592	0.29745	0.24233	0.19099	0.15883	0.1412	0.13215	0.1271	0.12327	0.11666	0.11296	0.10941	0.10116	0.09205	0.08021	0.06901	0.06359	0.05949	0.05517	0.05114	0.04374	0.03589	0.02905	0.02141
5.15	0.10432	0.122	0.13885	0.15488	0.16474	0.16964	0.18055	0.20395	0.23256	0.26655	0.29345	0.31705	0.33734	0.35052	0.36367	0.38418	0.4031	0.40115	0.41306	0.42898	0.4336	0.44017	0.43817	0.42725	0.43182	0.4524	0.46619	0.4737	0.47166	0.47078	0.46907	0.46545	0.46128	0.45735	0.44617	0.42816	0.39896	0.35001	0.29105	0.23711	0.18636	0.15461	0.13845	0.12995	0.12679	0.12066	0.11561	0.1108	0.10781	0.1008	0.0905	0.07838	0.06891	0.06185	0.05936	0.05611	0.05095	0.04565	0.03668	0.02941	0.02224
5.2	0.09756	0.11985	0.13491	0.14546	0.15949	0.16557	0.17159	0.19683	0.22384	0.25492	0.28286	0.30601	0.3249	0.33751	0.35102	0.36952	0.387	0.3866	0.39637	0.41191	0.41824	0.42264	0.42086	0.41051	0.41536	0.43485	0.4488	0.45561	0.45326	0.4526	0.44974	0.44736	0.44376	0.43913	0.42854	0.41105	0.38383	0.33507	0.27808	0.22777	0.17983	0.14865	0.13168	0.12463	0.12044	0.11519	0.10987	0.10716	0.10282	0.09525	0.08744	0.07483	0.06521	0.05973	0.05617	0.05226	0.0485	0.04309	0.03494	0.02855	0.02051
5.3	0.09661	0.11633	0.13108	0.14272	0.15394	0.16065	0.16891	0.19065	0.21869	0.24915	0.27759	0.29987	0.31793	0.32924	0.34287	0.36293	0.37812	0.37891	0.38961	0.40406	0.40991	0.41517	0.41302	0.40228	0.40759	0.42606	0.43888	0.44601	0.4443	0.44298	0.44169	0.43817	0.43472	0.42921	0.4192	0.40233	0.37589	0.32788	0.27159	0.22172	0.17545	0.14464	0.12845	0.12183	0.11598	0.11211	0.1067	0.10281	0.09827	0.09326	0.08346	0.07311	0.06278	0.05788	0.05579	0.05273	0.04772	0.04282	0.03367	0.02708	0.01941
5.3	0.09418	0.1151	0.12932	0.14121	0.15209	0.15828	0.16533	0.18832	0.21637	0.24737	0.27523	0.2982	0.31466	0.3275	0.34209	0.36108	0.37798	0.37695	0.38721	0.40315	0.4076	0.41305	0.41084	0.40104	0.4076	0.42561	0.43885	0.44524	0.44368	0.44296	0.44122	0.43817	0.4331	0.42913	0.419	0.40256	0.37452	0.32755	0.27009	0.22024	0.17386	0.14264	0.12668	0.11969	0.11489	0.1106	0.10535	0.10288	0.09882	0.09145	0.08295	0.07338	0.0622	0.05678	0.0535	0.05039	0.04676	0.03998	0.03338	0.02606	0.01871
5.31	0.09267	0.1121	0.12785	0.13983	0.14848	0.15464	0.16269	0.18506	0.21308	0.24388	0.2706	0.29403	0.31154	0.32319	0.33884	0.35742	0.37322	0.37464	0.38371	0.39996	0.40623	0.41002	0.40883	0.39901	0.40366	0.42385	0.43702	0.44385	0.44262	0.44108	0.43961	0.43716	0.43319	0.42888	0.41858	0.40208	0.37392	0.32559	0.26827	0.21802	0.17072	0.13988	0.1231	0.11682	0.11388	0.10863	0.1028	0.0996	0.09512	0.09099	0.08084	0.07103	0.06022	0.05452	0.05154	0.04937	0.04651	0.03963	0.03221	0.02569	0.01872
5.4	0.08676	0.10509	0.11992	0.13045	0.14165	0.14806	0.15486	0.17714	0.2038	0.23398	0.26	0.2826	0.29865	0.31246	0.32601	0.34456	0.36209	0.36215	0.3724	0.3882	0.39311	0.39771	0.39727	0.38769	0.39224	0.41087	0.42546	0.43187	0.43029	0.42971	0.42712	0.42545	0.42067	0.41719	0.40672	0.39025	0.36225	0.31513	0.25894	0.20909	0.16227	0.13324	0.11815	0.11101	0.10571	0.10143	0.09658	0.09423	0.08936	0.08354	0.07696	0.06533	0.05576	0.05156	0.04862	0.04538	0.04207	0.03661	0.02931	0.02363	0.01664
5.53	0.08159	0.09765	0.11109	0.12352	0.13226	0.13999	0.14758	0.16684	0.19231	0.22222	0.24588	0.26924	0.2851	0.29744	0.31196	0.32934	0.34469	0.34569	0.35659	0.37111	0.37536	0.38029	0.38128	0.37089	0.37617	0.39448	0.40796	0.41416	0.41204	0.41145	0.40987	0.40683	0.40333	0.40038	0.38939	0.37297	0.34551	0.29922	0.24332	0.19613	0.1515	0.12233	0.10863	0.10093	0.0969	0.09289	0.08851	0.08505	0.08219	0.07598	0.06947	0.05871	0.05049	0.04424	0.04128	0.04032	0.03657	0.03244	0.02553	0.01968	0.01437
5.6	0.07417	0.0939	0.10462	0.11419	0.12593	0.13199	0.13841	0.15849	0.18377	0.21182	0.23725	0.2575	0.27273	0.28316	0.2979	0.31611	0.33231	0.33329	0.34385	0.35748	0.36382	0.36735	0.36586	0.35828	0.36215	0.38082	0.39345	0.40009	0.39722	0.39767	0.3954	0.39278	0.38921	0.38585	0.37523	0.35888	0.33216	0.28606	0.2342	0.18595	0.142	0.11517	0.10093	0.09487	0.09133	0.08666	0.08258	0.08051	0.07838	0.07105	0.06567	0.05431	0.04568	0.04274	0.04028	0.03653	0.03434	0.02979	0.02362	0.01944	0.01416
5.69	0.07274	0.08466	0.10126	0.11146	0.12092	0.12621	0.13398	0.1535	0.17772	0.20536	0.22994	0.25145	0.26704	0.27796	0.29253	0.30931	0.32557	0.32721	0.3366	0.35162	0.35619	0.36066	0.36148	0.35302	0.35738	0.37503	0.38771	0.39505	0.39325	0.39263	0.39016	0.38801	0.38475	0.38135	0.37142	0.35453	0.32791	0.28256	0.22913	0.18247	0.13904	0.11154	0.09746	0.09171	0.08768	0.08326	0.08039	0.0768	0.07329	0.06823	0.06134	0.05177	0.0442	0.03883	0.03674	0.03335	0.03169	0.02661	0.02161	0.01688	0.01105
5.7	0.07211	0.08784	0.09968	0.11032	0.11912	0.12597	0.13304	0.15273	0.17578	0.20249	0.22841	0.24868	0.26385	0.27778	0.29	0.30814	0.32355	0.32546	0.33627	0.35066	0.35485	0.35999	0.35987	0.35079	0.35593	0.37363	0.38668	0.39309	0.39264	0.3911	0.39042	0.38716	0.38335	0.37938	0.36994	0.35302	0.32651	0.28069	0.22939	0.18102	0.13812	0.11148	0.09853	0.0908	0.08698	0.08302	0.07892	0.0771	0.07397	0.06795	0.06132	0.05188	0.04425	0.04107	0.03666	0.03507	0.03201	0.02749	0.02232	0.01712	0.01229
5.7	0.06501	0.08487	0.0954	0.10585	0.11357	0.12008	0.1272	0.14564	0.1689	0.19571	0.21757	0.2387	0.25514	0.26529	0.27999	0.29561	0.31055	0.31325	0.32214	0.33606	0.34298	0.34675	0.34584	0.33777	0.34163	0.36016	0.37257	0.37875	0.37719	0.37734	0.37427	0.37193	0.36819	0.3656	0.35599	0.33921	0.31339	0.26974	0.21816	0.17307	0.13099	0.10538	0.09215	0.08591	0.08215	0.07788	0.07406	0.07207	0.06917	0.06324	0.05675	0.04882	0.04074	0.03728	0.03475	0.03136	0.0295	0.02433	0.02051	0.01451	0.01029
5.81	0.06897	0.0821	0.09625	0.10357	0.11392	0.11541	0.12436	0.14334	0.16521	0.19147	0.21423	0.23334	0.24773	0.26074	0.27223	0.29088	0.3043	0.30586	0.31519	0.32928	0.33374	0.33829	0.33821	0.33029	0.33413	0.35144	0.36458	0.37028	0.369	0.36758	0.36579	0.36311	0.35977	0.35701	0.34677	0.3313	0.30622	0.26335	0.21261	0.17033	0.12833	0.10314	0.09012	0.0836	0.07996	0.07709	0.07374	0.07016	0.06692	0.0621	0.05649	0.04819	0.04098	0.03549	0.03424	0.03209	0.02974	0.02493	0.02074	0.01552	0.0117
5.9	0.06282	0.07868	0.09192	0.10242	0.11052	0.11341	0.12217	0.14075	0.16231	0.18745	0.21005	0.22875	0.24449	0.25627	0.2685	0.28357	0.29867	0.30063	0.30989	0.32345	0.32952	0.33342	0.33249	0.32384	0.32848	0.34578	0.35884	0.36414	0.36307	0.36276	0.36042	0.35821	0.3557	0.35173	0.34185	0.32633	0.30113	0.25782	0.209	0.1663	0.12672	0.10088	0.08838	0.08174	0.07891	0.07529	0.07129	0.06951	0.06607	0.06128	0.05558	0.04655	0.0395	0.0352	0.03267	0.03031	0.02827	0.02424	0.02047	0.01609	0.0103
6	0.06533	0.07972	0.09003	0.09958	0.10949	0.11475	0.12105	0.14018	0.16178	0.18573	0.20791	0.22704	0.24263	0.25504	0.26746	0.2831	0.29965	0.30073	0.31039	0.32417	0.32794	0.33236	0.33227	0.32397	0.32929	0.34581	0.35815	0.36422	0.36262	0.36274	0.36019	0.35858	0.3551	0.35222	0.34168	0.32658	0.30129	0.25871	0.20859	0.1652	0.12506	0.10066	0.08721	0.0822	0.07808	0.07413	0.0714	0.06867	0.06654	0.06106	0.05493	0.04528	0.03966	0.03567	0.0332	0.03071	0.02672	0.02367	0.01882	0.01552	0.01051
6	0.06487	0.07887	0.09038	0.09961	0.10873	0.11469	0.12163	0.13991	0.16249	0.1876	0.21094	0.23114	0.24614	0.25885	0.27075	0.2885	0.30371	0.30661	0.31509	0.32925	0.33371	0.33968	0.3383	0.33084	0.33562	0.35333	0.36593	0.37221	0.37141	0.37068	0.36939	0.36766	0.36406	0.36102	0.35251	0.33598	0.30843	0.26607	0.21465	0.17068	0.12943	0.10229	0.0881	0.08398	0.08116	0.07707	0.07297	0.07068	0.06687	0.06151	0.05465	0.04786	0.03957	0.03554	0.0327	0.03146	0.02998	0.02388	0.01933	0.01566	0.01011
6.05	0.06473	0.08034	0.09027	0.09696	0.1078	0.11591	0.12163	0.14013	0.16333	0.18837	0.21136	0.23	0.24595	0.25934	0.27172	0.2883	0.30623	0.30805	0.3173	0.33252	0.33678	0.34262	0.34176	0.33198	0.33914	0.35644	0.36941	0.37567	0.37552	0.37482	0.37295	0.37083	0.36824	0.36483	0.35385	0.33903	0.31224	0.26766	0.21709	0.17062	0.12764	0.10318	0.0898	0.08351	0.08082	0.07581	0.07351	0.07029	0.0673	0.06148	0.05528	0.04703	0.03999	0.03576	0.03346	0.03145	0.02906	0.02375	0.02021	0.01513	0.01074
6.16	0.05945	0.07262	0.0857	0.09361	0.10288	0.11007	0.11644	0.13596	0.15696	0.18222	0.2038	0.22379	0.23826	0.25154	0.26331	0.28108	0.29605	0.29735	0.30797	0.32163	0.32744	0.33264	0.33267	0.32318	0.32882	0.34649	0.35949	0.36529	0.36565	0.36446	0.36236	0.36022	0.35796	0.35453	0.34613	0.32891	0.30232	0.25921	0.21032	0.16451	0.12297	0.09745	0.08323	0.07954	0.07608	0.07255	0.06879	0.06607	0.06346	0.05836	0.05238	0.0434	0.03709	0.03274	0.03184	0.02796	0.0262	0.02212	0.01866	0.01309	0.00952
6.2	0.05673	0.07042	0.07801	0.09001	0.09721	0.1024	0.10895	0.12664	0.14744	0.17158	0.19382	0.21072	0.22589	0.23768	0.24852	0.26545	0.28013	0.2822	0.2922	0.30405	0.3095	0.31436	0.31344	0.30531	0.31048	0.32787	0.3394	0.34535	0.34475	0.34389	0.3423	0.34034	0.33651	0.33381	0.32467	0.30993	0.28429	0.24316	0.19452	0.15224	0.11537	0.08944	0.0765	0.07289	0.06934	0.06562	0.06352	0.05893	0.05702	0.05305	0.04761	0.03961	0.03418	0.02842	0.02726	0.02579	0.0235	0.02054	0.01638	0.01139	0.00789
6.2	0.05383	0.06924	0.07815	0.08627	0.09475	0.09959	0.10559	0.12318	0.14116	0.16386	0.18467	0.20116	0.21629	0.22741	0.2391	0.25418	0.26861	0.26965	0.28028	0.29229	0.29748	0.30137	0.30131	0.29334	0.29893	0.31486	0.32637	0.33167	0.33118	0.33039	0.32794	0.3265	0.32352	0.32018	0.31095	0.29714	0.27174	0.23113	0.18468	0.14438	0.10751	0.08507	0.07244	0.06856	0.06465	0.06168	0.05822	0.05551	0.05411	0.04883	0.04396	0.03738	0.03104	0.02772	0.02557	0.02443	0.02217	0.01859	0.01471	0.0117	0.00728
6.4	0.04907	0.06145	0.06994	0.07845	0.08606	0.09127	0.09794	0.11361	0.13259	0.15368	0.17335	0.1908	0.20461	0.21545	0.22654	0.242	0.25577	0.25857	0.26775	0.28085	0.28554	0.29038	0.29031	0.28269	0.28725	0.30373	0.31448	0.3207	0.32024	0.31997	0.31838	0.31594	0.31411	0.31104	0.30211	0.28715	0.26224	0.22251	0.17769	0.13781	0.10152	0.07937	0.06837	0.06289	0.06072	0.05744	0.05424	0.05181	0.04986	0.04547	0.04054	0.03476	0.02845	0.02499	0.02336	0.02149	0.01951	0.01719	0.01351	0.01007	0.00722
6.62	0.04816	0.05977	0.0677	0.07702	0.08315	0.08727	0.09456	0.1092	0.12812	0.14956	0.16814	0.18539	0.19915	0.20975	0.22119	0.23614	0.24924	0.25217	0.26105	0.27438	0.28	0.28444	0.2835	0.27742	0.28164	0.29716	0.30879	0.31456	0.31426	0.31378	0.31229	0.31071	0.30848	0.30516	0.29668	0.28147	0.25738	0.21785	0.1729	0.13444	0.09832	0.07633	0.06575	0.061	0.05802	0.05513	0.05246	0.05025	0.04738	0.04369	0.03885	0.03248	0.02698	0.02345	0.022	0.02039	0.01824	0.01506	0.01224	0.0098	0.0061
6.7	0.04535	0.05712	0.06496	0.07335	0.08107	0.08501	0.09135	0.10588	0.1247	0.14538	0.16486	0.18156	0.19464	0.2049	0.21537	0.23168	0.24505	0.24718	0.25627	0.26918	0.27356	0.2788	0.27876	0.27198	0.27633	0.29207	0.30361	0.3091	0.30896	0.30816	0.30636	0.30487	0.30246	0.2995	0.29109	0.27628	0.25229	0.21382	0.17015	0.13058	0.09532	0.07387	0.06338	0.05948	0.05659	0.05269	0.05001	0.04794	0.04503	0.04153	0.03719	0.0313	0.02569	0.0226	0.0212	0.01963	0.01802	0.01515	0.01198	0.00872	0.00556
6.7	0.046	0.0567	0.06338	0.07069	0.07884	0.08418	0.0897	0.10444	0.12143	0.14169	0.16098	0.17739	0.19001	0.2015	0.21129	0.22601	0.24015	0.24324	0.2521	0.26354	0.26855	0.27366	0.27366	0.26656	0.27238	0.28731	0.29786	0.30333	0.30317	0.30232	0.30103	0.29912	0.2966	0.29404	0.28568	0.27099	0.24701	0.20944	0.16542	0.12723	0.09347	0.07198	0.06105	0.0572	0.05475	0.05189	0.04885	0.04705	0.04425	0.04142	0.03651	0.03032	0.02469	0.02147	0.02021	0.01933	0.0177	0.01446	0.01146	0.00806	0.00508
6.8	0.04056	0.05244	0.06087	0.06883	0.07536	0.08059	0.08785	0.10167	0.11934	0.13863	0.15741	0.17305	0.18672	0.19718	0.2083	0.22164	0.2356	0.23811	0.24734	0.25935	0.26508	0.26856	0.2693	0.26282	0.26749	0.28234	0.29282	0.29885	0.29844	0.29833	0.2964	0.29475	0.29299	0.28968	0.28155	0.26702	0.24351	0.20569	0.16264	0.12419	0.09124	0.06991	0.05923	0.05485	0.05227	0.04964	0.04706	0.04439	0.04315	0.03923	0.03489	0.02884	0.02436	0.0206	0.01904	0.01731	0.01581	0.01343	0.01104	0.00791	0.00529
6.8	0.04287	0.05355	0.06158	0.06936	0.07527	0.07866	0.08602	0.10082	0.11619	0.13633	0.15458	0.16981	0.18331	0.19361	0.20443	0.21857	0.23157	0.23427	0.24364	0.25571	0.26085	0.26508	0.26508	0.25914	0.26378	0.2782	0.28947	0.2949	0.29464	0.29402	0.29211	0.2906	0.28845	0.28558	0.27738	0.26343	0.23977	0.20251	0.15928	0.1229	0.08922	0.06909	0.05853	0.05466	0.05125	0.04923	0.04676	0.04401	0.04226	0.03914	0.03451	0.02879	0.02332	0.02034	0.01941	0.0176	0.01669	0.01439	0.01134	0.00869	0.00557
6.87	0.0417	0.05019	0.05917	0.06573	0.07196	0.07715	0.08329	0.09628	0.11352	0.13285	0.15113	0.1669	0.17838	0.18949	0.20043	0.21345	0.22733	0.22999	0.2391	0.25098	0.2564	0.26057	0.26022	0.25393	0.25983	0.27311	0.28404	0.29023	0.28984	0.28877	0.28807	0.28604	0.28397	0.28106	0.27276	0.25826	0.23559	0.19812	0.1557	0.1193	0.08642	0.06654	0.05603	0.05246	0.04975	0.04759	0.04418	0.04335	0.04086	0.03723	0.03353	0.02752	0.02255	0.01967	0.0181	0.01716	0.01523	0.01269	0.00991	0.00775	0.00535
6.91	0.03842	0.047	0.05537	0.06413	0.06951	0.07531	0.08141	0.09564	0.11106	0.12988	0.14777	0.16342	0.17507	0.18639	0.19696	0.21	0.22396	0.22624	0.23628	0.24841	0.25278	0.25705	0.25709	0.25076	0.25519	0.26999	0.28058	0.28687	0.28665	0.28581	0.28461	0.28272	0.28102	0.27852	0.27073	0.25629	0.23295	0.1957	0.15341	0.11721	0.08478	0.06488	0.05381	0.05021	0.04823	0.04512	0.04334	0.04091	0.03798	0.03576	0.03173	0.02551	0.02102	0.01828	0.01679	0.01537	0.01394	0.01132	0.00908	0.00598	0.00438
7	0.04016	0.04915	0.05648	0.0642	0.06937	0.07471	0.08018	0.09481	0.11109	0.12883	0.14768	0.1626	0.17506	0.18569	0.19528	0.20853	0.22338	0.22623	0.23453	0.24594	0.25128	0.25645	0.2566	0.25023	0.25417	0.26908	0.28033	0.28538	0.28552	0.28475	0.28314	0.2817	0.27978	0.27706	0.26903	0.2551	0.23144	0.19536	0.15334	0.11633	0.08433	0.06396	0.05472	0.0502	0.04748	0.04475	0.04334	0.04064	0.03923	0.03594	0.03116	0.02621	0.02127	0.01901	0.01739	0.01579	0.01426	0.01226	0.00983	0.00714	0.00461
7.06	0.03859	0.04806	0.05579	0.06251	0.06791	0.07204	0.07847	0.09104	0.1081	0.12759	0.14368	0.15878	0.17125	0.18142	0.19057	0.20466	0.21742	0.22056	0.22971	0.24152	0.24597	0.25152	0.25145	0.24503	0.2497	0.26453	0.27469	0.2795	0.28001	0.27875	0.27766	0.27584	0.27399	0.27176	0.26313	0.25005	0.22738	0.19062	0.14904	0.11395	0.08148	0.06244	0.05227	0.04866	0.0464	0.04439	0.04135	0.03964	0.0383	0.03444	0.03089	0.02591	0.02085	0.01837	0.01678	0.01528	0.01361	0.01238	0.00935	0.00675	0.00389
7.1	0.03633	0.04688	0.05275	0.06053	0.06562	0.07075	0.07698	0.0893	0.10457	0.12314	0.14055	0.15552	0.16633	0.17667	0.18754	0.20095	0.21321	0.21665	0.22473	0.23642	0.24143	0.2462	0.24566	0.23973	0.24494	0.25887	0.26901	0.27455	0.27436	0.27385	0.27259	0.27081	0.26884	0.26652	0.25905	0.24525	0.22229	0.18692	0.14655	0.11132	0.08002	0.06145	0.05126	0.04734	0.04529	0.04343	0.04022	0.03778	0.03655	0.03343	0.02968	0.02487	0.02006	0.01769	0.01597	0.01475	0.01363	0.0116	0.00857	0.00638	0.00427
7.2	0.03535	0.04526	0.0522	0.06012	0.06554	0.06911	0.07529	0.08769	0.10207	0.11925	0.13787	0.15155	0.16349	0.17334	0.18341	0.19711	0.20843	0.21183	0.22031	0.23122	0.23667	0.24133	0.24198	0.23592	0.23977	0.25426	0.26499	0.26951	0.26987	0.26851	0.26713	0.26588	0.26388	0.26149	0.25407	0.24017	0.21854	0.18287	0.1421	0.10855	0.07774	0.05909	0.04943	0.04633	0.04304	0.04119	0.04017	0.03738	0.0357	0.03329	0.02889	0.02345	0.01938	0.01692	0.01581	0.01387	0.01312	0.01064	0.00869	0.00643	0.00434
7.2	0.03549	0.04439	0.05112	0.05626	0.06365	0.06696	0.07193	0.08425	0.10008	0.11739	0.13339	0.14666	0.1591	0.16899	0.17796	0.19094	0.20431	0.20578	0.21443	0.22624	0.23107	0.23542	0.23511	0.23064	0.23477	0.24864	0.259	0.26412	0.26396	0.26389	0.26204	0.26073	0.25857	0.25646	0.24923	0.23523	0.21334	0.17845	0.13894	0.10549	0.07542	0.0569	0.04794	0.04453	0.04183	0.03971	0.03835	0.03617	0.03415	0.03197	0.02725	0.02267	0.01871	0.01631	0.01468	0.01402	0.01252	0.01057	0.00806	0.00607	0.00388
