Depth	Ed_norm(400)	Ed_norm(405)	Ed_norm(410)	Ed_norm(415)	Ed_norm(420)	Ed_norm(425)	Ed_norm(430)	Ed_norm(435)	Ed_norm(440)	Ed_norm(445)	Ed_norm(450)	Ed_norm(455)	Ed_norm(460)	Ed_norm(465)	Ed_norm(470)	Ed_norm(475)	Ed_norm(480)	Ed_norm(485)	Ed_norm(490)	Ed_norm(495)	Ed_norm(500)	Ed_norm(505)	Ed_norm(510)	Ed_norm(515)	Ed_norm(520)	Ed_norm(525)	Ed_norm(530)	Ed_norm(535)	Ed_norm(540)	Ed_norm(545)	Ed_norm(550)	Ed_norm(555)	Ed_norm(560)	Ed_norm(565)	Ed_norm(570)	Ed_norm(575)	Ed_norm(580)	Ed_norm(585)	Ed_norm(590)	Ed_norm(595)	Ed_norm(600)	Ed_norm(605)	Ed_norm(610)	Ed_norm(615)	Ed_norm(620)	Ed_norm(625)	Ed_norm(630)	Ed_norm(635)	Ed_norm(640)	Ed_norm(645)	Ed_norm(650)	Ed_norm(655)	Ed_norm(660)	Ed_norm(665)	Ed_norm(670)	Ed_norm(675)	Ed_norm(680)	Ed_norm(685)	Ed_norm(690)	Ed_norm(695)	Ed_norm(700)
0	0.56918	0.57005	0.5802	0.5649	0.57239	0.57702	0.58363	0.57458	0.57953	0.57751	0.5853	0.59275	0.58994	0.59384	0.59634	0.59422	0.60035	0.60116	0.60309	0.60208	0.60485	0.60562	0.60376	0.60881	0.60473	0.61177	0.6118	0.61204	0.6138	0.61691	0.61669	0.61679	0.6167	0.6178	0.61468	0.61338	0.61331	0.60409	0.60265	0.59687	0.58614	0.58263	0.5812	0.57975	0.5799	0.57691	0.57797	0.57434	0.57672	0.57575	0.57351	0.56911	0.56846	0.5676	0.56486	0.5643	0.56496	0.56602	0.56554	0.55812	0.54848
0	0.4662	0.46627	0.47176	0.46375	0.46471	0.4692	0.47152	0.46619	0.46911	0.46657	0.46958	0.47633	0.47554	0.47422	0.4752	0.47837	0.47822	0.47635	0.47933	0.47782	0.47878	0.47747	0.47609	0.4799	0.47459	0.47889	0.47595	0.47808	0.47965	0.47824	0.47754	0.47727	0.47687	0.47611	0.47252	0.46865	0.46763	0.45658	0.45227	0.4468	0.43454	0.42991	0.42909	0.42573	0.42408	0.42209	0.42062	0.42086	0.41858	0.41664	0.41453	0.41232	0.4102	0.40137	0.40181	0.4	0.39787	0.40029	0.40184	0.39305	0.38401
0.1	0.75888	0.77117	0.77731	0.76171	0.76758	0.77846	0.78416	0.77971	0.78277	0.78025	0.78472	0.79518	0.7957	0.7951	0.79715	0.79609	0.80522	0.80565	0.80742	0.8063	0.80667	0.80756	0.80438	0.81057	0.80535	0.8109	0.80817	0.80905	0.81357	0.81298	0.80893	0.81111	0.81159	0.8103	0.80709	0.80345	0.80057	0.79114	0.785	0.77414	0.75615	0.7483	0.74331	0.74384	0.73876	0.73625	0.73467	0.73246	0.73038	0.72801	0.72414	0.71716	0.71282	0.70393	0.70194	0.7014	0.69527	0.69802	0.69771	0.68352	0.66642
0.1	0.76476	0.77909	0.7833	0.76593	0.77775	0.78739	0.7936	0.79013	0.79277	0.78934	0.79646	0.80683	0.80572	0.80596	0.80867	0.80811	0.81585	0.81569	0.81697	0.81535	0.81451	0.81723	0.81471	0.82048	0.8135	0.81996	0.81804	0.81762	0.82093	0.82154	0.81548	0.81879	0.81861	0.81758	0.81328	0.80834	0.80588	0.79572	0.78933	0.77542	0.75765	0.74858	0.74115	0.74282	0.73541	0.73273	0.73158	0.72881	0.7275	0.72376	0.71861	0.71349	0.70675	0.69762	0.69436	0.69155	0.68778	0.68774	0.68675	0.67144	0.65323
0.2	0.58601	0.59337	0.60182	0.58755	0.59362	0.60403	0.61031	0.60735	0.6128	0.61244	0.61683	0.62704	0.6263	0.62805	0.63159	0.63185	0.63902	0.64103	0.64334	0.64426	0.64515	0.64668	0.64707	0.65145	0.64906	0.65529	0.65306	0.65383	0.65785	0.65879	0.65619	0.65925	0.66108	0.66099	0.65729	0.65503	0.65203	0.64425	0.63571	0.62604	0.60996	0.60117	0.5982	0.59766	0.59443	0.59356	0.59194	0.59154	0.58961	0.58703	0.58435	0.57918	0.57388	0.56697	0.56455	0.56417	0.56097	0.56112	0.562	0.54742	0.53326
0.2	0.56408	0.56894	0.58238	0.56541	0.57489	0.58575	0.59191	0.5892	0.59419	0.59344	0.59787	0.60667	0.60782	0.61063	0.61228	0.61242	0.62109	0.61928	0.62546	0.62528	0.62469	0.62753	0.62696	0.6301	0.62702	0.63327	0.63157	0.63243	0.63575	0.63635	0.63227	0.63485	0.63509	0.63552	0.63101	0.62783	0.62554	0.61412	0.60524	0.59393	0.57737	0.56812	0.56331	0.56174	0.55849	0.55484	0.55355	0.55419	0.55067	0.54783	0.54359	0.53673	0.53192	0.52654	0.52236	0.52147	0.51586	0.51672	0.5132	0.5013	0.48503
0.2	0.77562	0.77958	0.79724	0.77899	0.79162	0.807	0.81697	0.81341	0.82191	0.8226	0.83276	0.8474	0.84719	0.85166	0.85663	0.85859	0.86881	0.87051	0.87596	0.87857	0.88035	0.88392	0.88327	0.88901	0.88546	0.89432	0.89224	0.89432	0.89911	0.901	0.89844	0.90227	0.90351	0.90455	0.90102	0.8983	0.89302	0.88171	0.87115	0.85504	0.82731	0.81705	0.80948	0.80828	0.80582	0.80202	0.79943	0.79778	0.79592	0.79113	0.7875	0.77724	0.76959	0.75838	0.75428	0.75204	0.7456	0.74395	0.7422	0.7204	0.69438
0.4	0.53101	0.54239	0.54819	0.53906	0.54507	0.55718	0.56313	0.55928	0.56706	0.56754	0.57498	0.58464	0.58684	0.58885	0.59274	0.59391	0.60268	0.60509	0.60715	0.60968	0.61062	0.6135	0.61124	0.61492	0.6128	0.62004	0.61799	0.61969	0.62307	0.62372	0.62016	0.62301	0.62431	0.62321	0.61935	0.61501	0.60915	0.59765	0.58565	0.56938	0.54947	0.53588	0.52828	0.52645	0.52319	0.51954	0.51877	0.51693	0.51217	0.50984	0.50314	0.49603	0.48575	0.47735	0.47401	0.47238	0.46622	0.46528	0.46055	0.44396	0.42152
0.4	0.43557	0.44484	0.45179	0.44403	0.45267	0.45767	0.46494	0.4624	0.4676	0.46795	0.47416	0.48498	0.48353	0.48601	0.49037	0.48762	0.49553	0.49663	0.5006	0.50103	0.50042	0.50202	0.50035	0.50399	0.50266	0.50839	0.50788	0.50916	0.51027	0.5101	0.5078	0.50893	0.50948	0.50834	0.50443	0.50152	0.4949	0.48252	0.47268	0.45695	0.43698	0.42579	0.41872	0.41634	0.413	0.40901	0.40845	0.40815	0.40416	0.40101	0.39697	0.3866	0.37968	0.37296	0.36836	0.36649	0.36191	0.36097	0.35685	0.34451	0.32581
0.45	0.43272	0.43346	0.44126	0.43242	0.44127	0.4475	0.4542	0.45009	0.45588	0.45718	0.46317	0.47211	0.47114	0.47362	0.4763	0.47543	0.47984	0.48158	0.48551	0.48499	0.48508	0.48825	0.48419	0.48791	0.48416	0.4899	0.4886	0.48736	0.49151	0.48913	0.4868	0.48779	0.48568	0.4856	0.48126	0.47662	0.47105	0.45848	0.44469	0.42937	0.40999	0.39811	0.39053	0.38923	0.38682	0.38185	0.38036	0.37716	0.37395	0.37024	0.36568	0.35862	0.35001	0.34162	0.33727	0.33346	0.33124	0.32767	0.32118	0.30842	0.29124
0.7	0.47137	0.47707	0.48725	0.4759	0.48471	0.49389	0.50084	0.50142	0.50613	0.50837	0.5159	0.52501	0.52528	0.52832	0.52994	0.53237	0.53945	0.54064	0.54312	0.54474	0.54536	0.54837	0.54654	0.54917	0.54705	0.55117	0.55156	0.55147	0.55367	0.55344	0.55049	0.5506	0.55151	0.55018	0.54641	0.54014	0.53246	0.5188	0.50602	0.48658	0.46244	0.44846	0.44051	0.43824	0.43398	0.42999	0.42711	0.42384	0.42308	0.41785	0.41091	0.40159	0.39239	0.38272	0.37801	0.37597	0.37083	0.36778	0.36205	0.34621	0.32613
0.7	0.50976	0.52009	0.53105	0.51946	0.53237	0.54572	0.55428	0.55684	0.56489	0.56681	0.57559	0.58802	0.58981	0.59607	0.60046	0.60232	0.61235	0.61655	0.62103	0.62329	0.62628	0.62976	0.62935	0.63441	0.63274	0.63989	0.6402	0.64268	0.64602	0.64864	0.64541	0.64792	0.6488	0.64938	0.64576	0.63995	0.63347	0.61831	0.60317	0.5811	0.55184	0.53419	0.52636	0.52264	0.51911	0.5159	0.51421	0.51019	0.50762	0.50205	0.49781	0.48666	0.47323	0.4638	0.46107	0.45673	0.45073	0.44626	0.4388	0.41854	0.39198
0.78	0.48383	0.48731	0.49779	0.48845	0.49861	0.51003	0.51972	0.5186	0.52778	0.5328	0.5394	0.55027	0.55191	0.55625	0.56014	0.56255	0.5711	0.57286	0.57737	0.57998	0.58213	0.58488	0.58381	0.58718	0.58523	0.59232	0.5905	0.59365	0.59519	0.59459	0.59161	0.59266	0.59312	0.59208	0.58799	0.58102	0.57414	0.5574	0.5414	0.51696	0.48777	0.4702	0.46114	0.45592	0.4521	0.44882	0.44534	0.44215	0.43819	0.43365	0.42591	0.41482	0.40165	0.38949	0.38541	0.38092	0.37664	0.37219	0.36416	0.34462	0.32065
0.8	0.51347	0.52143	0.53446	0.53083	0.53916	0.55265	0.56419	0.56568	0.57459	0.57856	0.58802	0.60377	0.60608	0.61174	0.61732	0.6226	0.63138	0.63572	0.6415	0.64249	0.64657	0.65228	0.65064	0.65455	0.65402	0.66347	0.66223	0.66502	0.67053	0.67023	0.66853	0.67121	0.67218	0.67321	0.66952	0.66374	0.65429	0.63889	0.62186	0.59399	0.56173	0.54139	0.53095	0.52787	0.52475	0.51939	0.51673	0.51468	0.51086	0.5053	0.49753	0.48745	0.47104	0.46006	0.45556	0.45081	0.44439	0.44072	0.43122	0.4074	0.37963
0.81	0.45662	0.46975	0.47681	0.46909	0.48	0.49008	0.49984	0.50154	0.51008	0.51287	0.52131	0.53251	0.53446	0.54052	0.54276	0.54633	0.55504	0.55765	0.56247	0.56459	0.56558	0.56945	0.56895	0.57166	0.57025	0.57671	0.57609	0.57759	0.58043	0.58143	0.57777	0.57959	0.57958	0.57928	0.57428	0.56876	0.56056	0.5448	0.5284	0.50358	0.47463	0.45798	0.44677	0.44535	0.44044	0.43569	0.43442	0.42931	0.42544	0.42247	0.415	0.40416	0.39175	0.38039	0.37618	0.37218	0.36522	0.36255	0.35418	0.33568	0.3102
0.89	0.41231	0.41862	0.42967	0.42183	0.43383	0.44242	0.45206	0.45362	0.45997	0.46321	0.47157	0.48149	0.48522	0.48957	0.49321	0.49712	0.50432	0.50756	0.51335	0.5142	0.51878	0.51912	0.51876	0.52169	0.52201	0.52703	0.52833	0.53031	0.53224	0.53326	0.52986	0.53166	0.53306	0.53238	0.52902	0.52216	0.51519	0.50067	0.48285	0.46115	0.43408	0.41693	0.40843	0.40516	0.40215	0.39894	0.39669	0.39333	0.39034	0.38432	0.37949	0.37047	0.35766	0.34793	0.34285	0.3407	0.33566	0.33248	0.32504	0.30657	0.28413
0.99	0.44561	0.45822	0.46832	0.46089	0.47228	0.48453	0.49605	0.49904	0.50533	0.5101	0.51817	0.52896	0.53229	0.53849	0.54349	0.54787	0.5569	0.55835	0.56656	0.568	0.56974	0.57373	0.57257	0.57555	0.57736	0.58375	0.58363	0.5869	0.5902	0.58974	0.58718	0.5893	0.58999	0.59048	0.5858	0.58043	0.5716	0.55658	0.53851	0.51367	0.48375	0.4651	0.45479	0.4521	0.44655	0.44415	0.44142	0.43869	0.43629	0.43054	0.42301	0.41303	0.40025	0.38758	0.38386	0.37867	0.3737	0.36923	0.36119	0.34048	0.31649
1	0.45943	0.4697	0.48246	0.47595	0.48652	0.49803	0.50888	0.51011	0.51874	0.52466	0.53257	0.54429	0.54729	0.55161	0.55689	0.56278	0.57131	0.57392	0.57916	0.58212	0.58347	0.58791	0.58664	0.58986	0.58862	0.596	0.59521	0.59821	0.60132	0.60205	0.5982	0.59928	0.60045	0.59997	0.59546	0.58945	0.58066	0.56274	0.54498	0.51862	0.48707	0.46587	0.4566	0.45251	0.44712	0.44434	0.44017	0.43816	0.43447	0.42885	0.42145	0.41016	0.39552	0.38361	0.37819	0.37341	0.36893	0.36368	0.35518	0.33409	0.30751
1	0.45501	0.45727	0.47034	0.46423	0.47396	0.48623	0.49623	0.50024	0.50861	0.51286	0.52178	0.53376	0.53877	0.54281	0.54685	0.55343	0.56104	0.56554	0.5702	0.57265	0.57599	0.58008	0.57854	0.58355	0.58257	0.58905	0.58891	0.59076	0.59453	0.59564	0.59185	0.59343	0.59564	0.59528	0.59123	0.58479	0.5757	0.55683	0.53956	0.51309	0.47934	0.46038	0.45056	0.44631	0.44243	0.43789	0.43579	0.4319	0.42958	0.42314	0.41691	0.40324	0.38862	0.37716	0.37168	0.36797	0.36229	0.35861	0.34882	0.33041	0.30287
1.01	0.41911	0.43043	0.43665	0.43443	0.44239	0.45461	0.46377	0.46595	0.47297	0.47871	0.48687	0.49867	0.5018	0.50592	0.51122	0.5151	0.52041	0.52491	0.53003	0.53314	0.53481	0.53802	0.53647	0.5406	0.53848	0.54565	0.54468	0.54695	0.54914	0.55019	0.54645	0.54826	0.54984	0.54816	0.54395	0.53707	0.52772	0.51101	0.49293	0.46757	0.43871	0.41825	0.40897	0.40455	0.40154	0.39699	0.39467	0.3917	0.38744	0.38233	0.37513	0.3621	0.35033	0.3376	0.33317	0.3309	0.32364	0.32114	0.31288	0.29361	0.26849
1.1	0.44382	0.45163	0.46474	0.45615	0.46693	0.48008	0.49119	0.49414	0.50293	0.50829	0.51748	0.5298	0.53461	0.53999	0.54489	0.54889	0.55809	0.56361	0.56802	0.57099	0.57344	0.57853	0.57602	0.58064	0.57911	0.58631	0.58768	0.59057	0.59382	0.59425	0.59115	0.59291	0.59368	0.59468	0.58902	0.5831	0.57349	0.55586	0.53795	0.50978	0.47756	0.45633	0.44641	0.44144	0.43792	0.43326	0.43137	0.42749	0.42454	0.4191	0.41111	0.3999	0.38614	0.37381	0.36961	0.36462	0.35924	0.35382	0.34521	0.32388	0.29722
1.1	0.49531	0.50707	0.52147	0.51341	0.52636	0.54197	0.55355	0.55619	0.5684	0.57584	0.58686	0.59915	0.60594	0.61333	0.61856	0.62433	0.63585	0.6402	0.64703	0.65071	0.65475	0.661	0.65902	0.66442	0.66346	0.67109	0.67215	0.67612	0.67912	0.68078	0.67834	0.68006	0.68311	0.68233	0.67736	0.67208	0.65997	0.64076	0.62202	0.58709	0.55012	0.52661	0.51339	0.50961	0.50469	0.50046	0.49832	0.49388	0.49102	0.48395	0.47439	0.46214	0.44535	0.43145	0.42451	0.4198	0.41468	0.4093	0.39821	0.37413	0.34209
1.1	0.40829	0.41828	0.43045	0.42446	0.43341	0.4459	0.45545	0.45797	0.46657	0.47229	0.48141	0.49318	0.49722	0.50221	0.50713	0.51185	0.52005	0.52174	0.52812	0.53111	0.53328	0.538	0.53673	0.53901	0.53814	0.54489	0.54441	0.5472	0.55098	0.54949	0.54719	0.54844	0.549	0.54872	0.54406	0.53782	0.52745	0.50892	0.48915	0.46206	0.43002	0.40948	0.39742	0.39421	0.38991	0.38531	0.38223	0.37746	0.37562	0.36946	0.36194	0.34992	0.3358	0.3248	0.31908	0.3154	0.3114	0.30532	0.29628	0.27855	0.25316
1.16	0.46638	0.478	0.49092	0.48728	0.5001	0.51553	0.52809	0.53384	0.54425	0.54906	0.56282	0.57721	0.58368	0.5881	0.59711	0.60242	0.61452	0.61878	0.62691	0.63144	0.63427	0.64135	0.64015	0.64436	0.6441	0.65266	0.65423	0.6563	0.66237	0.66311	0.66046	0.66318	0.6658	0.66555	0.66129	0.65456	0.64375	0.62298	0.60022	0.5683	0.52904	0.50279	0.49053	0.4864	0.48054	0.47642	0.47407	0.47034	0.46677	0.46094	0.4516	0.43636	0.4193	0.40636	0.39994	0.39517	0.38854	0.38215	0.3713	0.34643	0.31421
1.2	0.40512	0.412	0.42873	0.42508	0.43539	0.44957	0.46041	0.46406	0.47299	0.47882	0.48931	0.50222	0.5063	0.51281	0.51846	0.52345	0.53405	0.53639	0.544	0.54583	0.54901	0.55311	0.55245	0.55497	0.55568	0.56321	0.56338	0.566	0.56965	0.57041	0.56718	0.56785	0.57029	0.56874	0.56462	0.55729	0.54743	0.52704	0.50704	0.47516	0.44055	0.41872	0.4054	0.40234	0.39688	0.3936	0.39029	0.3857	0.38242	0.37742	0.36862	0.35558	0.33918	0.32928	0.32252	0.31782	0.31232	0.3068	0.29673	0.27518	0.25102
1.28	0.4567	0.47049	0.48705	0.48192	0.49421	0.51007	0.52402	0.52968	0.54053	0.54715	0.55949	0.57395	0.58111	0.5881	0.59516	0.60227	0.61494	0.61908	0.62764	0.63255	0.63517	0.64194	0.63902	0.64428	0.64634	0.65479	0.65617	0.66016	0.6642	0.666	0.66334	0.66568	0.6691	0.66748	0.6633	0.65632	0.64489	0.62324	0.60019	0.56517	0.52263	0.4962	0.48297	0.47911	0.47256	0.47021	0.46668	0.46186	0.45864	0.45214	0.4438	0.42974	0.41112	0.39638	0.38897	0.38472	0.37673	0.37069	0.35967	0.33402	0.30111
1.4	0.35571	0.36487	0.37325	0.36986	0.38053	0.39029	0.40005	0.40208	0.41264	0.42033	0.42838	0.43887	0.44375	0.4488	0.45343	0.45832	0.46761	0.47028	0.47619	0.47971	0.4822	0.4847	0.48494	0.48759	0.48733	0.4939	0.49379	0.49598	0.49949	0.49933	0.49654	0.49863	0.49836	0.49805	0.49329	0.48688	0.47637	0.45854	0.43822	0.41048	0.37811	0.35848	0.34615	0.34288	0.33895	0.33555	0.3344	0.32879	0.3248	0.31985	0.31183	0.30164	0.2882	0.27714	0.27198	0.26875	0.26379	0.25825	0.25077	0.23201	0.20718
1.31	0.38612	0.39375	0.40648	0.40445	0.41688	0.42709	0.44024	0.44456	0.45502	0.46123	0.47128	0.48362	0.48875	0.49547	0.50187	0.50888	0.51644	0.52123	0.52769	0.53091	0.53399	0.53778	0.53836	0.54122	0.54188	0.54989	0.55131	0.55308	0.55686	0.55729	0.55429	0.55658	0.55803	0.5571	0.55372	0.54678	0.53537	0.51508	0.49332	0.46171	0.42592	0.40314	0.39021	0.38658	0.38327	0.37825	0.37642	0.37145	0.36671	0.36193	0.35189	0.34083	0.32452	0.31255	0.30691	0.30307	0.29676	0.29102	0.28145	0.26009	0.23452
1.4	0.45415	0.46271	0.47943	0.47383	0.48791	0.50443	0.51867	0.52438	0.53796	0.54517	0.55916	0.57334	0.58184	0.58971	0.59871	0.60536	0.61764	0.62269	0.63294	0.63604	0.64201	0.6485	0.64729	0.65336	0.65396	0.66405	0.66709	0.67048	0.67436	0.67653	0.67358	0.67687	0.67962	0.67983	0.67535	0.66904	0.65603	0.63264	0.60891	0.57062	0.52556	0.49881	0.48382	0.47993	0.47447	0.47002	0.46928	0.46249	0.45805	0.45164	0.44208	0.42682	0.40934	0.39307	0.38672	0.38079	0.37425	0.3663	0.35627	0.32878	0.29444
1.4	0.37284	0.38038	0.3962	0.39249	0.40321	0.41546	0.4276	0.42934	0.43957	0.44679	0.45679	0.46779	0.47478	0.47964	0.48617	0.49039	0.50055	0.50589	0.51272	0.51451	0.51808	0.52228	0.52123	0.52529	0.52498	0.53187	0.5332	0.53599	0.53904	0.54015	0.53671	0.53869	0.53991	0.53898	0.53488	0.52704	0.51569	0.49581	0.47412	0.44412	0.40764	0.3848	0.37271	0.36821	0.36422	0.35963	0.35584	0.3536	0.34905	0.3419	0.33484	0.32138	0.30676	0.29448	0.29019	0.28473	0.2804	0.2741	0.26436	0.24499	0.21946
1.4	0.3622	0.36987	0.38393	0.38227	0.39223	0.40516	0.41669	0.41891	0.42973	0.43411	0.44665	0.45834	0.46397	0.46908	0.47666	0.48145	0.49194	0.49629	0.50198	0.50605	0.50988	0.51377	0.51372	0.51671	0.51764	0.52549	0.52579	0.52908	0.53387	0.53398	0.53052	0.5326	0.53509	0.5351	0.53122	0.52331	0.51283	0.49224	0.47174	0.44065	0.40519	0.38353	0.37242	0.36765	0.3627	0.36048	0.35679	0.35422	0.3493	0.34379	0.33726	0.32422	0.30968	0.2983	0.29381	0.28896	0.2827	0.27749	0.26856	0.24827	0.22242
1.5	0.35227	0.36346	0.3759	0.36933	0.38019	0.39473	0.40581	0.40777	0.41891	0.42439	0.43464	0.44607	0.45249	0.45677	0.46449	0.46892	0.47837	0.48343	0.4886	0.49232	0.4965	0.49985	0.49942	0.50378	0.5024	0.511	0.51161	0.51424	0.51768	0.51822	0.51606	0.51631	0.51872	0.51777	0.51431	0.50661	0.49614	0.4759	0.4549	0.42361	0.38927	0.36698	0.35539	0.3511	0.34776	0.34431	0.34112	0.33771	0.33321	0.32675	0.31966	0.3082	0.29381	0.28314	0.27695	0.27225	0.26817	0.26184	0.25357	0.23376	0.2091
1.58	0.39497	0.40587	0.42423	0.41804	0.43139	0.44926	0.45906	0.46463	0.47788	0.48558	0.49753	0.51304	0.51873	0.52759	0.5339	0.54079	0.55218	0.55644	0.56386	0.57021	0.57379	0.57908	0.57889	0.58331	0.58327	0.59192	0.59411	0.59832	0.60184	0.6032	0.59989	0.60219	0.60356	0.60422	0.60001	0.59125	0.57835	0.55645	0.53131	0.49515	0.45327	0.42565	0.41365	0.40845	0.40335	0.39924	0.39563	0.39095	0.38636	0.38234	0.37214	0.35687	0.33886	0.32692	0.31919	0.31431	0.30772	0.30303	0.29074	0.26818	0.23887
1.6	0.39756	0.40874	0.42506	0.42183	0.4367	0.45095	0.463	0.47087	0.48507	0.49082	0.50549	0.52061	0.52667	0.5365	0.54275	0.55079	0.5632	0.5687	0.57658	0.58349	0.58417	0.59103	0.59178	0.59545	0.59753	0.60551	0.6081	0.61063	0.61516	0.61607	0.61393	0.61501	0.61799	0.61811	0.6135	0.60493	0.58939	0.56645	0.53976	0.50108	0.45705	0.42781	0.41505	0.40981	0.40363	0.3998	0.39631	0.39109	0.3871	0.38052	0.37102	0.35474	0.33504	0.32255	0.31677	0.31092	0.30247	0.29667	0.28527	0.26165	0.23116
1.68	0.36316	0.367	0.38271	0.38185	0.39483	0.40809	0.42039	0.4263	0.43932	0.44615	0.45745	0.47026	0.47859	0.48706	0.49395	0.50023	0.50959	0.51542	0.52285	0.52807	0.53072	0.53623	0.53524	0.53982	0.54076	0.54783	0.55024	0.55236	0.55638	0.55788	0.55362	0.5555	0.55757	0.55652	0.55208	0.54414	0.53065	0.50726	0.48045	0.44491	0.40362	0.37667	0.36406	0.3596	0.35424	0.35081	0.34813	0.34079	0.33907	0.33073	0.32201	0.308	0.29025	0.27771	0.27243	0.2674	0.26168	0.25636	0.24476	0.22495	0.19609
1.6	0.33852	0.34707	0.3619	0.35956	0.37089	0.38633	0.39659	0.40525	0.41422	0.42148	0.43315	0.44533	0.45167	0.45889	0.46652	0.47272	0.48161	0.48703	0.49388	0.49788	0.50176	0.50634	0.50554	0.50929	0.50902	0.51589	0.51861	0.52017	0.52364	0.52404	0.52048	0.52194	0.52424	0.52305	0.51791	0.50978	0.49566	0.47374	0.44816	0.41343	0.37425	0.34899	0.33572	0.33201	0.32607	0.3218	0.31835	0.31457	0.31156	0.30355	0.29653	0.28203	0.26477	0.25381	0.24896	0.24324	0.23825	0.23223	0.2205	0.20176	0.17606
1.71	0.32523	0.33235	0.34459	0.34648	0.3548	0.36828	0.37881	0.38509	0.39433	0.40334	0.41295	0.42607	0.43027	0.43762	0.4449	0.4506	0.45917	0.46429	0.47052	0.47527	0.47802	0.48183	0.48122	0.48405	0.48418	0.49167	0.49283	0.49441	0.49829	0.49775	0.49514	0.4964	0.49673	0.49652	0.49075	0.48172	0.46962	0.4477	0.42194	0.38838	0.35046	0.32693	0.31367	0.30977	0.30359	0.30062	0.29703	0.2922	0.28824	0.28199	0.27278	0.26109	0.24665	0.23379	0.22908	0.22486	0.21819	0.21386	0.20349	0.18558	0.16297
1.81	0.36426	0.37266	0.38929	0.39077	0.40269	0.41746	0.43021	0.43575	0.44744	0.45701	0.47046	0.48516	0.49258	0.501	0.50896	0.517	0.52805	0.53468	0.54271	0.54663	0.55157	0.55799	0.55779	0.56143	0.56294	0.57256	0.57544	0.5779	0.58322	0.58429	0.58117	0.58254	0.58529	0.58582	0.58049	0.57224	0.55813	0.53368	0.5064	0.46886	0.42501	0.39718	0.38127	0.37724	0.37235	0.36831	0.3643	0.36001	0.35604	0.3503	0.34083	0.3262	0.30672	0.29465	0.28737	0.28245	0.27568	0.2701	0.25782	0.23527	0.20719
1.88	0.31573	0.32266	0.33603	0.33385	0.34547	0.36037	0.36946	0.37579	0.38633	0.39424	0.40405	0.41655	0.42205	0.42878	0.43553	0.44217	0.45194	0.4575	0.4632	0.46754	0.47064	0.47565	0.47379	0.47761	0.47745	0.48503	0.48665	0.48825	0.49228	0.49212	0.48913	0.49018	0.49147	0.49101	0.48602	0.47729	0.46346	0.44073	0.41769	0.38336	0.34451	0.3209	0.3072	0.30293	0.29804	0.29451	0.29123	0.28736	0.28311	0.27682	0.26835	0.25572	0.24054	0.23046	0.22409	0.21926	0.21276	0.20922	0.19929	0.18143	0.15781
1.83	0.34268	0.35474	0.37173	0.37096	0.38434	0.39979	0.41264	0.42061	0.43103	0.44055	0.45353	0.46789	0.47602	0.48393	0.49181	0.49898	0.51099	0.51802	0.52594	0.52923	0.53462	0.54006	0.53997	0.54458	0.54426	0.55516	0.55643	0.55986	0.56414	0.56531	0.56247	0.56417	0.5671	0.56667	0.56182	0.55354	0.53938	0.51324	0.48652	0.4476	0.40319	0.37517	0.36007	0.35674	0.35149	0.34818	0.34366	0.33863	0.33412	0.3266	0.31843	0.30356	0.28544	0.27269	0.2655	0.26131	0.25509	0.2475	0.23714	0.21489	0.18654
1.93	0.30723	0.31697	0.33072	0.33154	0.34075	0.35596	0.36672	0.37253	0.38304	0.39264	0.40299	0.4153	0.42242	0.43054	0.43623	0.44408	0.45472	0.45907	0.46524	0.46983	0.47549	0.48005	0.47915	0.48307	0.4841	0.4916	0.49414	0.49671	0.50016	0.50036	0.49807	0.4986	0.50134	0.50075	0.49519	0.4877	0.47429	0.45124	0.4263	0.39038	0.35108	0.32594	0.31189	0.30761	0.30188	0.29787	0.29467	0.29272	0.2876	0.2813	0.27363	0.26013	0.24345	0.23273	0.22584	0.22229	0.21708	0.21004	0.20059	0.18306	0.15851
2	0.27386	0.2828	0.29381	0.29469	0.30462	0.31674	0.32473	0.33022	0.34073	0.34855	0.35767	0.36964	0.37428	0.38051	0.38744	0.39197	0.40139	0.40572	0.41132	0.41524	0.41818	0.42235	0.42262	0.42508	0.42409	0.43101	0.43181	0.43361	0.43675	0.43589	0.43222	0.43391	0.43387	0.43299	0.42855	0.42031	0.40778	0.38706	0.36251	0.33135	0.2961	0.27226	0.26031	0.25624	0.25096	0.24744	0.24447	0.24097	0.23765	0.23141	0.22367	0.2119	0.19744	0.18815	0.18209	0.17932	0.17427	0.16984	0.16108	0.14533	0.12485
2	0.30537	0.31079	0.32331	0.32501	0.33629	0.3473	0.36065	0.36569	0.37609	0.38453	0.39544	0.40932	0.41469	0.42291	0.43102	0.43767	0.4488	0.45431	0.4623	0.46652	0.47056	0.47604	0.47551	0.47923	0.47973	0.48845	0.48983	0.4937	0.49634	0.49743	0.4947	0.49673	0.49888	0.49868	0.4937	0.48585	0.47276	0.44955	0.42329	0.38742	0.34812	0.32243	0.30871	0.30363	0.29956	0.29492	0.29388	0.28842	0.28426	0.27834	0.27137	0.25618	0.24101	0.22951	0.22328	0.21955	0.21383	0.20863	0.19712	0.179	0.15448
2	0.27098	0.27897	0.29052	0.29202	0.30061	0.3141	0.32469	0.32904	0.33818	0.34665	0.35742	0.3688	0.37385	0.37986	0.38701	0.3951	0.40352	0.40825	0.41429	0.41898	0.42109	0.42463	0.42468	0.42765	0.42862	0.43522	0.43564	0.43953	0.44196	0.44217	0.43881	0.44108	0.44244	0.44108	0.43575	0.42742	0.41541	0.39383	0.37006	0.33813	0.302	0.27819	0.26564	0.26126	0.25696	0.25359	0.25023	0.24633	0.24245	0.23713	0.22977	0.21867	0.20408	0.19353	0.1881	0.18474	0.17857	0.17481	0.16531	0.14871	0.12886
2.05	0.26418	0.27006	0.28215	0.28376	0.29287	0.3023	0.31417	0.3201	0.32956	0.33749	0.34726	0.35866	0.3644	0.37207	0.37767	0.38489	0.39405	0.39976	0.4053	0.40907	0.41269	0.41711	0.41683	0.41963	0.42113	0.42795	0.42947	0.43198	0.4353	0.43517	0.43395	0.43476	0.43687	0.43676	0.43254	0.42374	0.41155	0.39071	0.36774	0.33559	0.29907	0.27642	0.2651	0.26027	0.25646	0.25256	0.24908	0.24685	0.2421	0.23876	0.23114	0.21865	0.20383	0.19526	0.1894	0.18622	0.18171	0.17636	0.1676	0.14995	0.12914
2.19	0.24767	0.25372	0.26539	0.26804	0.27581	0.28769	0.29804	0.30224	0.31112	0.31873	0.32773	0.33893	0.34447	0.3504	0.35662	0.36333	0.371	0.37609	0.38196	0.38575	0.38989	0.39327	0.39196	0.39427	0.39544	0.40245	0.40356	0.40577	0.40941	0.40891	0.40588	0.40764	0.4081	0.40722	0.40301	0.39499	0.38343	0.36188	0.33847	0.30936	0.27374	0.25255	0.24215	0.23806	0.23287	0.23082	0.22783	0.22339	0.22112	0.21462	0.2078	0.19659	0.18336	0.17482	0.16979	0.16642	0.16262	0.15696	0.14858	0.13348	0.11489
2.1	0.24719	0.26115	0.27107	0.26942	0.28077	0.29039	0.30213	0.30755	0.31712	0.32426	0.33344	0.34366	0.35089	0.3548	0.36294	0.36981	0.37772	0.38262	0.38863	0.39293	0.39521	0.39968	0.39844	0.40162	0.40232	0.40825	0.4103	0.41187	0.4147	0.41464	0.41244	0.41398	0.41474	0.41362	0.40823	0.40092	0.38863	0.36727	0.34301	0.31275	0.27696	0.2547	0.24249	0.23783	0.23479	0.23155	0.22833	0.22373	0.22059	0.21518	0.20858	0.19631	0.18263	0.17348	0.16787	0.16555	0.16001	0.15613	0.14692	0.13004	0.11205
2.2	0.2494	0.25369	0.26424	0.26817	0.27633	0.28579	0.2983	0.30358	0.31291	0.32098	0.33047	0.34167	0.34864	0.35447	0.36131	0.36679	0.37539	0.38026	0.38572	0.39009	0.39467	0.39968	0.39757	0.40127	0.40225	0.40848	0.41117	0.41289	0.41599	0.4159	0.41326	0.41471	0.41567	0.41461	0.40957	0.40278	0.38948	0.36811	0.34351	0.31331	0.27755	0.25429	0.24287	0.23833	0.23329	0.23051	0.2278	0.22442	0.22128	0.21475	0.20734	0.19736	0.18388	0.17203	0.16817	0.16514	0.15999	0.15562	0.14557	0.13029	0.11127
2.23	0.20984	0.21676	0.22615	0.22569	0.23425	0.24453	0.25309	0.25857	0.2662	0.27257	0.28188	0.29223	0.29723	0.30234	0.30727	0.31242	0.31917	0.32371	0.32821	0.33124	0.3351	0.33817	0.33619	0.33998	0.33986	0.34515	0.34541	0.34845	0.35002	0.34944	0.34751	0.3469	0.34877	0.34618	0.34226	0.33529	0.32435	0.3057	0.2837	0.25565	0.22574	0.2054	0.19525	0.19174	0.18706	0.18468	0.18226	0.17863	0.17592	0.17166	0.16541	0.15644	0.14394	0.13574	0.1311	0.12839	0.12365	0.12113	0.11206	0.10104	0.08498
2.4	0.20866	0.21708	0.22575	0.22573	0.23412	0.24491	0.25141	0.25656	0.26525	0.27158	0.2812	0.29035	0.29512	0.30197	0.30669	0.31243	0.31909	0.323	0.32792	0.33175	0.33362	0.33692	0.33645	0.33901	0.34053	0.34556	0.34793	0.34879	0.35122	0.35069	0.34907	0.34917	0.34995	0.34911	0.34512	0.33776	0.32611	0.30801	0.28545	0.25818	0.22712	0.20669	0.19624	0.19375	0.1891	0.1865	0.18397	0.1809	0.17751	0.17407	0.1684	0.15786	0.14608	0.13732	0.13267	0.12971	0.12536	0.12077	0.11405	0.10097	0.08553
2.4	0.19637	0.20597	0.21428	0.21689	0.22423	0.23271	0.24341	0.24693	0.25521	0.26302	0.2698	0.27936	0.28563	0.28965	0.29563	0.30038	0.30825	0.31138	0.31765	0.32022	0.32437	0.32727	0.32532	0.32707	0.329	0.33507	0.33637	0.33805	0.33922	0.34031	0.338	0.33851	0.33912	0.33844	0.33324	0.32585	0.31524	0.29622	0.27562	0.24803	0.2183	0.19739	0.18738	0.18432	0.18155	0.17905	0.17572	0.17305	0.16917	0.16557	0.16012	0.14954	0.13808	0.13093	0.12818	0.12317	0.11982	0.11429	0.10858	0.09542	0.08068
2.48	0.15767	0.16168	0.1718	0.17078	0.17719	0.18589	0.19228	0.19632	0.20276	0.20776	0.21385	0.22208	0.22612	0.22968	0.2341	0.23897	0.2444	0.24923	0.25143	0.25412	0.2564	0.25938	0.25834	0.26013	0.26002	0.26437	0.26516	0.26645	0.26807	0.26749	0.26522	0.26547	0.26567	0.26555	0.26096	0.2539	0.24441	0.22817	0.21039	0.18767	0.1634	0.14748	0.13924	0.13653	0.13364	0.13058	0.12962	0.12717	0.12389	0.12049	0.11508	0.10751	0.0989	0.09419	0.0903	0.0879	0.08414	0.08216	0.07637	0.06685	0.05608
2.5	0.15692	0.16112	0.16802	0.16939	0.17676	0.18352	0.19173	0.19671	0.20308	0.20892	0.21511	0.22299	0.22762	0.23144	0.2375	0.24162	0.24798	0.25114	0.25658	0.2593	0.25998	0.26286	0.26169	0.26415	0.26433	0.26908	0.26958	0.27114	0.27331	0.27208	0.27018	0.27059	0.27144	0.2701	0.26601	0.25953	0.24882	0.23316	0.21333	0.18938	0.16522	0.14813	0.13961	0.13687	0.13408	0.1318	0.13005	0.12643	0.12315	0.1193	0.11455	0.10686	0.09775	0.09224	0.08899	0.08625	0.08349	0.08056	0.07414	0.06453	0.05362
2.71	0.18042	0.18413	0.19448	0.19472	0.20439	0.21516	0.22309	0.22899	0.23894	0.24529	0.25375	0.26325	0.2696	0.27383	0.28083	0.28666	0.29512	0.29898	0.30629	0.30924	0.31278	0.31683	0.315	0.31738	0.31883	0.32466	0.32597	0.32753	0.32979	0.33036	0.32696	0.32781	0.32824	0.32771	0.32299	0.31557	0.30278	0.28307	0.26037	0.23199	0.19984	0.17901	0.16946	0.16466	0.16114	0.15911	0.15663	0.15258	0.14949	0.14436	0.13936	0.13107	0.11885	0.11094	0.10756	0.10377	0.10023	0.09704	0.08913	0.07866	0.06449
2.8	0.19038	0.19963	0.20787	0.2089	0.2195	0.2299	0.24037	0.24664	0.25621	0.26317	0.27404	0.28456	0.29218	0.2996	0.30773	0.31304	0.32247	0.3281	0.33432	0.33965	0.3438	0.34716	0.34646	0.34977	0.35126	0.35843	0.35996	0.36243	0.36503	0.36408	0.36158	0.36344	0.36238	0.36282	0.35882	0.3497	0.33698	0.31342	0.28951	0.25554	0.2199	0.19764	0.18628	0.18156	0.17811	0.17517	0.17264	0.1676	0.16362	0.15949	0.1538	0.14226	0.13084	0.12111	0.11742	0.11382	0.10936	0.10431	0.09681	0.08542	0.06929
2.8	0.18206	0.19221	0.20042	0.20254	0.21184	0.2226	0.23494	0.24098	0.25086	0.25905	0.26948	0.27904	0.28687	0.29432	0.30096	0.30732	0.31652	0.32269	0.32931	0.33334	0.33919	0.34127	0.34103	0.34362	0.34575	0.35271	0.3541	0.35626	0.35801	0.35822	0.3544	0.35689	0.35686	0.35639	0.35232	0.34331	0.3302	0.30678	0.28133	0.24872	0.21399	0.18963	0.17742	0.17409	0.17069	0.16697	0.16488	0.16148	0.15663	0.15319	0.14529	0.13618	0.12494	0.11595	0.1113	0.10746	0.10297	0.09843	0.09137	0.07884	0.06484
2.8	0.192	0.20211	0.21155	0.21421	0.22614	0.23737	0.24834	0.25675	0.26722	0.2763	0.2882	0.29986	0.30792	0.31608	0.32309	0.33149	0.34093	0.34831	0.35559	0.3611	0.36674	0.37157	0.3699	0.37376	0.37633	0.38338	0.38571	0.38806	0.39138	0.39104	0.38893	0.39105	0.39069	0.39058	0.38622	0.37648	0.36234	0.33727	0.30842	0.2736	0.23437	0.20866	0.19761	0.19174	0.189	0.18385	0.1803	0.17798	0.17382	0.16932	0.1616	0.14993	0.13721	0.1279	0.12328	0.11971	0.1143	0.11183	0.10253	0.08908	0.0722
2.82	0.19959	0.21139	0.22276	0.22896	0.23859	0.2519	0.26341	0.2723	0.28333	0.29355	0.30726	0.32013	0.32775	0.33643	0.34631	0.35267	0.36493	0.37246	0.38043	0.38621	0.39024	0.39683	0.39742	0.40018	0.40231	0.41152	0.41301	0.4168	0.42069	0.42098	0.41797	0.42013	0.42103	0.42139	0.41708	0.40635	0.3901	0.36435	0.33388	0.29636	0.25366	0.2261	0.21198	0.2077	0.20334	0.19999	0.1975	0.1925	0.18885	0.18449	0.17522	0.16225	0.14873	0.13889	0.13317	0.12789	0.12546	0.12092	0.11194	0.09597	0.07848
2.9	0.20646	0.2172	0.22976	0.23378	0.24582	0.25828	0.27017	0.28225	0.29179	0.30259	0.3162	0.32961	0.33901	0.34819	0.35711	0.36581	0.37991	0.38683	0.39473	0.40179	0.40664	0.41275	0.41222	0.4173	0.4201	0.42771	0.43171	0.43467	0.43763	0.43838	0.43551	0.43791	0.43971	0.43997	0.43462	0.42428	0.40758	0.37951	0.34811	0.30543	0.26258	0.23343	0.21856	0.21389	0.20881	0.20341	0.20201	0.19724	0.19268	0.18872	0.18003	0.16661	0.15155	0.14124	0.13682	0.13127	0.12637	0.1213	0.11344	0.09536	0.07841
2.94	0.21328	0.22759	0.23752	0.24017	0.25391	0.26923	0.28095	0.29158	0.30333	0.31617	0.32955	0.34253	0.35241	0.36277	0.37215	0.38181	0.39563	0.40325	0.41261	0.41991	0.42711	0.43295	0.43171	0.43619	0.44	0.44773	0.45191	0.45513	0.45934	0.46001	0.45925	0.46029	0.46291	0.46222	0.45732	0.44752	0.43005	0.40088	0.36765	0.32522	0.27817	0.24803	0.23269	0.2275	0.22462	0.21979	0.21663	0.21141	0.20809	0.20167	0.1941	0.1798	0.16329	0.15187	0.14654	0.14355	0.1386	0.13079	0.12291	0.10567	0.08594
3.06	0.20109	0.2181	0.23027	0.23406	0.24781	0.25996	0.2736	0.28402	0.29457	0.30595	0.32028	0.33499	0.34317	0.35421	0.36331	0.3721	0.38456	0.39309	0.40131	0.40797	0.41494	0.41915	0.4204	0.42463	0.4278	0.43556	0.44113	0.44387	0.44828	0.44905	0.44607	0.44724	0.45032	0.44952	0.44439	0.43437	0.4155	0.38744	0.35654	0.31306	0.26739	0.2378	0.22218	0.21781	0.21261	0.21015	0.20714	0.20138	0.19645	0.19153	0.18374	0.16935	0.15334	0.14489	0.13845	0.13357	0.13027	0.12315	0.11491	0.10049	0.0799
3.1	0.20838	0.22339	0.23491	0.24266	0.2517	0.26565	0.28018	0.28782	0.30149	0.31373	0.32757	0.34209	0.35101	0.36124	0.37192	0.3795	0.39368	0.40237	0.41181	0.4187	0.42493	0.43171	0.43205	0.43627	0.44065	0.44848	0.45331	0.45731	0.46025	0.46105	0.45956	0.46095	0.46399	0.46349	0.45882	0.44765	0.42896	0.4012	0.36662	0.32345	0.27712	0.24591	0.23249	0.22573	0.22159	0.21804	0.21463	0.20968	0.20539	0.20056	0.19208	0.17721	0.16004	0.15102	0.1451	0.14079	0.13623	0.13045	0.1195	0.10425	0.08451
3.1	0.20397	0.22368	0.23511	0.2421	0.25428	0.26688	0.28083	0.29017	0.30365	0.31738	0.33098	0.34534	0.35544	0.36682	0.37633	0.38702	0.39955	0.40944	0.41858	0.42669	0.43288	0.44029	0.44071	0.4447	0.44948	0.45773	0.46296	0.46817	0.47165	0.47287	0.47148	0.47377	0.47629	0.47679	0.47164	0.46024	0.44292	0.41162	0.37757	0.33213	0.2837	0.25208	0.23716	0.23177	0.2271	0.22364	0.22011	0.21532	0.21126	0.2052	0.19733	0.18305	0.1662	0.1542	0.14805	0.14377	0.13965	0.13333	0.12241	0.10667	0.08685
3.1	0.1956	0.21137	0.22695	0.233	0.24405	0.25695	0.27369	0.28137	0.29416	0.30793	0.32096	0.33453	0.34362	0.355	0.366	0.37561	0.3879	0.39876	0.40691	0.41438	0.4212	0.42623	0.42795	0.43209	0.4345	0.44402	0.44938	0.45288	0.4574	0.45827	0.45517	0.45665	0.45942	0.45907	0.45543	0.44278	0.4237	0.39373	0.3592	0.31585	0.26844	0.23756	0.2224	0.2175	0.21191	0.20804	0.20471	0.20052	0.19537	0.19165	0.18142	0.16888	0.15309	0.1427	0.13679	0.13273	0.1276	0.12214	0.1133	0.09681	0.0801
3.1	0.21302	0.226	0.24378	0.2501	0.2638	0.27874	0.29497	0.30658	0.3206	0.33447	0.3496	0.36634	0.37899	0.39063	0.40245	0.41333	0.42892	0.44039	0.4508	0.45876	0.46752	0.47581	0.47713	0.48173	0.48505	0.49688	0.50134	0.50739	0.51332	0.51431	0.5123	0.51531	0.51677	0.51793	0.5132	0.50038	0.4786	0.4452	0.40809	0.3566	0.30159	0.26773	0.24926	0.24532	0.23946	0.23431	0.2319	0.22669	0.2216	0.21565	0.20396	0.18989	0.17133	0.15911	0.15542	0.14947	0.14235	0.13701	0.12543	0.10941	0.08738
3.27	0.22018	0.23702	0.25089	0.26086	0.27546	0.28848	0.3073	0.31975	0.33473	0.35061	0.36658	0.38328	0.39641	0.41002	0.42212	0.43648	0.45159	0.46386	0.47502	0.48495	0.49395	0.50172	0.50239	0.50932	0.51355	0.52598	0.53109	0.53687	0.54297	0.54562	0.5432	0.546	0.54902	0.551	0.54575	0.53237	0.50977	0.47345	0.43247	0.37785	0.32012	0.28162	0.2631	0.25615	0.25112	0.24773	0.24319	0.23733	0.23439	0.22747	0.21643	0.20031	0.18003	0.16613	0.16078	0.15538	0.14946	0.14227	0.13193	0.11182	0.09019
3.3	0.20392	0.21707	0.23571	0.24196	0.25695	0.27321	0.28798	0.30196	0.31699	0.33151	0.34763	0.36514	0.378	0.38952	0.40217	0.41473	0.43031	0.44272	0.45227	0.46238	0.47112	0.47891	0.48101	0.48679	0.4905	0.50177	0.50685	0.51245	0.5188	0.52026	0.51846	0.52082	0.52183	0.52387	0.5187	0.5049	0.48253	0.44603	0.40438	0.35118	0.2951	0.25671	0.23945	0.23273	0.22816	0.22405	0.2204	0.21327	0.21053	0.20202	0.1937	0.17763	0.15875	0.14677	0.14132	0.13658	0.12974	0.12493	0.11423	0.09643	0.07697
3.3	0.19232	0.21222	0.22591	0.23165	0.24696	0.26404	0.27755	0.29247	0.30592	0.32006	0.33614	0.35364	0.36532	0.37908	0.39095	0.40355	0.41962	0.42967	0.44046	0.45013	0.45838	0.46537	0.46748	0.47292	0.47717	0.4881	0.49365	0.49983	0.50599	0.50713	0.50523	0.50822	0.51073	0.51165	0.50659	0.49268	0.46992	0.43374	0.39219	0.34031	0.28256	0.24729	0.23076	0.22367	0.2191	0.21457	0.21077	0.20648	0.20186	0.19456	0.18546	0.16894	0.15122	0.1385	0.13269	0.12941	0.12261	0.11675	0.10585	0.0909	0.07208
3.41	0.18574	0.2037	0.21654	0.22341	0.23834	0.25295	0.26883	0.28079	0.29439	0.30794	0.32653	0.34172	0.3541	0.36739	0.37928	0.39216	0.40716	0.41731	0.42969	0.43763	0.44717	0.45485	0.45551	0.46049	0.46555	0.47575	0.48197	0.48841	0.49409	0.49501	0.49294	0.49634	0.49993	0.50046	0.49492	0.48292	0.45989	0.42592	0.38334	0.33156	0.27797	0.24107	0.2236	0.21858	0.21283	0.20827	0.20573	0.19965	0.19458	0.18927	0.17938	0.16408	0.14694	0.13614	0.12938	0.12555	0.11891	0.1142	0.10369	0.08725	0.06969
3.5	0.17648	0.19054	0.20558	0.21328	0.22504	0.2376	0.25281	0.26248	0.27684	0.28855	0.3045	0.31907	0.32968	0.34146	0.35488	0.36598	0.37852	0.38959	0.40042	0.40648	0.41463	0.42243	0.4234	0.4293	0.43321	0.44259	0.44891	0.45304	0.458	0.45967	0.45747	0.45892	0.46293	0.46266	0.4572	0.44525	0.42419	0.39078	0.35338	0.30516	0.25445	0.22091	0.20391	0.19866	0.19401	0.1905	0.18735	0.18099	0.17608	0.17186	0.16494	0.1503	0.13245	0.1224	0.11725	0.11108	0.10838	0.10194	0.09297	0.07972	0.06296
3.5	0.16077	0.17095	0.1863	0.19193	0.20303	0.21466	0.22834	0.23795	0.24956	0.26198	0.27627	0.28976	0.29957	0.3099	0.32035	0.33063	0.34201	0.35182	0.36134	0.36822	0.37498	0.38125	0.38176	0.38702	0.3905	0.39984	0.405	0.40873	0.41318	0.41505	0.41305	0.41438	0.41704	0.41657	0.412	0.40107	0.38248	0.35288	0.31777	0.27439	0.22841	0.19862	0.1832	0.17904	0.1752	0.17214	0.16852	0.16527	0.16125	0.15432	0.14669	0.1339	0.12089	0.11064	0.10596	0.10199	0.09803	0.09272	0.08543	0.07216	0.05669
3.5	0.14389	0.15635	0.16453	0.17081	0.18138	0.18924	0.20202	0.20886	0.22026	0.23124	0.24009	0.25279	0.26129	0.27053	0.27895	0.28818	0.29717	0.30399	0.31377	0.3187	0.32659	0.33102	0.33087	0.33375	0.33795	0.34498	0.34913	0.35335	0.35522	0.35606	0.35408	0.35548	0.35645	0.35772	0.35244	0.34302	0.32769	0.30013	0.26886	0.23303	0.19417	0.1683	0.15601	0.15256	0.14826	0.14569	0.14116	0.13904	0.13516	0.13091	0.12372	0.11298	0.10168	0.09296	0.08901	0.08701	0.08256	0.07885	0.07263	0.06016	0.04923
3.69	0.10152	0.1105	0.11727	0.12134	0.12875	0.1367	0.14575	0.15239	0.15894	0.16784	0.17643	0.18489	0.19122	0.19723	0.20418	0.21087	0.21841	0.22464	0.23007	0.2342	0.23856	0.24262	0.24289	0.24529	0.2476	0.25367	0.25618	0.25917	0.26126	0.26112	0.25919	0.25995	0.26116	0.261	0.25731	0.24933	0.23674	0.21599	0.19212	0.16392	0.13399	0.11599	0.10717	0.1034	0.10063	0.09907	0.09577	0.0935	0.09134	0.08696	0.08188	0.07499	0.06672	0.061	0.05763	0.05559	0.05303	0.04963	0.04559	0.03811	0.02942
3.86	0.08718	0.0913	0.0994	0.10187	0.10831	0.11567	0.12176	0.12689	0.13415	0.14085	0.14765	0.15521	0.16076	0.1661	0.17141	0.17676	0.18331	0.18796	0.19213	0.19756	0.20047	0.20382	0.20372	0.20624	0.2075	0.21261	0.21534	0.21692	0.21822	0.21891	0.2167	0.21732	0.21813	0.21781	0.21459	0.20738	0.19554	0.17777	0.15702	0.13312	0.10789	0.09253	0.08455	0.08203	0.08054	0.07744	0.07594	0.07369	0.07151	0.0679	0.06402	0.05818	0.05119	0.04601	0.0446	0.04271	0.0401	0.03796	0.03412	0.02858	0.02162
4	0.08319	0.08888	0.09576	0.09831	0.10457	0.11153	0.1182	0.1228	0.13013	0.13712	0.14385	0.15175	0.15734	0.16258	0.16827	0.17384	0.18	0.18535	0.19006	0.19458	0.19763	0.20108	0.20166	0.20396	0.20536	0.20996	0.21344	0.21464	0.21665	0.21688	0.21488	0.21593	0.21636	0.21615	0.21305	0.20585	0.19434	0.17729	0.15663	0.13142	0.10635	0.09094	0.08317	0.08027	0.07821	0.07678	0.07473	0.07263	0.06986	0.06731	0.06293	0.0574	0.0505	0.04563	0.04267	0.0412	0.03893	0.03701	0.0335	0.02821	0.02182
4.1	0.08779	0.09352	0.09914	0.10179	0.1093	0.11704	0.12464	0.13111	0.13827	0.14598	0.15361	0.16227	0.1681	0.17502	0.18078	0.18697	0.19478	0.2001	0.20564	0.21034	0.21446	0.21784	0.21825	0.22075	0.22273	0.22845	0.23115	0.23378	0.23584	0.23636	0.2345	0.23515	0.23686	0.23655	0.23278	0.22487	0.21171	0.19269	0.1702	0.14293	0.1153	0.09794	0.08917	0.08619	0.08386	0.08178	0.07982	0.07758	0.07443	0.07173	0.06775	0.06041	0.05349	0.04836	0.04611	0.04401	0.04199	0.03919	0.03547	0.02874	0.02181
4.13	0.09325	0.10081	0.10834	0.11172	0.11914	0.12647	0.13522	0.14208	0.14995	0.15797	0.16758	0.17777	0.18452	0.19041	0.19749	0.20483	0.21345	0.21939	0.22591	0.23123	0.23616	0.2403	0.24017	0.24257	0.24594	0.25135	0.25493	0.25719	0.26011	0.26051	0.25909	0.25941	0.26139	0.26122	0.25638	0.2484	0.23404	0.21231	0.18844	0.15756	0.12638	0.10765	0.09783	0.09495	0.092	0.08978	0.08833	0.08533	0.083	0.07916	0.07464	0.06712	0.05818	0.05295	0.05016	0.04784	0.04548	0.04306	0.03876	0.03174	0.02461
4.2	0.09656	0.1039	0.11296	0.11675	0.12414	0.13297	0.1426	0.15025	0.15962	0.16884	0.17782	0.18866	0.19712	0.20295	0.211	0.219	0.2279	0.23493	0.24262	0.24854	0.25385	0.25888	0.25892	0.26214	0.26483	0.27169	0.27504	0.27815	0.28099	0.28133	0.2797	0.28049	0.28203	0.2821	0.27809	0.26889	0.25337	0.22958	0.20226	0.17007	0.13632	0.11571	0.10501	0.10111	0.09832	0.09621	0.09359	0.09107	0.08722	0.08367	0.07917	0.07158	0.06158	0.05542	0.0529	0.05092	0.04873	0.04497	0.04073	0.03276	0.02507
4.31	0.09716	0.10201	0.11235	0.11701	0.12492	0.13494	0.14449	0.15162	0.16044	0.16915	0.17907	0.18923	0.19838	0.20448	0.21261	0.22135	0.23091	0.2376	0.24551	0.25143	0.25657	0.26145	0.26199	0.26533	0.26751	0.27478	0.27905	0.28261	0.28525	0.28535	0.28396	0.28485	0.2869	0.28702	0.2826	0.27255	0.25689	0.23334	0.20498	0.17243	0.13785	0.11634	0.10616	0.10301	0.10015	0.09664	0.09477	0.0919	0.08914	0.08521	0.0803	0.07237	0.06298	0.05709	0.0546	0.05283	0.04968	0.04661	0.04158	0.0348	0.02588
4.4	0.09461	0.10158	0.11142	0.11471	0.12173	0.13136	0.14135	0.14911	0.15818	0.16772	0.17806	0.18842	0.19588	0.2041	0.21247	0.22099	0.23023	0.23803	0.24505	0.25073	0.25697	0.26094	0.2623	0.26475	0.26822	0.27513	0.27933	0.28291	0.28558	0.28621	0.28468	0.28572	0.28678	0.28716	0.28309	0.27313	0.2566	0.23212	0.20464	0.17022	0.13567	0.11355	0.10338	0.10056	0.09781	0.09516	0.09256	0.08967	0.08674	0.08305	0.0783	0.07035	0.06042	0.05538	0.05233	0.05012	0.04849	0.04489	0.03996	0.03216	0.02458
4.4	0.09743	0.10327	0.11327	0.11727	0.12725	0.13665	0.14753	0.15516	0.16474	0.17417	0.18601	0.19665	0.206	0.21385	0.22344	0.23149	0.24262	0.25107	0.25777	0.26509	0.27179	0.27698	0.27768	0.28083	0.28445	0.29272	0.29704	0.30049	0.3041	0.30552	0.30364	0.30469	0.30714	0.30653	0.30321	0.29231	0.275	0.24826	0.21821	0.18133	0.14467	0.12073	0.11044	0.10653	0.10349	0.10063	0.09873	0.09441	0.09181	0.08777	0.08328	0.07363	0.06377	0.05775	0.05517	0.0519	0.0503	0.04742	0.04222	0.03375	0.02555
4.48	0.09506	0.10477	0.11181	0.11761	0.12715	0.13666	0.14679	0.15649	0.16609	0.17661	0.18684	0.19883	0.20747	0.21765	0.22628	0.23628	0.24685	0.25482	0.26381	0.26996	0.27666	0.28291	0.28358	0.28648	0.29069	0.29958	0.30434	0.30846	0.31231	0.31215	0.31139	0.31341	0.31557	0.31588	0.31168	0.30077	0.28231	0.25522	0.22372	0.18544	0.14764	0.12231	0.11134	0.10724	0.10419	0.10159	0.09972	0.0952	0.09319	0.08979	0.08357	0.07431	0.06509	0.05852	0.05521	0.05297	0.05009	0.04708	0.04203	0.03335	0.02599
4.5	0.09359	0.10346	0.11245	0.11743	0.12667	0.13685	0.14644	0.15537	0.1661	0.17628	0.18808	0.19963	0.20847	0.21761	0.22716	0.23609	0.24759	0.25583	0.26476	0.27191	0.27904	0.28469	0.28504	0.28832	0.2929	0.30165	0.30672	0.3114	0.31516	0.31605	0.31483	0.31621	0.31878	0.31942	0.31492	0.3034	0.28517	0.25739	0.22489	0.18722	0.14738	0.12257	0.11096	0.108	0.10416	0.10103	0.09938	0.09602	0.09242	0.08841	0.08276	0.07414	0.064	0.05687	0.05449	0.05185	0.04909	0.04596	0.04082	0.03272	0.02418
4.51	0.09386	0.10199	0.10916	0.11556	0.1236	0.13423	0.14436	0.15292	0.16374	0.17352	0.18502	0.19652	0.20586	0.21528	0.22422	0.23391	0.2443	0.25368	0.26208	0.26908	0.27632	0.28235	0.28267	0.28542	0.29009	0.29752	0.30295	0.30644	0.31044	0.31136	0.31019	0.31234	0.31389	0.31448	0.31012	0.2989	0.28048	0.25348	0.22087	0.18303	0.14428	0.12053	0.10878	0.10462	0.10203	0.09906	0.09581	0.09282	0.08979	0.08589	0.08073	0.07148	0.0615	0.05526	0.0525	0.04966	0.04793	0.04425	0.03864	0.03044	0.02309
4.66	0.09181	0.09866	0.10992	0.11445	0.1231	0.13495	0.14364	0.15276	0.16277	0.17369	0.18587	0.19716	0.20574	0.2153	0.22505	0.23324	0.24506	0.25415	0.26183	0.26924	0.27679	0.28278	0.28345	0.28666	0.29125	0.29981	0.30479	0.30876	0.31297	0.31392	0.31335	0.31524	0.31738	0.31784	0.31334	0.30237	0.28357	0.25659	0.22471	0.18542	0.14667	0.12346	0.11179	0.10742	0.10368	0.1014	0.09889	0.09601	0.09296	0.08969	0.08351	0.07388	0.06346	0.05706	0.05359	0.05279	0.04941	0.04633	0.04082	0.03297	0.0243
4.71	0.08672	0.09478	0.1025	0.10828	0.11738	0.1272	0.13589	0.14419	0.15368	0.16413	0.17424	0.18653	0.19468	0.20299	0.21235	0.22107	0.23087	0.23841	0.2469	0.2544	0.26012	0.26526	0.26668	0.26976	0.27418	0.28168	0.28618	0.29014	0.29384	0.29493	0.29305	0.29467	0.29713	0.29713	0.29347	0.2824	0.26446	0.23776	0.20861	0.17221	0.13504	0.11294	0.10211	0.0986	0.09609	0.09333	0.09023	0.08756	0.08498	0.08076	0.07609	0.06723	0.05862	0.05174	0.04949	0.04642	0.04472	0.04212	0.03758	0.02871	0.02209
4.8	0.08299	0.08927	0.09836	0.1039	0.11181	0.11917	0.12977	0.13869	0.14725	0.15625	0.16653	0.17739	0.18558	0.19452	0.20158	0.21086	0.22115	0.22875	0.23622	0.24312	0.24844	0.2546	0.25623	0.25871	0.26262	0.26963	0.27382	0.27826	0.282	0.28218	0.28113	0.28254	0.28466	0.28436	0.28089	0.2706	0.25352	0.22823	0.1979	0.16445	0.12986	0.10765	0.09727	0.09409	0.09059	0.08781	0.08556	0.0829	0.0803	0.07599	0.07108	0.06343	0.05515	0.0492	0.04733	0.04391	0.0427	0.03882	0.03442	0.02775	0.02091
4.83	0.07673	0.08573	0.09306	0.09694	0.10618	0.11359	0.12234	0.13057	0.13996	0.14746	0.15812	0.16811	0.176	0.18441	0.1918	0.19979	0.21052	0.21756	0.22426	0.23089	0.23673	0.24204	0.2424	0.24535	0.24915	0.25736	0.26065	0.26494	0.2683	0.26904	0.26738	0.26877	0.27029	0.27089	0.26744	0.25741	0.24153	0.217	0.18846	0.15473	0.12192	0.10073	0.09127	0.08757	0.08456	0.08285	0.08076	0.07751	0.07502	0.07219	0.0669	0.06001	0.05207	0.04531	0.04311	0.04204	0.03908	0.03674	0.03235	0.02669	0.01953
4.96	0.07004	0.07697	0.08362	0.08819	0.09499	0.10467	0.11221	0.11817	0.12645	0.1351	0.14439	0.15396	0.16117	0.16864	0.17647	0.18313	0.19247	0.20029	0.20633	0.21213	0.21798	0.22268	0.22334	0.22608	0.22969	0.23676	0.24075	0.24397	0.24723	0.2471	0.24608	0.24769	0.24968	0.24964	0.2458	0.23626	0.221	0.19822	0.17133	0.14064	0.10945	0.09038	0.08179	0.07741	0.07596	0.07312	0.07096	0.06935	0.06681	0.06407	0.0597	0.05239	0.04497	0.04004	0.03772	0.03617	0.03455	0.03207	0.02859	0.02253	0.01659
5	0.06134	0.06756	0.07228	0.07721	0.08424	0.08948	0.09679	0.103	0.11	0.11798	0.12602	0.13515	0.14059	0.14736	0.15436	0.16048	0.1685	0.17522	0.18087	0.18611	0.19069	0.19581	0.19542	0.19814	0.20125	0.20775	0.21167	0.21388	0.21638	0.21686	0.21542	0.21675	0.21813	0.21857	0.21512	0.20657	0.19269	0.17228	0.14765	0.12011	0.09303	0.07588	0.06815	0.06531	0.06316	0.06115	0.05937	0.0574	0.0551	0.05288	0.04904	0.04299	0.03687	0.03259	0.03076	0.0298	0.02769	0.02621	0.02278	0.01838	0.0124
5.3	0.04977	0.0531	0.05877	0.06162	0.06685	0.07233	0.07792	0.08308	0.08944	0.09537	0.10242	0.1097	0.11561	0.12134	0.12685	0.13269	0.13941	0.14524	0.15063	0.15549	0.15961	0.16326	0.16347	0.16588	0.16866	0.17369	0.17689	0.17937	0.18135	0.18217	0.18101	0.18201	0.18297	0.18324	0.18018	0.17277	0.16023	0.14201	0.1214	0.09757	0.07433	0.06011	0.05347	0.05106	0.04944	0.04772	0.04679	0.0445	0.04247	0.04137	0.03827	0.03319	0.0286	0.02517	0.02324	0.02219	0.02107	0.01949	0.01708	0.01342	0.00953
5.3	0.0494	0.05458	0.06015	0.06318	0.06922	0.07528	0.08115	0.08739	0.09388	0.0998	0.10756	0.11554	0.12109	0.12747	0.13345	0.13993	0.14748	0.15262	0.15902	0.16441	0.16831	0.17233	0.17268	0.17495	0.17791	0.18399	0.18711	0.19014	0.19259	0.1933	0.19192	0.19313	0.19452	0.19486	0.19182	0.18346	0.17044	0.15127	0.12921	0.10426	0.07912	0.06423	0.05673	0.05418	0.05255	0.05118	0.04948	0.04792	0.0459	0.04387	0.04046	0.03573	0.03009	0.02661	0.02514	0.02351	0.02149	0.02029	0.01752	0.01403	0.0097
5.45	0.054	0.0593	0.06476	0.06868	0.07354	0.08125	0.08798	0.09452	0.10235	0.1095	0.11756	0.12599	0.1328	0.13938	0.14656	0.15302	0.16149	0.1679	0.17489	0.18058	0.18539	0.18969	0.19059	0.1928	0.19647	0.2029	0.20671	0.21001	0.21224	0.21332	0.2125	0.21336	0.21519	0.21562	0.21213	0.20363	0.18895	0.16752	0.14348	0.11496	0.08782	0.07081	0.0626	0.06008	0.05841	0.05642	0.05466	0.05305	0.05043	0.04805	0.04435	0.03896	0.03277	0.02899	0.02713	0.02566	0.02435	0.02208	0.01924	0.01546	0.01086
5.6	0.05284	0.05762	0.06423	0.06764	0.07343	0.0817	0.08735	0.09533	0.10277	0.1098	0.11888	0.12725	0.13436	0.14146	0.14858	0.1555	0.16428	0.17142	0.1784	0.18417	0.18892	0.1938	0.19435	0.19712	0.20093	0.20773	0.21099	0.21494	0.21763	0.21848	0.21729	0.21839	0.22032	0.22093	0.21705	0.20835	0.19296	0.17081	0.14609	0.11702	0.08827	0.07117	0.06253	0.06022	0.05825	0.05597	0.05417	0.05249	0.05026	0.04821	0.04433	0.03833	0.0323	0.02763	0.02661	0.02512	0.02394	0.02203	0.01922	0.01471	0.0101
5.62	0.05268	0.05782	0.06237	0.06668	0.07259	0.07994	0.08808	0.09361	0.10143	0.10936	0.11782	0.12649	0.1339	0.14049	0.14891	0.15554	0.16406	0.17089	0.17792	0.18429	0.18936	0.19453	0.19534	0.19757	0.20116	0.20844	0.21258	0.21622	0.21865	0.21967	0.21847	0.21994	0.22164	0.22247	0.21807	0.2093	0.19421	0.17134	0.14605	0.11654	0.08733	0.06994	0.0619	0.05852	0.05716	0.0552	0.0534	0.05123	0.04953	0.04672	0.04318	0.03785	0.03117	0.02743	0.02578	0.02452	0.0226	0.02111	0.01857	0.01369	0.00991
5.79	0.0495	0.05647	0.05995	0.06405	0.06966	0.07786	0.08491	0.0916	0.09878	0.10622	0.11525	0.12377	0.13141	0.13806	0.14579	0.15362	0.16147	0.16957	0.17681	0.18238	0.18884	0.19348	0.19403	0.1964	0.20016	0.20726	0.2117	0.21482	0.21786	0.219	0.21772	0.21924	0.22165	0.2218	0.21749	0.2084	0.19358	0.16992	0.14431	0.11447	0.08559	0.06795	0.06074	0.05718	0.05526	0.0531	0.05097	0.04975	0.04742	0.0444	0.04116	0.03615	0.02989	0.02638	0.02421	0.02344	0.02133	0.01926	0.01687	0.01378	0.00874
5.8	0.04512	0.05082	0.05662	0.05863	0.06524	0.07289	0.07947	0.08589	0.09339	0.10133	0.1097	0.11836	0.12436	0.13146	0.13945	0.14622	0.15507	0.16224	0.16907	0.17456	0.18032	0.18537	0.18617	0.18862	0.1922	0.19955	0.2035	0.20677	0.20987	0.21121	0.20952	0.21135	0.21323	0.21336	0.21014	0.20056	0.18464	0.16247	0.13717	0.10809	0.08012	0.06378	0.05468	0.05273	0.05138	0.04883	0.04768	0.04616	0.04353	0.04146	0.0384	0.03358	0.02752	0.02382	0.02213	0.02104	0.01949	0.01767	0.01537	0.0114	0.00814
5.8	0.04461	0.04996	0.05387	0.0579	0.06473	0.06987	0.07733	0.08341	0.09065	0.09767	0.10643	0.11503	0.12157	0.12875	0.13592	0.14227	0.15171	0.15861	0.16521	0.17233	0.17708	0.18173	0.18273	0.18509	0.18972	0.19616	0.19972	0.20381	0.20671	0.20736	0.20655	0.20747	0.20948	0.20997	0.20704	0.19707	0.18204	0.15934	0.13415	0.10605	0.0782	0.06161	0.05454	0.05131	0.04887	0.04746	0.04596	0.04412	0.04257	0.04072	0.03734	0.03219	0.02632	0.02244	0.02128	0.02053	0.01843	0.01775	0.01493	0.01135	0.00871
5.9	0.04408	0.04888	0.05433	0.05836	0.06462	0.07102	0.07775	0.08357	0.09213	0.09964	0.10757	0.1177	0.1241	0.13143	0.13952	0.14594	0.15473	0.16313	0.17005	0.17611	0.18194	0.18739	0.1881	0.19056	0.19482	0.20222	0.20642	0.21024	0.21338	0.21464	0.21359	0.21477	0.21723	0.21789	0.21369	0.20456	0.18867	0.16502	0.13909	0.10933	0.08048	0.06382	0.05569	0.05343	0.0515	0.04951	0.0474	0.04575	0.04415	0.04182	0.039	0.03307	0.02742	0.02342	0.02172	0.02113	0.01865	0.01772	0.01484	0.01123	0.00843
5.94	0.04825	0.05279	0.05834	0.06099	0.06791	0.07476	0.08274	0.089	0.09676	0.10566	0.11439	0.12393	0.1319	0.13918	0.14776	0.1559	0.16498	0.17339	0.18056	0.1874	0.19422	0.19919	0.19981	0.20348	0.20725	0.21585	0.22069	0.22502	0.22841	0.22913	0.22833	0.23028	0.23326	0.2333	0.22928	0.21956	0.20242	0.17748	0.14946	0.11811	0.08742	0.06962	0.06006	0.0573	0.05606	0.05316	0.05183	0.04979	0.04797	0.04491	0.04122	0.03578	0.03032	0.02579	0.02391	0.02332	0.02145	0.01989	0.01728	0.01346	0.00901
6.07	0.04802	0.05284	0.06053	0.06462	0.07089	0.07932	0.08672	0.09259	0.10223	0.11143	0.11977	0.13007	0.13852	0.1463	0.15521	0.16368	0.17297	0.18191	0.18967	0.19743	0.20442	0.20994	0.21048	0.21387	0.21898	0.22688	0.23253	0.23659	0.24024	0.24233	0.24101	0.24305	0.24554	0.24626	0.24287	0.23212	0.21402	0.18784	0.15833	0.12441	0.09276	0.07312	0.06408	0.06095	0.05836	0.05677	0.05465	0.05235	0.05018	0.04771	0.04376	0.03838	0.03142	0.02763	0.02595	0.02426	0.02255	0.02061	0.0179	0.01384	0.00933
6.18	0.04888	0.05536	0.06211	0.06567	0.07283	0.08063	0.08844	0.09559	0.10463	0.11278	0.123	0.13362	0.14152	0.1499	0.15885	0.16767	0.1781	0.18605	0.19441	0.20239	0.20919	0.21552	0.21684	0.2203	0.2247	0.23361	0.23893	0.24367	0.24712	0.24959	0.24789	0.25012	0.25266	0.2534	0.24949	0.23903	0.22025	0.19295	0.16267	0.12831	0.0947	0.0748	0.06577	0.06233	0.05956	0.0585	0.05616	0.05431	0.05215	0.04886	0.04549	0.03878	0.03235	0.02838	0.02653	0.0251	0.02282	0.02095	0.01804	0.01387	0.01037
6.14	0.04968	0.05634	0.06352	0.06589	0.07347	0.08219	0.09038	0.09804	0.10644	0.11549	0.12636	0.13657	0.14538	0.15462	0.16358	0.17257	0.18234	0.19202	0.20132	0.20914	0.21641	0.22255	0.22401	0.22763	0.23286	0.24205	0.2479	0.25282	0.25677	0.25857	0.25755	0.25987	0.26272	0.26325	0.25948	0.24801	0.22887	0.19996	0.16855	0.13243	0.09778	0.07686	0.06753	0.06367	0.06195	0.05906	0.05803	0.05528	0.05286	0.04987	0.04619	0.04003	0.03311	0.02856	0.02627	0.02531	0.02365	0.02085	0.01832	0.01385	0.00866
6.2	0.05001	0.05474	0.06123	0.06628	0.07271	0.07881	0.08789	0.09527	0.10415	0.11343	0.12378	0.13315	0.14271	0.15178	0.16072	0.16974	0.18012	0.18928	0.19847	0.20613	0.21309	0.21924	0.22062	0.2243	0.22987	0.23838	0.24491	0.24966	0.2527	0.25468	0.25439	0.25573	0.25875	0.26016	0.25535	0.24499	0.22548	0.19717	0.1654	0.12997	0.09531	0.07475	0.06504	0.06181	0.05959	0.05776	0.05548	0.05338	0.05116	0.04784	0.04457	0.03746	0.03042	0.02718	0.02547	0.02351	0.02173	0.02029	0.0175	0.0135	0.00865
6.4	0.04637	0.05149	0.05931	0.0634	0.06955	0.07795	0.08511	0.09357	0.10171	0.11113	0.12058	0.13153	0.13992	0.14877	0.15802	0.16672	0.17769	0.18656	0.1956	0.2038	0.21127	0.21685	0.2184	0.22187	0.22711	0.23593	0.24221	0.24682	0.25159	0.25298	0.25178	0.25443	0.25696	0.25794	0.25397	0.24295	0.22326	0.1957	0.16278	0.12728	0.09382	0.07275	0.063	0.06012	0.05851	0.05591	0.0542	0.05182	0.04936	0.04688	0.04339	0.03688	0.03053	0.02606	0.02421	0.02292	0.02112	0.01932	0.01681	0.0123	0.00788
6.4	0.04754	0.05412	0.05935	0.06482	0.07156	0.07897	0.08716	0.09506	0.10446	0.11399	0.12493	0.13562	0.1448	0.1538	0.16317	0.17308	0.18362	0.19341	0.20297	0.21097	0.21904	0.22585	0.22734	0.23078	0.23646	0.24568	0.25242	0.25752	0.26193	0.26378	0.26269	0.26505	0.26828	0.26931	0.26523	0.25382	0.23316	0.20369	0.17053	0.13289	0.09645	0.07515	0.06536	0.06168	0.05971	0.05772	0.05585	0.05338	0.0515	0.048	0.04435	0.03757	0.03054	0.02696	0.0248	0.02345	0.02228	0.02045	0.01714	0.01343	0.00925
6.4	0.04906	0.0532	0.05925	0.06506	0.07232	0.07943	0.08932	0.09763	0.10648	0.11713	0.12797	0.13992	0.14944	0.15847	0.16842	0.17946	0.19106	0.20104	0.21077	0.2192	0.22771	0.23502	0.23611	0.24053	0.24654	0.2565	0.26323	0.26886	0.27338	0.27511	0.27473	0.27674	0.28011	0.28143	0.27688	0.26449	0.24309	0.21202	0.1771	0.13774	0.09966	0.07782	0.06688	0.06379	0.0609	0.05915	0.05684	0.05458	0.05265	0.04906	0.04468	0.03879	0.03168	0.02682	0.02521	0.02383	0.02236	0.0205	0.01729	0.01275	0.0082
6.5	0.04808	0.05341	0.05959	0.06433	0.07036	0.07872	0.08786	0.09567	0.10537	0.11515	0.1256	0.13737	0.14697	0.15639	0.16636	0.17675	0.18756	0.19831	0.20765	0.2165	0.22459	0.23254	0.23308	0.23765	0.24335	0.25298	0.2598	0.26539	0.26971	0.27146	0.27046	0.27281	0.2768	0.27738	0.27256	0.26091	0.2395	0.20862	0.17372	0.13547	0.09769	0.07644	0.06565	0.06245	0.05962	0.05804	0.05572	0.05379	0.05131	0.04789	0.04399	0.03819	0.03127	0.02624	0.02399	0.02312	0.02182	0.01998	0.01706	0.01244	0.00841
6.53	0.04169	0.04832	0.05238	0.05673	0.06337	0.07038	0.07859	0.08556	0.09366	0.10283	0.11229	0.12235	0.13058	0.13991	0.1471	0.15677	0.16684	0.17615	0.18501	0.19314	0.19895	0.20587	0.20643	0.21019	0.21617	0.22455	0.23024	0.23544	0.23956	0.24086	0.24002	0.24184	0.24474	0.2458	0.2416	0.23064	0.21102	0.18384	0.15252	0.11853	0.08554	0.06591	0.05719	0.05411	0.05194	0.05043	0.04831	0.04638	0.04412	0.04141	0.0379	0.03293	0.02666	0.02246	0.02143	0.01996	0.01792	0.01688	0.01427	0.01087	0.00777
6.67	0.03611	0.0414	0.04606	0.05028	0.05578	0.0609	0.06867	0.07532	0.08239	0.09035	0.09825	0.10706	0.11453	0.1223	0.12945	0.13698	0.14597	0.15389	0.16141	0.16795	0.17418	0.17916	0.18052	0.1834	0.18837	0.19553	0.20091	0.20485	0.20861	0.20925	0.20829	0.20968	0.21249	0.21325	0.20955	0.19998	0.18332	0.15874	0.13162	0.10185	0.07375	0.05642	0.04894	0.04606	0.04441	0.04264	0.04162	0.03961	0.0375	0.03569	0.0321	0.02719	0.02263	0.01984	0.01785	0.01696	0.01581	0.01455	0.01228	0.00934	0.00631
6.7	0.03567	0.0391	0.04324	0.04632	0.05091	0.05727	0.06292	0.06883	0.07539	0.0826	0.09021	0.09867	0.10484	0.11191	0.11889	0.12633	0.13411	0.14138	0.14816	0.15476	0.16061	0.16536	0.16598	0.16875	0.1724	0.1795	0.18483	0.18807	0.19155	0.19231	0.19106	0.19297	0.1949	0.19552	0.19238	0.18346	0.16764	0.14521	0.12025	0.09281	0.06652	0.05125	0.0439	0.04166	0.04022	0.03863	0.03727	0.03553	0.03387	0.03177	0.02939	0.02512	0.02013	0.01748	0.01591	0.01486	0.01389	0.01294	0.01097	0.00813	0.00529
6.7	0.03217	0.03687	0.03977	0.04266	0.04737	0.05323	0.05839	0.06328	0.06949	0.07611	0.08301	0.09039	0.09681	0.10301	0.11011	0.11644	0.12306	0.13033	0.13654	0.14255	0.1476	0.15171	0.15279	0.15539	0.15898	0.16519	0.16906	0.17313	0.17565	0.1765	0.17547	0.1768	0.17898	0.17977	0.17638	0.16816	0.15359	0.13285	0.11022	0.08449	0.06051	0.04635	0.03994	0.03776	0.03642	0.0348	0.03336	0.03223	0.03073	0.02878	0.02579	0.02241	0.01758	0.01572	0.01438	0.01336	0.01273	0.01132	0.00957	0.00714	0.00483
6.82	0.02792	0.0313	0.03628	0.03849	0.04285	0.04724	0.05319	0.05834	0.06423	0.06991	0.0769	0.08362	0.08997	0.09567	0.10121	0.10747	0.11404	0.12035	0.12673	0.13175	0.13707	0.14096	0.14153	0.14339	0.14697	0.15326	0.1567	0.16021	0.16273	0.16332	0.16271	0.16385	0.16555	0.16601	0.16289	0.15516	0.1417	0.12235	0.10042	0.07706	0.05515	0.04208	0.03569	0.03382	0.03256	0.03106	0.02973	0.02854	0.02745	0.02578	0.02321	0.02021	0.0158	0.0136	0.01216	0.01158	0.01087	0.01041	0.00852	0.00591	0.00421
6.9	0.02636	0.02967	0.03442	0.03742	0.04098	0.04608	0.05034	0.05531	0.061	0.06693	0.07323	0.07975	0.085	0.09066	0.09627	0.10208	0.10895	0.11516	0.12071	0.12566	0.1301	0.13397	0.13516	0.13708	0.14041	0.14636	0.14988	0.15293	0.15553	0.15594	0.15486	0.15648	0.15827	0.15847	0.15568	0.14825	0.13507	0.11651	0.09572	0.07314	0.05242	0.03957	0.0337	0.03205	0.02999	0.0293	0.02849	0.02699	0.02574	0.02416	0.02145	0.01896	0.01513	0.01254	0.01188	0.01075	0.01003	0.00909	0.00773	0.00623	0.00429
6.93	0.02634	0.02786	0.03248	0.03434	0.0383	0.04344	0.0478	0.05186	0.05792	0.06293	0.06914	0.07607	0.08053	0.08595	0.0915	0.09696	0.10308	0.1091	0.11381	0.11904	0.12317	0.12707	0.12758	0.12982	0.13275	0.13805	0.14168	0.14476	0.1471	0.14771	0.14672	0.14788	0.14966	0.15003	0.14708	0.13956	0.12741	0.10986	0.09044	0.06898	0.04883	0.03762	0.03202	0.02975	0.02846	0.02777	0.02633	0.02534	0.02374	0.02264	0.02045	0.0175	0.01408	0.01188	0.01114	0.01024	0.00937	0.00843	0.00763	0.0053	0.00374
7.07	0.02382	0.02653	0.02975	0.03156	0.03542	0.03976	0.04399	0.04889	0.05287	0.05782	0.06398	0.07028	0.07484	0.08003	0.08498	0.09036	0.09604	0.1016	0.10678	0.11139	0.11503	0.11855	0.11921	0.12095	0.12383	0.1293	0.13261	0.13561	0.13742	0.13828	0.13746	0.13858	0.14012	0.14023	0.13766	0.13048	0.11854	0.1018	0.08366	0.06336	0.0446	0.03421	0.0286	0.02717	0.02596	0.02494	0.02417	0.02312	0.02168	0.02065	0.01813	0.01565	0.01247	0.01079	0.00956	0.00921	0.00854	0.00782	0.00659	0.00444	0.00325
7.12	0.02317	0.02461	0.02748	0.02892	0.03339	0.03697	0.0415	0.04503	0.04962	0.05426	0.06002	0.06545	0.06949	0.0746	0.07913	0.08423	0.09011	0.09514	0.10001	0.10425	0.10792	0.11151	0.11195	0.11307	0.11617	0.12135	0.12448	0.1271	0.12917	0.12977	0.12868	0.12998	0.13139	0.13152	0.12917	0.12264	0.11154	0.09534	0.07777	0.05904	0.04184	0.03145	0.02641	0.0253	0.0239	0.02295	0.02235	0.0211	0.02011	0.01875	0.0166	0.01451	0.012	0.00962	0.00888	0.00901	0.00781	0.00718	0.00652	0.00391	0.00283
7.27	0.02071	0.02316	0.02564	0.02696	0.03156	0.03489	0.0393	0.04274	0.04691	0.05158	0.05672	0.06223	0.06647	0.07083	0.07551	0.08044	0.08602	0.09045	0.09516	0.0997	0.1033	0.1069	0.10695	0.10886	0.11106	0.11655	0.1196	0.12196	0.1239	0.12475	0.12383	0.12478	0.12605	0.12622	0.12381	0.11746	0.10653	0.09122	0.07426	0.05566	0.03984	0.02957	0.02483	0.02355	0.0224	0.02103	0.02107	0.01967	0.01873	0.01784	0.0156	0.01346	0.01063	0.00891	0.00827	0.00781	0.00761	0.00664	0.00592	0.00422	0.00262
7.3	0.01876	0.02163	0.02434	0.02566	0.02946	0.03312	0.03664	0.04111	0.04516	0.04901	0.05455	0.06027	0.06427	0.06888	0.07322	0.07811	0.08332	0.08815	0.09293	0.09694	0.10042	0.10378	0.10425	0.10593	0.10884	0.11351	0.11663	0.11951	0.12121	0.12202	0.12102	0.12187	0.1235	0.12379	0.12111	0.11464	0.10374	0.08882	0.07225	0.05408	0.03831	0.02836	0.02373	0.02282	0.02122	0.02039	0.01952	0.01854	0.0178	0.01701	0.01524	0.01243	0.01056	0.00833	0.00813	0.00741	0.00663	0.00585	0.00498	0.00364	0.00218
7.24	0.01895	0.02154	0.0243	0.02628	0.02899	0.03216	0.03603	0.04008	0.04401	0.04815	0.0534	0.05888	0.06311	0.06762	0.07199	0.0765	0.08199	0.08662	0.09101	0.09539	0.09876	0.10206	0.10264	0.10458	0.10713	0.11214	0.11507	0.1175	0.11959	0.12021	0.11948	0.1206	0.12194	0.12223	0.11978	0.11316	0.1025	0.0873	0.07069	0.05301	0.03659	0.02786	0.02328	0.02181	0.02077	0.02015	0.01954	0.01816	0.01737	0.01619	0.01472	0.01198	0.00995	0.00807	0.00704	0.00717	0.00617	0.00571	0.00521	0.00366	0.00256
7.38	0.01764	0.01936	0.02287	0.02435	0.02725	0.03156	0.03436	0.03773	0.04244	0.04697	0.05161	0.05732	0.06115	0.06509	0.0698	0.07447	0.07968	0.08455	0.08914	0.09351	0.09699	0.10019	0.1003	0.10221	0.10477	0.10972	0.11265	0.11555	0.11732	0.11786	0.11699	0.11815	0.11991	0.11978	0.11743	0.11119	0.10067	0.08531	0.06913	0.05154	0.03583	0.02647	0.0223	0.02084	0.01988	0.01883	0.01762	0.01728	0.01711	0.0153	0.01392	0.01139	0.00878	0.00774	0.00702	0.00626	0.00647	0.00521	0.00451	0.00313	0.00173
7.4	0.01781	0.02043	0.02201	0.02333	0.02692	0.03033	0.03387	0.03763	0.04157	0.04601	0.05134	0.05614	0.06049	0.06445	0.06874	0.07342	0.07934	0.0837	0.08813	0.09249	0.09578	0.09921	0.09978	0.10132	0.10428	0.10922	0.112	0.11468	0.11642	0.11708	0.11665	0.11744	0.11895	0.11924	0.1168	0.11034	0.10013	0.08439	0.06794	0.05079	0.03484	0.02592	0.02141	0.02026	0.01924	0.01857	0.01791	0.01677	0.01576	0.0146	0.0126	0.01089	0.00845	0.00715	0.00656	0.0061	0.00592	0.00504	0.00384	0.00281	0.00166
7.48	0.01782	0.01994	0.02251	0.02373	0.02677	0.03018	0.03415	0.03781	0.04186	0.04639	0.05124	0.05665	0.06044	0.06522	0.06963	0.07419	0.08004	0.08444	0.08873	0.09343	0.09711	0.09975	0.10086	0.10218	0.10469	0.10964	0.11302	0.11548	0.11779	0.11832	0.11764	0.1189	0.12034	0.12042	0.11813	0.11165	0.10067	0.08505	0.06847	0.05098	0.03561	0.02566	0.02172	0.02049	0.01892	0.01878	0.01784	0.01671	0.01554	0.01505	0.01338	0.01143	0.009	0.00727	0.00674	0.00645	0.00566	0.00482	0.00403	0.00326	0.00193
7.6	0.01835	0.02005	0.02197	0.02401	0.02691	0.03098	0.03417	0.03771	0.0426	0.04762	0.05213	0.05815	0.0622	0.0668	0.07121	0.076	0.08157	0.08666	0.09172	0.09552	0.09973	0.10297	0.10335	0.10529	0.10821	0.11322	0.1165	0.11944	0.12136	0.12199	0.12089	0.12225	0.12426	0.12455	0.1216	0.1148	0.10401	0.08801	0.07099	0.05268	0.03622	0.0263	0.02189	0.02073	0.02017	0.0192	0.01819	0.0177	0.01634	0.01551	0.01415	0.01177	0.00865	0.00746	0.00694	0.00646	0.00589	0.00564	0.00468	0.00355	0.00228
7.6	0.01758	0.02081	0.02328	0.02489	0.02836	0.03216	0.03553	0.03906	0.04448	0.04935	0.054	0.06003	0.06461	0.06901	0.07471	0.07945	0.08536	0.09042	0.09553	0.1003	0.10408	0.10757	0.10851	0.11041	0.11323	0.1188	0.12206	0.12488	0.12726	0.12779	0.1274	0.12857	0.13013	0.13073	0.12773	0.12077	0.10914	0.0927	0.07483	0.05555	0.03791	0.0283	0.02396	0.02191	0.02094	0.02005	0.01878	0.0183	0.01747	0.01612	0.01477	0.01215	0.0095	0.00809	0.00696	0.00656	0.00638	0.00559	0.00479	0.00353	0.00246
7.65	0.01952	0.02098	0.02345	0.02617	0.02861	0.03312	0.03702	0.04043	0.04544	0.05049	0.05538	0.06169	0.06669	0.07155	0.07664	0.08192	0.08787	0.09313	0.09869	0.10314	0.10744	0.11105	0.11146	0.11392	0.1167	0.12249	0.12615	0.12913	0.13168	0.1322	0.13162	0.1327	0.13464	0.1348	0.13188	0.12483	0.11275	0.09546	0.07685	0.05719	0.03938	0.02898	0.0247	0.02291	0.02159	0.02026	0.01987	0.01903	0.01802	0.01669	0.01542	0.01232	0.00969	0.00834	0.00782	0.00701	0.00667	0.00571	0.00447	0.00371	0.00206
7.7	0.01847	0.02168	0.02348	0.02572	0.02893	0.03318	0.0361	0.04014	0.04526	0.0503	0.05559	0.06144	0.06708	0.07114	0.07634	0.08238	0.08783	0.09351	0.09878	0.10344	0.10751	0.11103	0.11211	0.11419	0.11758	0.12324	0.12668	0.12944	0.13221	0.13291	0.13215	0.13365	0.13571	0.13588	0.13305	0.12578	0.11348	0.09616	0.07761	0.05758	0.03941	0.02878	0.02413	0.02269	0.02157	0.02095	0.01985	0.01898	0.01844	0.01655	0.01515	0.01268	0.00961	0.00837	0.0075	0.00698	0.00668	0.00562	0.00482	0.00343	0.00211
7.77	0.01756	0.02062	0.02322	0.02495	0.02737	0.03092	0.03616	0.0395	0.04392	0.04892	0.05435	0.06008	0.06485	0.06964	0.07465	0.0802	0.08582	0.09195	0.09676	0.10131	0.10572	0.10953	0.11003	0.11198	0.11501	0.12054	0.12409	0.12728	0.12966	0.13079	0.13022	0.13132	0.1331	0.1334	0.131	0.12328	0.11153	0.0945	0.07589	0.05615	0.03862	0.02814	0.02355	0.02177	0.02087	0.02035	0.01908	0.01825	0.01697	0.01646	0.01493	0.01216	0.00965	0.00791	0.00687	0.00688	0.00601	0.00526	0.00424	0.00323	0.00177
7.91	0.01693	0.01881	0.02182	0.02298	0.02626	0.02997	0.03383	0.03747	0.042	0.04682	0.05214	0.0576	0.06251	0.06702	0.07219	0.07746	0.08295	0.08816	0.0933	0.0981	0.10249	0.10573	0.10601	0.10813	0.11174	0.11716	0.12053	0.12358	0.1261	0.12667	0.12619	0.12747	0.12899	0.12962	0.12715	0.1201	0.10827	0.09124	0.07324	0.0541	0.03676	0.02676	0.02263	0.02095	0.01986	0.01885	0.01861	0.0174	0.01638	0.01526	0.01388	0.0116	0.00886	0.00738	0.00687	0.00642	0.00625	0.00502	0.00407	0.00308	0.00202
8	0.01687	0.01856	0.02023	0.02265	0.02526	0.02845	0.03223	0.03615	0.03995	0.04438	0.05042	0.05538	0.06009	0.0648	0.0696	0.07448	0.08006	0.0852	0.09033	0.09498	0.09896	0.10289	0.1031	0.10505	0.10848	0.11415	0.11763	0.12018	0.12198	0.12364	0.12293	0.124	0.12588	0.12616	0.12403	0.11667	0.10504	0.08839	0.07072	0.05227	0.03593	0.02564	0.02157	0.01982	0.01876	0.01869	0.01715	0.01601	0.01552	0.01421	0.01259	0.01082	0.00822	0.00683	0.00662	0.00608	0.00501	0.00476	0.00406	0.0029	0.00169
8	0.0149	0.01808	0.01965	0.02079	0.0243	0.02707	0.03138	0.03446	0.03867	0.04304	0.04849	0.0539	0.05814	0.06317	0.06752	0.0725	0.07798	0.0833	0.0879	0.09262	0.09639	0.10018	0.10068	0.10251	0.10581	0.1109	0.1144	0.11754	0.11973	0.12019	0.12011	0.12095	0.12329	0.12351	0.12085	0.11398	0.10227	0.08622	0.06898	0.05021	0.03417	0.02481	0.02017	0.01918	0.0181	0.01723	0.0167	0.01567	0.01417	0.01383	0.01232	0.00996	0.00783	0.00667	0.00588	0.00564	0.00507	0.00469	0.00379	0.00262	0.00135
8.1	0.0118	0.01213	0.01471	0.01553	0.0186	0.02122	0.0242	0.02683	0.03001	0.03398	0.03753	0.04143	0.04567	0.04915	0.053	0.05703	0.06175	0.06519	0.0701	0.07342	0.0768	0.07984	0.07987	0.08124	0.08397	0.08854	0.09123	0.09412	0.09546	0.09654	0.09615	0.09719	0.09861	0.09893	0.09655	0.09114	0.08177	0.06819	0.05391	0.0393	0.02607	0.01882	0.0159	0.01456	0.01387	0.01315	0.01189	0.01166	0.01103	0.01	0.00935	0.0076	0.00588	0.00451	0.00423	0.00421	0.00343	0.00284	0.00299	0.00173	0.00126
