Depth	Ed(400)	Ed(405)	Ed(410)	Ed(415)	Ed(420)	Ed(425)	Ed(430)	Ed(435)	Ed(440)	Ed(445)	Ed(450)	Ed(455)	Ed(460)	Ed(465)	Ed(470)	Ed(475)	Ed(480)	Ed(485)	Ed(490)	Ed(495)	Ed(500)	Ed(505)	Ed(510)	Ed(515)	Ed(520)	Ed(525)	Ed(530)	Ed(535)	Ed(540)	Ed(545)	Ed(550)	Ed(555)	Ed(560)	Ed(565)	Ed(570)	Ed(575)	Ed(580)	Ed(585)	Ed(590)	Ed(595)	Ed(600)	Ed(605)	Ed(610)	Ed(615)	Ed(620)	Ed(625)	Ed(630)	Ed(635)	Ed(640)	Ed(645)	Ed(650)	Ed(655)	Ed(660)	Ed(665)	Ed(670)	Ed(675)	Ed(680)	Ed(685)	Ed(690)	Ed(695)	Ed(700)
0.1	0.62366	0.71261	0.75349	0.77716	0.78143	0.76638	0.75628	0.81048	0.87583	0.94509	0.99294	1.02493	1.03803	1.03789	1.04097	1.05651	1.06791	1.03548	1.03403	1.05127	1.04197	1.03976	1.0369	1.00834	1.00106	1.02823	1.04439	1.04776	1.03916	1.03731	1.03832	1.03141	1.01918	1.01152	1.00082	0.99584	0.99125	0.96026	0.91231	0.89902	0.89329	0.89237	0.88065	0.86872	0.86006	0.84722	0.83527	0.83174	0.83145	0.8119	0.78781	0.76772	0.77434	0.78353	0.78232	0.77391	0.75463	0.7049	0.66198	0.65039	0.64301
0.2	0.58432	0.66998	0.70788	0.73106	0.73941	0.72412	0.71655	0.7682	0.8307	0.89419	0.94218	0.97266	0.98548	0.98818	0.98938	1.00527	1.01677	0.98563	0.98515	1.00184	0.99312	0.99161	0.98742	0.95985	0.95406	0.97848	0.99336	0.99762	0.98928	0.98841	0.98991	0.98343	0.97172	0.96438	0.95448	0.94849	0.94395	0.91167	0.86417	0.8491	0.84104	0.83475	0.82369	0.8105	0.8006	0.78907	0.77599	0.7742	0.77103	0.75333	0.72876	0.70886	0.7136	0.72167	0.71738	0.71012	0.69265	0.64453	0.60342	0.58938	0.57865
0.24	0.5534	0.63398	0.67156	0.69555	0.70277	0.68976	0.68144	0.73201	0.79385	0.8562	0.90241	0.93295	0.94539	0.95083	0.95072	0.96728	0.97994	0.9506	0.95034	0.96557	0.95857	0.95746	0.95521	0.92729	0.92167	0.94785	0.96304	0.96726	0.96012	0.9599	0.95943	0.95482	0.94331	0.93713	0.92691	0.92215	0.91648	0.88438	0.83757	0.81919	0.80948	0.80219	0.78923	0.77917	0.77062	0.75745	0.74658	0.74416	0.74079	0.72443	0.69997	0.68025	0.68228	0.68799	0.68424	0.67834	0.66159	0.6148	0.57498	0.56005	0.54673
0.4	0.43978	0.50503	0.5361	0.55385	0.55802	0.54912	0.54317	0.58441	0.63197	0.68284	0.72065	0.7452	0.75477	0.75752	0.76045	0.77228	0.78041	0.75808	0.75817	0.7707	0.76379	0.76297	0.76204	0.7402	0.73699	0.75662	0.7685	0.77165	0.76647	0.76574	0.76556	0.76053	0.75036	0.74539	0.73487	0.73079	0.72538	0.69679	0.65633	0.63942	0.62802	0.62095	0.60855	0.60093	0.5922	0.58097	0.57152	0.56974	0.56736	0.55298	0.53477	0.51665	0.51799	0.52313	0.52133	0.51343	0.49914	0.46353	0.43387	0.42108	0.40915
0.4	0.4552	0.5226	0.55446	0.57336	0.57919	0.56883	0.56427	0.60549	0.65966	0.71198	0.74963	0.77666	0.78805	0.78989	0.79257	0.80542	0.81564	0.79196	0.79311	0.80629	0.79974	0.79826	0.79496	0.77309	0.76986	0.78977	0.80321	0.80783	0.80001	0.79894	0.7997	0.79427	0.78486	0.77861	0.76921	0.76328	0.75748	0.7278	0.68403	0.666	0.65229	0.64344	0.63044	0.62131	0.6132	0.60251	0.59149	0.58869	0.58539	0.57051	0.55075	0.53377	0.53263	0.53755	0.53389	0.52729	0.51205	0.47568	0.44297	0.42918	0.4164
0.5	0.44444	0.51107	0.54177	0.56034	0.56705	0.55804	0.55221	0.5953	0.64586	0.69667	0.73641	0.7628	0.77237	0.77584	0.77785	0.78948	0.79869	0.77623	0.7767	0.79108	0.78376	0.78202	0.78077	0.75721	0.75277	0.77477	0.78638	0.79003	0.78348	0.78293	0.78236	0.77707	0.76648	0.76041	0.75064	0.7452	0.73762	0.70829	0.66477	0.64451	0.63113	0.62055	0.60811	0.59658	0.58975	0.57667	0.56772	0.56677	0.56075	0.54606	0.52698	0.50815	0.50812	0.51223	0.50659	0.50036	0.48718	0.45086	0.41913	0.40538	0.39115
0.73	0.44847	0.51803	0.55381	0.57418	0.57904	0.57255	0.56789	0.61175	0.66618	0.72049	0.76194	0.78866	0.80155	0.80457	0.80821	0.82036	0.83339	0.81041	0.81062	0.82573	0.82064	0.81943	0.81593	0.7951	0.79132	0.81247	0.82598	0.83053	0.82435	0.82438	0.82417	0.81879	0.80889	0.80326	0.79185	0.78584	0.77882	0.74628	0.70033	0.67817	0.6617	0.64871	0.63526	0.62454	0.61701	0.60529	0.59504	0.59065	0.58792	0.57023	0.54973	0.53161	0.52939	0.53167	0.52748	0.51934	0.50411	0.46839	0.43285	0.4183	0.40214
0.8	0.42099	0.48397	0.5191	0.5403	0.54911	0.54176	0.53942	0.58389	0.63637	0.69008	0.73221	0.76093	0.7739	0.78114	0.78383	0.79876	0.81316	0.79164	0.79247	0.80876	0.80453	0.80536	0.80456	0.78336	0.78173	0.80463	0.81909	0.82521	0.81945	0.82105	0.82231	0.81829	0.80849	0.80325	0.79463	0.78838	0.78088	0.74695	0.70024	0.67624	0.65798	0.6447	0.62996	0.61934	0.6119	0.60154	0.59095	0.5882	0.58457	0.56977	0.54843	0.52872	0.52533	0.52982	0.5247	0.51679	0.50053	0.46491	0.43056	0.41428	0.39491
0.82	0.41018	0.47125	0.50546	0.52534	0.53752	0.53254	0.53229	0.5772	0.63059	0.68669	0.73038	0.75967	0.77627	0.78246	0.78878	0.80532	0.81883	0.79965	0.80324	0.82058	0.81657	0.81747	0.81673	0.79624	0.79409	0.81942	0.83663	0.84167	0.83645	0.8382	0.84037	0.83658	0.82819	0.82378	0.81363	0.80824	0.79857	0.76477	0.71483	0.68737	0.66318	0.64758	0.6325	0.62163	0.61398	0.6035	0.59393	0.5877	0.5837	0.56972	0.54868	0.52768	0.52371	0.52318	0.51905	0.51176	0.4968	0.45789	0.42248	0.40454	0.38352
0.86	0.41697	0.48131	0.5191	0.53863	0.55399	0.54747	0.55017	0.60121	0.65598	0.71718	0.76117	0.7936	0.81144	0.82056	0.82711	0.84543	0.86214	0.84185	0.84754	0.86641	0.86096	0.86257	0.86411	0.84068	0.84168	0.86709	0.8845	0.89268	0.88731	0.88972	0.89193	0.88844	0.87946	0.87421	0.86565	0.85793	0.84759	0.81034	0.75602	0.72277	0.69539	0.6748	0.65829	0.64644	0.63776	0.62478	0.61693	0.61051	0.60556	0.59066	0.56635	0.54177	0.53507	0.53608	0.52909	0.52178	0.50572	0.46639	0.42812	0.40516	0.38141
0.92	0.38503	0.44565	0.47847	0.50172	0.51409	0.50856	0.51133	0.55577	0.61085	0.66573	0.70902	0.74042	0.75677	0.76368	0.76946	0.78939	0.8024	0.78352	0.78929	0.80626	0.80261	0.80481	0.80338	0.78208	0.78374	0.80671	0.82263	0.82923	0.8247	0.82519	0.82694	0.82356	0.81408	0.80855	0.79955	0.79206	0.77966	0.74342	0.6894	0.65921	0.63015	0.61064	0.59178	0.5808	0.57316	0.56126	0.55224	0.54747	0.54234	0.52588	0.50599	0.48261	0.47373	0.47312	0.46766	0.45873	0.44405	0.40788	0.37287	0.35314	0.33019
1	0.35817	0.41876	0.44961	0.47033	0.48296	0.47886	0.4814	0.52378	0.57613	0.6288	0.66786	0.69757	0.71201	0.71996	0.72469	0.74138	0.75677	0.73911	0.74258	0.75743	0.75573	0.75795	0.75566	0.73639	0.73592	0.7593	0.77426	0.78043	0.77524	0.77659	0.77921	0.77436	0.76606	0.76019	0.75048	0.74346	0.7315	0.69705	0.64644	0.61461	0.58672	0.56718	0.54962	0.53944	0.53301	0.5211	0.51003	0.50609	0.50139	0.48635	0.46618	0.4447	0.43682	0.43594	0.43023	0.42245	0.40813	0.37459	0.3432	0.32397	0.30237
1.05	0.44505	0.51869	0.55531	0.58112	0.59943	0.59352	0.5974	0.65278	0.7157	0.78285	0.83583	0.87317	0.89449	0.90525	0.91466	0.93769	0.9582	0.9368	0.94253	0.96559	0.96455	0.96745	0.96889	0.94462	0.94423	0.97514	0.9971	1.00567	1.00312	1.00406	1.00677	1.00444	0.99482	0.99107	0.97976	0.9733	0.96176	0.91872	0.85606	0.8172	0.7833	0.76009	0.73973	0.72764	0.7176	0.70422	0.69206	0.68799	0.68235	0.66534	0.63755	0.60968	0.60211	0.60021	0.59436	0.584	0.56519	0.52136	0.47777	0.45271	0.4229
1.03	0.31739	0.36742	0.39615	0.41428	0.42435	0.42286	0.4245	0.46329	0.50916	0.55498	0.59351	0.62075	0.63389	0.64089	0.64684	0.66115	0.67452	0.65915	0.66372	0.67828	0.67845	0.67984	0.67949	0.66238	0.66165	0.68316	0.69623	0.70235	0.69837	0.69997	0.70092	0.69723	0.69074	0.68618	0.67736	0.67051	0.65898	0.6248	0.57802	0.54793	0.51938	0.50133	0.48642	0.47565	0.46905	0.45837	0.44939	0.44653	0.44265	0.42918	0.41139	0.39136	0.38431	0.38169	0.37776	0.36905	0.35745	0.32823	0.3	0.28322	0.26406
1.1	0.29171	0.33763	0.36771	0.3831	0.39433	0.39276	0.39613	0.43343	0.47676	0.52238	0.55731	0.58271	0.59717	0.60471	0.61093	0.62602	0.63981	0.62806	0.63168	0.64679	0.6463	0.64777	0.64768	0.63066	0.63262	0.65236	0.66719	0.67318	0.67093	0.67197	0.67391	0.67176	0.66591	0.66084	0.65317	0.64532	0.63541	0.6014	0.55324	0.52324	0.49683	0.47651	0.46232	0.45111	0.44473	0.43625	0.42837	0.42368	0.42032	0.40711	0.38879	0.37169	0.36242	0.36143	0.35634	0.34968	0.33663	0.31015	0.28351	0.26438	0.24524
1.2	0.27875	0.32269	0.3492	0.36965	0.37736	0.37537	0.37963	0.41554	0.45797	0.50284	0.53671	0.56152	0.57552	0.58386	0.59022	0.60576	0.61773	0.6052	0.61	0.62441	0.62326	0.62472	0.62525	0.6094	0.61116	0.63027	0.64391	0.65053	0.64727	0.64733	0.6493	0.64705	0.64044	0.63559	0.62765	0.61993	0.60924	0.57459	0.5279	0.49611	0.46779	0.44711	0.42977	0.42159	0.41515	0.40546	0.39674	0.39362	0.38913	0.37483	0.35948	0.34021	0.33237	0.32906	0.32404	0.31809	0.30547	0.28053	0.25349	0.23689	0.21575
1.24	0.27657	0.32107	0.34751	0.36315	0.37453	0.37367	0.37928	0.41652	0.4591	0.50413	0.53876	0.56475	0.57914	0.58748	0.59412	0.60924	0.62375	0.60996	0.61463	0.62966	0.6308	0.63226	0.63209	0.61593	0.61705	0.63821	0.65303	0.65957	0.65506	0.65726	0.65875	0.657	0.64991	0.64637	0.63714	0.62964	0.61797	0.58499	0.53665	0.50389	0.47495	0.45363	0.43795	0.42686	0.42121	0.41192	0.4042	0.39956	0.39472	0.38352	0.36506	0.347	0.33733	0.33386	0.32967	0.32295	0.30987	0.28438	0.25691	0.23929	0.2192
1.3	0.26616	0.31103	0.33788	0.35371	0.36208	0.36468	0.36817	0.40255	0.444	0.48708	0.52246	0.54659	0.55982	0.56659	0.57446	0.58972	0.60167	0.58908	0.594	0.60816	0.60734	0.60946	0.60932	0.59507	0.59425	0.61411	0.62882	0.63412	0.63166	0.63187	0.63224	0.63051	0.62457	0.62016	0.6119	0.6047	0.59272	0.55997	0.51238	0.48171	0.45227	0.43196	0.41602	0.40664	0.40019	0.39122	0.38326	0.37906	0.37441	0.36289	0.34542	0.32821	0.31911	0.3158	0.30975	0.30413	0.29307	0.26847	0.24238	0.22607	0.20759
1.35	0.27517	0.3222	0.35084	0.3701	0.38069	0.38031	0.38442	0.4203	0.46459	0.51017	0.54578	0.57112	0.58679	0.59555	0.6029	0.61757	0.63016	0.61759	0.62432	0.63685	0.63688	0.63851	0.63854	0.62262	0.62281	0.64519	0.65823	0.66518	0.66223	0.66318	0.66487	0.66118	0.6536	0.64995	0.64148	0.63458	0.62227	0.5874	0.53994	0.50605	0.4769	0.45459	0.43966	0.42911	0.42254	0.41321	0.40406	0.4005	0.39701	0.38321	0.36637	0.34657	0.33629	0.33422	0.32806	0.32135	0.31058	0.28455	0.25763	0.24032	0.21971
1.33	0.29352	0.34296	0.3701	0.38663	0.40059	0.39856	0.40243	0.44059	0.489	0.53469	0.57105	0.59986	0.61358	0.62106	0.63034	0.6458	0.65909	0.64431	0.65169	0.66559	0.66476	0.66595	0.66778	0.64954	0.65075	0.67272	0.68701	0.69313	0.69028	0.69176	0.69204	0.68976	0.68327	0.67817	0.66905	0.66132	0.64742	0.61226	0.56228	0.5287	0.49863	0.47515	0.45821	0.44871	0.44037	0.43045	0.42117	0.41793	0.41247	0.39945	0.38063	0.36108	0.35158	0.34814	0.34173	0.33517	0.3218	0.2955	0.26809	0.25067	0.22817
1.4	0.28774	0.34199	0.36927	0.38451	0.40031	0.39914	0.40314	0.44199	0.48718	0.53476	0.57296	0.60136	0.61589	0.62557	0.63226	0.64761	0.66358	0.64875	0.65296	0.67048	0.67012	0.67266	0.67265	0.65533	0.65589	0.67807	0.69347	0.69941	0.69708	0.69741	0.6987	0.6951	0.68942	0.6848	0.67667	0.6671	0.65324	0.61772	0.56595	0.53199	0.49905	0.47695	0.45989	0.44831	0.44077	0.43007	0.42094	0.41759	0.41371	0.39918	0.3811	0.36068	0.35012	0.34647	0.34026	0.3331	0.32081	0.29446	0.26536	0.24687	0.22567
1.42	0.30885	0.3607	0.39117	0.41173	0.42425	0.42332	0.43114	0.47362	0.5224	0.57534	0.61725	0.64629	0.66475	0.67636	0.68516	0.7038	0.72121	0.70763	0.71487	0.73228	0.73253	0.73638	0.73841	0.71849	0.72192	0.74641	0.76512	0.77237	0.77008	0.77216	0.77434	0.77293	0.76607	0.76235	0.75363	0.7454	0.73251	0.692	0.63592	0.59707	0.56097	0.53428	0.51595	0.50536	0.49809	0.48574	0.47744	0.47309	0.46906	0.4538	0.43292	0.4093	0.39917	0.39562	0.38802	0.38098	0.3671	0.33588	0.30418	0.282	0.25707
1.5	0.24399	0.28809	0.31272	0.33271	0.34115	0.34129	0.34674	0.37961	0.4206	0.46207	0.49548	0.5207	0.53564	0.54273	0.55076	0.56486	0.57613	0.56569	0.57165	0.58619	0.58632	0.58852	0.58957	0.57419	0.57535	0.59533	0.60877	0.61452	0.61314	0.61383	0.61436	0.61165	0.60666	0.60194	0.59357	0.58568	0.57334	0.538	0.49105	0.45723	0.42577	0.40413	0.38908	0.37682	0.37026	0.36252	0.35359	0.35	0.34562	0.33364	0.31642	0.29885	0.29016	0.28457	0.28024	0.27397	0.26211	0.23975	0.21636	0.19853	0.18105
1.53	0.25212	0.29503	0.32155	0.34125	0.35191	0.35343	0.36075	0.39809	0.43996	0.48493	0.52029	0.54915	0.56401	0.57389	0.58231	0.59918	0.6143	0.60438	0.61141	0.6272	0.6279	0.63291	0.63276	0.61804	0.62	0.64208	0.65711	0.66601	0.6642	0.66523	0.66685	0.66541	0.65964	0.65659	0.64793	0.63977	0.62585	0.5891	0.53717	0.49968	0.46552	0.44025	0.42363	0.41326	0.40606	0.39597	0.38844	0.38536	0.3801	0.36793	0.3493	0.32845	0.31829	0.31321	0.3089	0.30281	0.29088	0.2657	0.24043	0.22096	0.198
1.6	0.23214	0.27081	0.29319	0.3111	0.32167	0.32353	0.33124	0.36285	0.40491	0.44685	0.47829	0.50601	0.52054	0.53131	0.53751	0.55425	0.56879	0.5592	0.56683	0.58133	0.58167	0.58628	0.58728	0.57261	0.57483	0.59609	0.60972	0.61791	0.61586	0.61701	0.61902	0.61729	0.61272	0.60846	0.60005	0.59142	0.57926	0.54118	0.49205	0.45615	0.42099	0.39503	0.37924	0.37014	0.3639	0.35458	0.3464	0.34344	0.33829	0.32666	0.30967	0.29036	0.27894	0.27484	0.27062	0.26336	0.25217	0.22973	0.20603	0.18958	0.1686
1.73	0.24037	0.2838	0.31407	0.33259	0.34496	0.34581	0.35474	0.39152	0.43604	0.4815	0.51777	0.54716	0.56396	0.57762	0.58661	0.6066	0.62132	0.61081	0.6184	0.63828	0.63796	0.64358	0.64447	0.62958	0.6327	0.65668	0.67373	0.68225	0.68092	0.68328	0.68624	0.68369	0.67898	0.67503	0.66721	0.65975	0.64289	0.60446	0.5497	0.50868	0.46937	0.44353	0.42411	0.41297	0.40605	0.39607	0.38908	0.385	0.38061	0.36628	0.3491	0.3277	0.31582	0.31005	0.30282	0.29588	0.28387	0.25822	0.232	0.21202	0.18827
1.8	0.24255	0.28498	0.30878	0.3301	0.3417	0.34502	0.35316	0.38954	0.43265	0.47946	0.51571	0.54341	0.56241	0.5733	0.58282	0.60136	0.6176	0.60725	0.61621	0.63291	0.63494	0.63833	0.64098	0.62565	0.62904	0.6519	0.66741	0.67764	0.67556	0.67735	0.68014	0.67811	0.67256	0.6702	0.66222	0.6529	0.63888	0.59802	0.5447	0.50467	0.46489	0.43715	0.42055	0.4096	0.40241	0.39265	0.38514	0.37903	0.37569	0.36268	0.34359	0.32282	0.31085	0.30553	0.30083	0.29429	0.282	0.25532	0.22932	0.20831	0.18605
1.8	0.22416	0.26409	0.28802	0.30641	0.32017	0.32046	0.3276	0.36205	0.40166	0.44269	0.47972	0.50515	0.51982	0.52935	0.54101	0.55368	0.56981	0.56074	0.56841	0.58347	0.58645	0.58782	0.5909	0.57585	0.57784	0.59912	0.61415	0.6212	0.62035	0.62216	0.62309	0.62251	0.61802	0.61417	0.60546	0.59746	0.58186	0.54734	0.49755	0.45974	0.42493	0.40009	0.38355	0.37318	0.3654	0.35866	0.3512	0.34688	0.3423	0.32922	0.3134	0.29428	0.28482	0.27771	0.27333	0.26628	0.25581	0.23327	0.20911	0.19137	0.16975
1.89	0.2339	0.27511	0.30048	0.31825	0.32902	0.33343	0.33916	0.37475	0.41622	0.45988	0.49483	0.52238	0.53942	0.55018	0.56041	0.57661	0.5919	0.58291	0.58995	0.6064	0.60891	0.61248	0.61437	0.60039	0.60271	0.62496	0.64023	0.64918	0.64744	0.64995	0.65262	0.6507	0.64456	0.64299	0.63408	0.6254	0.61289	0.57417	0.52224	0.48412	0.44713	0.4223	0.40408	0.39476	0.38924	0.3804	0.37116	0.36733	0.36283	0.35052	0.33445	0.31327	0.30156	0.29681	0.29182	0.28452	0.27351	0.24774	0.22215	0.20446	0.18295
1.9	0.21315	0.24823	0.27219	0.29099	0.30241	0.30366	0.30987	0.34157	0.37973	0.41958	0.45378	0.47778	0.49218	0.50273	0.51075	0.52756	0.54122	0.53137	0.53769	0.5535	0.55494	0.55859	0.55858	0.54641	0.54842	0.56822	0.58135	0.58814	0.58827	0.5893	0.59204	0.58895	0.58394	0.58122	0.57225	0.56422	0.5502	0.51451	0.46695	0.43011	0.39536	0.3705	0.35453	0.34589	0.33807	0.33104	0.32292	0.31896	0.31514	0.30378	0.28652	0.26986	0.25752	0.25453	0.24829	0.2432	0.23117	0.21105	0.18846	0.17125	0.15278
1.92	0.20202	0.23739	0.26185	0.27654	0.28972	0.29202	0.29704	0.33073	0.36854	0.40729	0.44022	0.4646	0.48102	0.49063	0.49946	0.5153	0.53041	0.52306	0.5283	0.54513	0.54603	0.55131	0.55182	0.54035	0.54214	0.56335	0.57897	0.58553	0.58474	0.58722	0.58803	0.58778	0.58322	0.58036	0.57237	0.56419	0.54957	0.51361	0.46494	0.42727	0.39168	0.36655	0.34948	0.34058	0.33446	0.32724	0.31923	0.31472	0.31067	0.29927	0.28509	0.26659	0.2542	0.24973	0.24409	0.23884	0.22794	0.20652	0.18547	0.16837	0.14928
2.04	0.17469	0.20653	0.22317	0.23886	0.24863	0.25434	0.25809	0.28736	0.32147	0.35553	0.38531	0.40864	0.42076	0.43031	0.43772	0.45192	0.46604	0.45939	0.46497	0.48019	0.4817	0.48498	0.48661	0.47674	0.47908	0.49714	0.50965	0.5163	0.51566	0.51776	0.51819	0.51917	0.51407	0.51079	0.50445	0.49707	0.48108	0.44866	0.40442	0.36861	0.33429	0.31081	0.29667	0.28765	0.28296	0.27382	0.26762	0.26493	0.26089	0.25005	0.23624	0.22052	0.20939	0.20675	0.20166	0.19583	0.18762	0.16866	0.14891	0.13644	0.11925
2.05	0.16024	0.19204	0.21093	0.22497	0.23604	0.23989	0.2461	0.2742	0.31005	0.34185	0.37205	0.39506	0.41008	0.42048	0.42921	0.4443	0.45724	0.45224	0.45739	0.47373	0.47621	0.48001	0.48286	0.47222	0.4752	0.49451	0.50867	0.51504	0.51603	0.51716	0.5195	0.51893	0.51623	0.51316	0.50632	0.49805	0.48366	0.44855	0.40369	0.36479	0.33041	0.30638	0.28987	0.28294	0.27691	0.27028	0.26155	0.25994	0.25551	0.24471	0.23228	0.21449	0.2052	0.19824	0.19408	0.18935	0.18056	0.16247	0.14431	0.12848	0.11258
2.05	0.15075	0.17934	0.19946	0.20959	0.22172	0.22629	0.23238	0.25812	0.2905	0.32333	0.35191	0.37428	0.38691	0.39519	0.40436	0.41835	0.4313	0.42691	0.4328	0.44789	0.44967	0.45321	0.4559	0.44612	0.44748	0.46664	0.47981	0.48746	0.48626	0.4897	0.4898	0.48988	0.48626	0.48232	0.47596	0.46684	0.45326	0.42015	0.37438	0.33824	0.30451	0.27918	0.26376	0.2552	0.25283	0.24387	0.23603	0.23473	0.23101	0.22183	0.20782	0.19185	0.18257	0.17746	0.17162	0.16723	0.15952	0.14438	0.1272	0.11381	0.0972
2.2	0.15659	0.18579	0.20724	0.22187	0.23384	0.23847	0.24542	0.27391	0.30823	0.34364	0.37485	0.39772	0.41372	0.42473	0.4345	0.4499	0.46591	0.46021	0.46824	0.48406	0.48824	0.49342	0.4953	0.48511	0.48946	0.50923	0.52496	0.53278	0.53362	0.53497	0.53818	0.53796	0.53382	0.53309	0.52594	0.51696	0.50301	0.46575	0.41683	0.37703	0.33878	0.31135	0.29419	0.28556	0.27967	0.27248	0.26563	0.26228	0.25728	0.24784	0.23388	0.2175	0.20561	0.19955	0.19335	0.18881	0.18082	0.16128	0.14283	0.1279	0.10939
2.2	0.14903	0.17402	0.1927	0.20835	0.21632	0.22053	0.22785	0.2544	0.28578	0.3198	0.34772	0.37026	0.38387	0.39469	0.40395	0.4174	0.43144	0.42656	0.43595	0.44869	0.4516	0.455	0.45762	0.44822	0.45239	0.46968	0.48425	0.49131	0.49012	0.49299	0.49479	0.49335	0.49023	0.4881	0.48047	0.4722	0.45746	0.4222	0.37656	0.33935	0.30324	0.27848	0.26249	0.25548	0.24909	0.24292	0.23495	0.23201	0.22876	0.21939	0.20565	0.19013	0.1801	0.17495	0.16966	0.16592	0.15774	0.14252	0.12562	0.11126	0.09507
2.31	0.13352	0.16083	0.17653	0.19027	0.19851	0.20433	0.20893	0.23602	0.26424	0.29491	0.32166	0.34236	0.35684	0.36679	0.37466	0.38675	0.40111	0.39631	0.40311	0.41766	0.41824	0.42396	0.42584	0.4167	0.42036	0.4374	0.4496	0.45629	0.4565	0.45839	0.46091	0.45915	0.4558	0.45415	0.44689	0.43803	0.42352	0.39033	0.34621	0.31111	0.27861	0.25474	0.23818	0.23194	0.2265	0.21945	0.21545	0.21202	0.2072	0.19997	0.18692	0.17266	0.16172	0.15628	0.15257	0.14806	0.14185	0.12623	0.11215	0.09931	0.08343
2.55	0.13205	0.16039	0.17564	0.19002	0.2013	0.2074	0.21463	0.24089	0.27355	0.30704	0.3352	0.35733	0.3731	0.38525	0.39483	0.41049	0.42634	0.42184	0.42979	0.44671	0.45067	0.45658	0.45959	0.44951	0.45429	0.47421	0.48816	0.49711	0.498	0.50016	0.50328	0.50373	0.50086	0.4988	0.49289	0.48309	0.46687	0.43003	0.38188	0.34128	0.30137	0.27481	0.25815	0.24988	0.24382	0.23815	0.23221	0.2283	0.22363	0.2143	0.2021	0.18449	0.17361	0.16825	0.16325	0.15722	0.15041	0.13462	0.11759	0.10408	0.08734
2.68	0.13303	0.1596	0.17697	0.18936	0.201	0.2058	0.21248	0.23858	0.27047	0.30247	0.33081	0.35233	0.36571	0.37708	0.3867	0.40112	0.41637	0.4127	0.42016	0.4347	0.43938	0.44281	0.4455	0.43656	0.44032	0.45977	0.47342	0.4813	0.48197	0.48413	0.48576	0.48577	0.48242	0.48093	0.47368	0.46459	0.44987	0.4139	0.36706	0.32884	0.29187	0.26544	0.25049	0.24306	0.23827	0.23071	0.22488	0.22127	0.2173	0.20755	0.19494	0.18017	0.16881	0.16354	0.15936	0.15426	0.14634	0.13068	0.11462	0.10114	0.08537
2.72	0.13237	0.15612	0.17205	0.18577	0.19551	0.1995	0.20791	0.23333	0.26187	0.29497	0.31984	0.34091	0.35594	0.36501	0.37314	0.38979	0.40216	0.39835	0.40666	0.4218	0.42414	0.42948	0.43138	0.42213	0.42642	0.44443	0.45745	0.46515	0.46545	0.46829	0.4698	0.46912	0.4658	0.46492	0.45729	0.44846	0.43404	0.39947	0.35542	0.31729	0.28145	0.25704	0.24307	0.23479	0.22986	0.22273	0.21762	0.2139	0.20951	0.2007	0.18885	0.1742	0.16375	0.15801	0.15344	0.14914	0.14069	0.12728	0.11162	0.09867	0.08439
2.84	0.1186	0.14133	0.15886	0.17112	0.182	0.18462	0.19245	0.21701	0.24457	0.27394	0.29982	0.31825	0.33278	0.34329	0.35252	0.36525	0.37858	0.37559	0.38303	0.39782	0.40046	0.40605	0.40757	0.3985	0.4031	0.42129	0.43335	0.44172	0.44223	0.44515	0.44759	0.4465	0.44369	0.44225	0.43594	0.4273	0.41234	0.37948	0.33532	0.29956	0.26485	0.24064	0.22607	0.21919	0.21493	0.20874	0.20374	0.19996	0.19589	0.18779	0.17589	0.16153	0.15152	0.1464	0.14224	0.13879	0.13151	0.11749	0.10317	0.09114	0.07717
3	0.10341	0.11819	0.13383	0.14441	0.15296	0.15719	0.16362	0.1854	0.20922	0.23544	0.25701	0.27619	0.2875	0.29612	0.30537	0.31823	0.32845	0.32704	0.33406	0.3465	0.35049	0.35359	0.35531	0.34884	0.353	0.36809	0.38087	0.38777	0.38831	0.39032	0.3921	0.39192	0.38966	0.38803	0.38145	0.37333	0.35929	0.32775	0.28807	0.25427	0.22111	0.19922	0.18606	0.17914	0.1745	0.1696	0.165	0.16168	0.15835	0.15024	0.14141	0.12873	0.11922	0.11485	0.11155	0.10711	0.10267	0.09073	0.07919	0.06884	0.05714
3	0.08816	0.10591	0.11926	0.12904	0.13714	0.14263	0.14941	0.16813	0.1919	0.21653	0.23774	0.25553	0.26849	0.2771	0.28497	0.2989	0.30945	0.30913	0.31692	0.32915	0.3333	0.33761	0.33992	0.33335	0.33818	0.35355	0.36534	0.37263	0.37392	0.3765	0.37836	0.37881	0.37712	0.37537	0.36961	0.36139	0.34674	0.31527	0.27572	0.24118	0.20728	0.18536	0.17195	0.16613	0.16217	0.15737	0.15247	0.14974	0.14686	0.13838	0.13022	0.11836	0.10817	0.10382	0.1005	0.09607	0.09163	0.08105	0.0702	0.06107	0.04991
3.1	0.07725	0.09175	0.10579	0.1151	0.12252	0.12757	0.13378	0.15193	0.17397	0.19758	0.21768	0.23493	0.2472	0.2549	0.26471	0.27647	0.28804	0.28744	0.29509	0.30796	0.3116	0.31621	0.31854	0.31328	0.31798	0.33296	0.3446	0.35203	0.35373	0.35533	0.35826	0.35782	0.35656	0.35576	0.35002	0.34189	0.32683	0.2958	0.25682	0.22249	0.18973	0.16739	0.15505	0.15019	0.14501	0.14121	0.1357	0.13405	0.13075	0.12417	0.11498	0.10424	0.0949	0.09119	0.08753	0.08364	0.0798	0.07127	0.06043	0.0515	0.04115
3.1	0.07613	0.09016	0.10149	0.11178	0.11792	0.12276	0.12978	0.14776	0.17001	0.19302	0.2126	0.22988	0.24231	0.25111	0.26136	0.27418	0.28437	0.28357	0.29208	0.30476	0.30804	0.31326	0.31562	0.31019	0.31521	0.33099	0.34232	0.34962	0.35109	0.35364	0.356	0.35626	0.35516	0.35395	0.34869	0.33986	0.32544	0.29387	0.25432	0.21981	0.18621	0.16453	0.15198	0.14573	0.14136	0.13672	0.13217	0.12899	0.12689	0.12023	0.11139	0.10096	0.09171	0.08836	0.08457	0.08072	0.07619	0.06715	0.05752	0.04921	0.03908
3.21	0.07025	0.08509	0.09798	0.10714	0.11447	0.11978	0.12717	0.14407	0.16513	0.18661	0.20758	0.22378	0.23548	0.24483	0.25244	0.26417	0.27572	0.27555	0.28299	0.29556	0.30016	0.30461	0.3066	0.30031	0.30515	0.32071	0.33262	0.33827	0.33984	0.34182	0.34383	0.34469	0.34342	0.34196	0.33644	0.32858	0.31297	0.28321	0.24331	0.21034	0.17738	0.15642	0.14407	0.13871	0.1346	0.12986	0.12546	0.12274	0.11941	0.11426	0.10533	0.09595	0.08756	0.08204	0.07909	0.07595	0.07152	0.06337	0.05438	0.04625	0.0365
3.3	0.07652	0.09016	0.10371	0.11332	0.12065	0.12598	0.13279	0.15227	0.17479	0.19814	0.21819	0.23722	0.24929	0.25884	0.26677	0.28005	0.2921	0.29214	0.29973	0.31165	0.31616	0.32201	0.32452	0.31815	0.32375	0.33926	0.35196	0.35907	0.36058	0.36348	0.36547	0.36579	0.36449	0.36407	0.35743	0.34913	0.33351	0.30306	0.26239	0.22658	0.1932	0.17132	0.15841	0.1517	0.14849	0.14304	0.13899	0.13528	0.13257	0.12596	0.11762	0.10645	0.0967	0.09212	0.08879	0.08597	0.08098	0.07164	0.06236	0.05204	0.04317
3.3	0.08024	0.09489	0.1077	0.11899	0.12592	0.13107	0.13666	0.15744	0.18013	0.20472	0.22559	0.24274	0.25663	0.26537	0.27499	0.28775	0.30001	0.30002	0.30789	0.32127	0.32573	0.33088	0.33322	0.32757	0.33286	0.34974	0.36159	0.369	0.37085	0.37371	0.37649	0.37682	0.37594	0.37497	0.36964	0.36073	0.34481	0.31382	0.27241	0.23676	0.20236	0.17967	0.16536	0.15982	0.15665	0.15067	0.14637	0.14421	0.13993	0.13416	0.12548	0.1134	0.10421	0.09883	0.09569	0.09179	0.08665	0.07695	0.06534	0.05585	0.04593
3.33	0.07612	0.0913	0.10381	0.11223	0.12078	0.1262	0.13311	0.15205	0.17402	0.19756	0.21907	0.2364	0.24858	0.25744	0.26736	0.28019	0.29151	0.29215	0.29952	0.31187	0.31692	0.32247	0.32466	0.31929	0.32426	0.3408	0.35305	0.36014	0.3621	0.36523	0.36716	0.36756	0.36677	0.36569	0.36087	0.3526	0.33726	0.30568	0.26545	0.23029	0.1973	0.17359	0.16138	0.15491	0.15127	0.14661	0.14267	0.13957	0.13581	0.12957	0.12072	0.10876	0.09979	0.09542	0.092	0.08915	0.08339	0.07464	0.06405	0.05458	0.04388
3.47	0.06793	0.08169	0.09163	0.10099	0.10863	0.11457	0.11998	0.13689	0.15741	0.17891	0.19638	0.2139	0.22417	0.23367	0.24218	0.25414	0.26473	0.26366	0.27158	0.28317	0.28805	0.29211	0.29482	0.29046	0.29467	0.30935	0.32044	0.3269	0.3289	0.33093	0.33299	0.33344	0.3321	0.33136	0.32599	0.31805	0.30359	0.27458	0.23717	0.2041	0.17309	0.15241	0.14027	0.13464	0.13179	0.12689	0.12258	0.12111	0.11771	0.1122	0.1041	0.09419	0.0858	0.08118	0.07808	0.07488	0.07034	0.06285	0.05327	0.0456	0.03697
3.6	0.0596	0.07286	0.08223	0.09155	0.09749	0.10091	0.1077	0.12311	0.14183	0.16204	0.17946	0.19412	0.20481	0.21409	0.22086	0.23185	0.2409	0.24261	0.2489	0.26029	0.26402	0.26922	0.27137	0.26696	0.27099	0.2849	0.29436	0.3015	0.30402	0.30652	0.30836	0.3085	0.30779	0.3068	0.30199	0.29412	0.28046	0.25146	0.21561	0.18501	0.15504	0.13508	0.12452	0.1189	0.116	0.11218	0.10818	0.1056	0.10305	0.09746	0.09075	0.08104	0.07315	0.06897	0.06657	0.06365	0.05917	0.05313	0.04466	0.03803	0.02963
3.85	0.04977	0.05983	0.06898	0.07663	0.08313	0.08704	0.09348	0.10833	0.12542	0.14304	0.15998	0.17374	0.18469	0.19224	0.2003	0.2102	0.22186	0.22243	0.2292	0.24021	0.24542	0.24978	0.25255	0.24848	0.25347	0.26646	0.27746	0.28376	0.28597	0.28833	0.29063	0.29103	0.29126	0.29023	0.28616	0.278	0.26477	0.23621	0.20157	0.17129	0.14264	0.12308	0.11254	0.10761	0.10436	0.10103	0.09687	0.09572	0.09323	0.08802	0.08123	0.07238	0.06546	0.06156	0.05885	0.05589	0.05204	0.04649	0.03889	0.03252	0.02537
3.9	0.05069	0.06167	0.06937	0.07726	0.08311	0.08736	0.09311	0.10774	0.12421	0.14312	0.1595	0.17323	0.18323	0.19181	0.19879	0.21033	0.22051	0.22131	0.2284	0.23935	0.24419	0.24915	0.25148	0.2471	0.25237	0.26619	0.2764	0.28322	0.28524	0.28783	0.28994	0.29061	0.29047	0.28982	0.28577	0.27787	0.26411	0.23676	0.20177	0.17179	0.14311	0.12325	0.11302	0.10848	0.10455	0.10164	0.09905	0.09629	0.09298	0.08868	0.08165	0.07325	0.06668	0.06203	0.05957	0.05703	0.05387	0.04734	0.03939	0.03287	0.02613
3.95	0.04691	0.05892	0.06604	0.07447	0.07921	0.08344	0.08826	0.10241	0.11876	0.13595	0.15171	0.16466	0.17526	0.18276	0.19054	0.2011	0.21036	0.21148	0.21902	0.22945	0.2335	0.23853	0.24138	0.23714	0.24248	0.25517	0.26561	0.27207	0.27362	0.27673	0.27884	0.28006	0.27968	0.27961	0.27428	0.26788	0.25393	0.22714	0.19347	0.16422	0.13655	0.11786	0.10747	0.10256	0.09967	0.09687	0.09344	0.09159	0.08887	0.0838	0.07806	0.06945	0.06215	0.05874	0.05619	0.05425	0.05027	0.04493	0.03736	0.03087	0.02441
4.17	0.04094	0.05001	0.05711	0.0632	0.06919	0.07336	0.07824	0.0907	0.10598	0.12262	0.13692	0.14868	0.15861	0.16558	0.1726	0.18246	0.19157	0.19321	0.19959	0.20981	0.21402	0.21851	0.22106	0.2179	0.22251	0.2345	0.24429	0.25073	0.2528	0.2552	0.25693	0.25766	0.25811	0.25763	0.25372	0.24652	0.23279	0.20761	0.17632	0.14875	0.12246	0.10486	0.09489	0.09159	0.08883	0.08561	0.08229	0.08026	0.07781	0.07392	0.06849	0.06092	0.05451	0.05058	0.04869	0.04679	0.04364	0.03835	0.03223	0.02665	0.02044
4.14	0.03624	0.04418	0.05043	0.05595	0.06015	0.06405	0.06846	0.07929	0.09318	0.10812	0.12061	0.13204	0.14002	0.14686	0.15385	0.16254	0.1712	0.17312	0.17924	0.18811	0.19248	0.19724	0.19841	0.19629	0.20029	0.21217	0.22139	0.22735	0.22912	0.23169	0.23419	0.23475	0.23398	0.23448	0.23094	0.22425	0.21153	0.18742	0.1579	0.13205	0.10717	0.09142	0.08284	0.07864	0.07666	0.07328	0.071	0.06884	0.06666	0.06312	0.05772	0.05187	0.04579	0.04252	0.04061	0.03889	0.03614	0.03168	0.02605	0.02183	0.01687
4.2	0.03012	0.0373	0.04196	0.0485	0.05276	0.05586	0.06049	0.07011	0.08233	0.09519	0.10739	0.11828	0.12598	0.13296	0.13893	0.14708	0.15529	0.15669	0.16365	0.17208	0.17649	0.18038	0.1824	0.17968	0.18457	0.19569	0.20462	0.2105	0.21307	0.21522	0.21644	0.21784	0.21816	0.21812	0.21443	0.20771	0.19562	0.17245	0.14386	0.11867	0.09596	0.07995	0.07156	0.06855	0.06613	0.06397	0.06091	0.05974	0.05755	0.05447	0.05001	0.04339	0.03848	0.03586	0.03412	0.03196	0.03083	0.02611	0.02219	0.01763	0.01307
4.3	0.02648	0.03427	0.03793	0.04275	0.04749	0.05105	0.05507	0.06436	0.07637	0.08933	0.10029	0.11053	0.11884	0.12507	0.13126	0.14019	0.14798	0.15056	0.15616	0.16444	0.17003	0.17424	0.17595	0.17381	0.17876	0.18939	0.19834	0.20402	0.20663	0.20891	0.2114	0.21235	0.2129	0.21269	0.20913	0.20231	0.19023	0.16693	0.13935	0.11398	0.09033	0.07545	0.06755	0.06352	0.0619	0.05927	0.05753	0.05531	0.05331	0.04952	0.04592	0.04052	0.0347	0.03169	0.03079	0.02934	0.02682	0.02377	0.01935	0.01581	0.0117
4.39	0.02624	0.03201	0.03681	0.04133	0.04656	0.04971	0.05448	0.06352	0.07409	0.08676	0.09888	0.10877	0.11662	0.12351	0.13019	0.13879	0.1465	0.14798	0.15431	0.1636	0.16775	0.17212	0.175	0.17255	0.17771	0.18837	0.19705	0.20265	0.20508	0.20787	0.2094	0.21084	0.21094	0.21112	0.20757	0.20086	0.18912	0.16567	0.13799	0.11176	0.0887	0.07385	0.06547	0.06226	0.06063	0.0582	0.05614	0.05463	0.05188	0.04915	0.04479	0.03937	0.03466	0.03134	0.02973	0.02763	0.02619	0.02278	0.01877	0.01511	0.01074
4.5	0.0268	0.03108	0.03819	0.04268	0.04715	0.05058	0.05446	0.06401	0.07609	0.08925	0.10098	0.11099	0.11878	0.12495	0.13176	0.14096	0.14856	0.15079	0.15692	0.1662	0.17053	0.17562	0.17701	0.17534	0.17984	0.19098	0.20011	0.20606	0.20821	0.21057	0.21299	0.21394	0.21469	0.21433	0.2105	0.20447	0.19213	0.16887	0.14068	0.1152	0.09121	0.07662	0.06764	0.06472	0.06301	0.05941	0.05782	0.056	0.05414	0.05047	0.04678	0.04059	0.03542	0.03285	0.03088	0.02934	0.02748	0.02407	0.01968	0.01511	0.01183
4.52	0.0277	0.0343	0.0398	0.04358	0.04935	0.05295	0.05653	0.06711	0.07907	0.09154	0.10468	0.11458	0.12306	0.12973	0.13606	0.14504	0.15315	0.15504	0.16235	0.17127	0.17546	0.18012	0.18211	0.1799	0.18469	0.19626	0.20575	0.21118	0.21369	0.21605	0.21801	0.21928	0.21926	0.21979	0.21615	0.20962	0.19708	0.17391	0.14502	0.11918	0.09503	0.07957	0.07153	0.0679	0.06652	0.06347	0.06114	0.05886	0.05787	0.0537	0.04902	0.04294	0.03794	0.03537	0.03362	0.03155	0.02938	0.02518	0.02092	0.01707	0.01313
4.7	0.02932	0.03584	0.04096	0.04706	0.05085	0.05405	0.05886	0.06827	0.08028	0.0942	0.10624	0.11677	0.12493	0.13229	0.13905	0.14702	0.15544	0.15745	0.16356	0.17283	0.17788	0.18243	0.18492	0.18203	0.18689	0.19795	0.2068	0.21323	0.21539	0.21827	0.22061	0.22163	0.2217	0.22165	0.21877	0.21162	0.19909	0.17587	0.14663	0.12094	0.0972	0.08132	0.07289	0.06956	0.06784	0.06511	0.06323	0.06127	0.05876	0.0555	0.05079	0.04468	0.03976	0.03607	0.03421	0.03297	0.03069	0.0269	0.02271	0.01844	0.01344
4.7	0.02974	0.03499	0.03942	0.04565	0.0501	0.05319	0.05799	0.06732	0.07901	0.09223	0.1049	0.11473	0.12272	0.12936	0.13573	0.14445	0.15246	0.15421	0.16076	0.16948	0.17361	0.17909	0.18074	0.17867	0.18333	0.1948	0.20363	0.20967	0.21152	0.21417	0.21598	0.21736	0.21749	0.21767	0.21458	0.20791	0.19545	0.17252	0.14373	0.11901	0.09464	0.07988	0.07217	0.06816	0.06593	0.06365	0.06165	0.05944	0.05738	0.05451	0.04942	0.04373	0.03863	0.03524	0.03444	0.03243	0.03049	0.02594	0.02214	0.01783	0.01377
4.8	0.02483	0.0327	0.03653	0.0416	0.04664	0.04946	0.0543	0.06393	0.07479	0.08748	0.09895	0.10829	0.11615	0.12376	0.12991	0.13802	0.14612	0.14853	0.15428	0.16378	0.16729	0.1721	0.17443	0.17268	0.17695	0.18809	0.19673	0.20194	0.20488	0.20706	0.20931	0.21048	0.21096	0.21084	0.20803	0.20149	0.18879	0.16698	0.13849	0.11445	0.09186	0.07667	0.06853	0.06522	0.06339	0.06033	0.05825	0.05697	0.0545	0.05153	0.0471	0.04119	0.03648	0.03309	0.03176	0.03074	0.02869	0.02455	0.02064	0.01655	0.01227
4.8	0.02498	0.03019	0.03458	0.03789	0.0427	0.04591	0.05041	0.05951	0.06974	0.08117	0.09148	0.10147	0.10914	0.11492	0.12135	0.12872	0.13638	0.13839	0.14463	0.15287	0.15719	0.1616	0.16296	0.16112	0.16569	0.17596	0.18451	0.19017	0.19262	0.19471	0.19708	0.19802	0.19849	0.19877	0.19526	0.18933	0.17787	0.15606	0.13019	0.10657	0.08399	0.07032	0.06235	0.05896	0.05705	0.05474	0.05255	0.05144	0.04943	0.04726	0.04284	0.03749	0.03186	0.02933	0.02795	0.02692	0.0249	0.02236	0.01791	0.01454	0.01087
5.1	0.0147	0.0183	0.02167	0.02533	0.02776	0.03059	0.03402	0.04046	0.04822	0.05736	0.06536	0.07278	0.07842	0.08377	0.08895	0.09486	0.10117	0.10382	0.10892	0.11555	0.11926	0.12305	0.12494	0.12389	0.12768	0.13667	0.14346	0.14843	0.15075	0.15261	0.15441	0.15581	0.15635	0.15669	0.15425	0.14903	0.13869	0.12022	0.09829	0.07862	0.0606	0.04893	0.04283	0.04052	0.03848	0.03753	0.03579	0.03419	0.03324	0.03096	0.02821	0.02386	0.02108	0.0191	0.01776	0.01708	0.01524	0.01312	0.01048	0.00804	0.00587
5.12	0.01429	0.0173	0.02097	0.02327	0.02681	0.02888	0.03214	0.039	0.04605	0.05456	0.06232	0.06913	0.07549	0.08012	0.08501	0.09103	0.09722	0.09907	0.10385	0.11132	0.1145	0.11844	0.12024	0.11915	0.12282	0.13133	0.138	0.14319	0.14521	0.14719	0.14908	0.15041	0.15116	0.15137	0.14905	0.14369	0.1334	0.11574	0.0942	0.0752	0.05751	0.04648	0.04099	0.03898	0.03778	0.03563	0.03415	0.03317	0.03194	0.02973	0.02686	0.02318	0.02009	0.01823	0.01702	0.01607	0.01517	0.01236	0.01014	0.00802	0.00584
5.4	0.01391	0.01715	0.02012	0.02271	0.02563	0.0278	0.03091	0.037	0.04412	0.05225	0.05956	0.06637	0.07209	0.07673	0.08112	0.08716	0.09293	0.09509	0.10002	0.1064	0.11029	0.11384	0.11537	0.11447	0.11837	0.12671	0.1334	0.13784	0.14055	0.14238	0.14404	0.14526	0.14594	0.1464	0.14394	0.13885	0.12893	0.11162	0.09013	0.0717	0.05523	0.04428	0.03886	0.03664	0.03541	0.03351	0.03244	0.03132	0.0302	0.0282	0.02561	0.02196	0.01869	0.01706	0.01604	0.01486	0.01377	0.0119	0.01002	0.00771	0.00552
5.45	0.01259	0.01574	0.018	0.02118	0.02385	0.02548	0.02879	0.0345	0.04081	0.04927	0.05647	0.06299	0.06838	0.07305	0.07745	0.08387	0.08962	0.09118	0.09623	0.10277	0.10582	0.10917	0.11156	0.11025	0.11404	0.12221	0.12857	0.13375	0.13574	0.13769	0.13958	0.14072	0.14145	0.14195	0.13965	0.13413	0.12449	0.10771	0.08715	0.06912	0.05249	0.04198	0.037	0.03497	0.03332	0.03195	0.03076	0.02986	0.0286	0.02685	0.02375	0.02038	0.01746	0.01592	0.01471	0.01403	0.01294	0.01092	0.00922	0.00681	0.00456
5.54	0.01112	0.0148	0.01771	0.01971	0.02216	0.02431	0.02754	0.03335	0.03973	0.04719	0.0539	0.06051	0.06584	0.0704	0.07503	0.0809	0.08576	0.08844	0.09309	0.09909	0.10315	0.10622	0.10812	0.10719	0.11097	0.11888	0.12555	0.13006	0.13224	0.13425	0.1364	0.13742	0.13818	0.13866	0.13647	0.13124	0.12156	0.10475	0.08476	0.06681	0.05029	0.04073	0.03565	0.03333	0.03192	0.03065	0.02924	0.02822	0.02701	0.02547	0.02327	0.01958	0.01699	0.01537	0.01426	0.0133	0.01232	0.01032	0.00825	0.0066	0.00458
5.6	0.01109	0.01362	0.01681	0.0184	0.02153	0.02316	0.02621	0.03161	0.03766	0.04508	0.05229	0.05802	0.0636	0.0682	0.07225	0.07785	0.0836	0.08567	0.09034	0.0965	0.0999	0.10358	0.10538	0.10458	0.10822	0.11646	0.12245	0.12707	0.12952	0.13148	0.13275	0.13432	0.13523	0.13563	0.13327	0.12807	0.11885	0.10222	0.08238	0.06475	0.04893	0.03857	0.0337	0.03165	0.03048	0.02918	0.02782	0.02713	0.0254	0.02434	0.02168	0.01793	0.01575	0.01414	0.01313	0.01257	0.01139	0.00946	0.00781	0.00596	0.0043
5.6	0.01068	0.01369	0.01558	0.0181	0.02075	0.02214	0.02563	0.03075	0.03708	0.04362	0.05134	0.05682	0.06249	0.06641	0.07104	0.07658	0.0816	0.08408	0.08847	0.0949	0.09792	0.10169	0.1032	0.10238	0.10603	0.11407	0.12036	0.12539	0.12704	0.12906	0.13065	0.1322	0.13333	0.13371	0.13138	0.12634	0.11705	0.10045	0.08103	0.06333	0.04766	0.03784	0.03311	0.03093	0.02961	0.02863	0.02727	0.02638	0.02548	0.02351	0.02101	0.01817	0.0153	0.01404	0.01308	0.01223	0.01138	0.00944	0.0079	0.00576	0.00424
5.9	0.0104	0.0126	0.01514	0.01749	0.01988	0.02162	0.0241	0.02902	0.03531	0.04183	0.04873	0.05466	0.05955	0.0639	0.06793	0.07323	0.07892	0.0811	0.08535	0.09131	0.09474	0.09859	0.10022	0.09956	0.1033	0.11073	0.11707	0.12145	0.12343	0.12593	0.12708	0.12888	0.12955	0.13024	0.12797	0.1233	0.11414	0.09777	0.07884	0.06158	0.04634	0.03678	0.03206	0.0299	0.02887	0.02756	0.02634	0.02547	0.02443	0.02274	0.02026	0.01753	0.01467	0.01331	0.01246	0.01167	0.01076	0.00915	0.00738	0.00564	0.00379
6	0.01021	0.01302	0.015	0.01746	0.01916	0.02134	0.02398	0.0288	0.03483	0.04139	0.04788	0.05352	0.05868	0.06284	0.06664	0.07226	0.07721	0.07917	0.0837	0.08993	0.09321	0.09653	0.09798	0.0975	0.10137	0.10889	0.11488	0.11928	0.12143	0.12354	0.12521	0.12664	0.12757	0.12821	0.12585	0.1212	0.11215	0.09644	0.07746	0.06073	0.04569	0.03621	0.03144	0.02979	0.02856	0.02734	0.02621	0.0252	0.0242	0.02252	0.02018	0.01695	0.01445	0.01316	0.01222	0.01184	0.01079	0.00912	0.0073	0.00553	0.00384
6	0.00845	0.01122	0.01392	0.0156	0.01818	0.01992	0.02234	0.02681	0.03284	0.0393	0.04531	0.05109	0.05571	0.05951	0.06383	0.06862	0.07381	0.07616	0.08058	0.08597	0.08944	0.09257	0.09446	0.09389	0.09752	0.10481	0.1108	0.115	0.11719	0.11916	0.12081	0.12206	0.12288	0.1235	0.1216	0.11692	0.10795	0.09235	0.07456	0.05813	0.04365	0.03439	0.0298	0.02793	0.02702	0.02553	0.02451	0.0238	0.0228	0.02086	0.01886	0.01606	0.01347	0.01195	0.0113	0.01061	0.00988	0.00828	0.00645	0.00497	0.00332
6.09	0.0092	0.01111	0.013	0.01505	0.01732	0.01867	0.02071	0.02571	0.03061	0.03665	0.04281	0.04795	0.05256	0.05669	0.05998	0.06476	0.06977	0.07168	0.07595	0.08156	0.08455	0.08788	0.08953	0.08884	0.09215	0.09928	0.10505	0.10893	0.11109	0.11318	0.11466	0.11619	0.1169	0.11767	0.11579	0.11111	0.10262	0.0879	0.07044	0.05494	0.04078	0.03203	0.02786	0.02621	0.02503	0.024	0.02317	0.02217	0.02141	0.01966	0.01774	0.01503	0.01273	0.01117	0.01061	0.00994	0.00936	0.00777	0.00624	0.00468	0.00329
6.25	0.00706	0.00862	0.01109	0.01309	0.01501	0.01645	0.01913	0.02278	0.02772	0.03342	0.03898	0.04389	0.04808	0.05153	0.05517	0.05986	0.06427	0.06643	0.07029	0.07551	0.07823	0.08129	0.0829	0.08246	0.08577	0.0923	0.09776	0.1019	0.10408	0.10575	0.10718	0.1085	0.10929	0.11017	0.10812	0.10395	0.09583	0.08168	0.065	0.05041	0.03703	0.02911	0.02524	0.02365	0.02251	0.02142	0.02033	0.01962	0.01889	0.01762	0.01551	0.01303	0.01096	0.00965	0.00928	0.00859	0.00763	0.00659	0.00509	0.00375	0.00258
6.3	0.00691	0.00825	0.01017	0.01203	0.0132	0.01445	0.01662	0.02064	0.02491	0.03016	0.03505	0.03952	0.04367	0.04698	0.05017	0.05411	0.0587	0.06051	0.06396	0.06904	0.0718	0.07469	0.07641	0.07586	0.07912	0.08516	0.09031	0.09427	0.09595	0.09783	0.09926	0.10045	0.10153	0.10201	0.10019	0.09612	0.08849	0.07513	0.05952	0.04598	0.03366	0.02595	0.0222	0.02093	0.02002	0.01919	0.01816	0.01746	0.01689	0.01544	0.01399	0.01194	0.0097	0.00877	0.00801	0.00747	0.00681	0.00594	0.00453	0.0033	0.0022
6.46	0.0058	0.00717	0.00874	0.01091	0.01174	0.01339	0.01469	0.01813	0.0223	0.02722	0.03168	0.03575	0.0397	0.04286	0.04605	0.04991	0.05374	0.05526	0.05872	0.06322	0.06627	0.06919	0.07034	0.07009	0.07345	0.07913	0.08386	0.0876	0.08934	0.09113	0.0925	0.09378	0.09461	0.09535	0.09376	0.08976	0.08236	0.06961	0.0549	0.04201	0.03036	0.02357	0.02037	0.01889	0.01788	0.01731	0.01647	0.01583	0.01533	0.01386	0.01237	0.01033	0.00866	0.00758	0.00729	0.00675	0.00604	0.00536	0.00411	0.00303	0.0021
6.57	0.00469	0.00607	0.00792	0.00911	0.01049	0.01216	0.01347	0.01657	0.01999	0.0243	0.02874	0.03252	0.036	0.03865	0.04179	0.04538	0.04944	0.05082	0.05445	0.05867	0.06143	0.06407	0.06548	0.06533	0.06791	0.07371	0.07834	0.08156	0.0835	0.08523	0.08672	0.08783	0.08888	0.08934	0.08772	0.08403	0.07707	0.06481	0.05095	0.03856	0.0277	0.02124	0.01788	0.0169	0.01631	0.01538	0.01467	0.01408	0.01335	0.01203	0.0109	0.00912	0.00739	0.00679	0.00608	0.00583	0.00523	0.0041	0.00335	0.00229	0.00158
6.59	0.00502	0.00542	0.00758	0.00846	0.00942	0.01086	0.01246	0.01514	0.01863	0.02247	0.02603	0.02964	0.0333	0.03586	0.0386	0.04223	0.04586	0.04779	0.05088	0.05456	0.05711	0.05964	0.06124	0.06107	0.06377	0.06902	0.07351	0.07675	0.07859	0.08046	0.0815	0.08288	0.08371	0.08438	0.08283	0.07954	0.07229	0.06116	0.04772	0.03633	0.02565	0.01978	0.0167	0.01548	0.01478	0.0142	0.01328	0.0129	0.01227	0.01136	0.00994	0.00852	0.00687	0.00603	0.00588	0.00522	0.00468	0.00386	0.00311	0.00249	0.00153
6.97	0.00357	0.00451	0.00549	0.00629	0.00751	0.00841	0.00951	0.01181	0.01488	0.01814	0.02147	0.02459	0.02727	0.02968	0.03214	0.03527	0.03835	0.03999	0.04288	0.04665	0.04886	0.0509	0.0522	0.05219	0.0548	0.05952	0.06369	0.06659	0.06826	0.06979	0.07112	0.0722	0.07322	0.07386	0.07265	0.06919	0.06323	0.05292	0.04097	0.03078	0.02158	0.01629	0.01373	0.01266	0.01201	0.01134	0.01069	0.01037	0.00996	0.0091	0.00797	0.0067	0.00546	0.00469	0.00436	0.00395	0.00364	0.00325	0.00234	0.00167	0.00108
7.1	0.003	0.00427	0.00497	0.00625	0.00676	0.00758	0.00905	0.01126	0.01395	0.01724	0.02039	0.02311	0.02591	0.0282	0.03053	0.03348	0.03636	0.0379	0.04102	0.04447	0.04652	0.04885	0.05001	0.05013	0.0527	0.05714	0.06129	0.06418	0.06581	0.06732	0.06868	0.0698	0.07068	0.0714	0.07019	0.06704	0.06101	0.05108	0.03952	0.02958	0.02055	0.01553	0.01298	0.01204	0.01139	0.01098	0.0104	0.00992	0.00961	0.00876	0.00766	0.0064	0.00508	0.0045	0.00412	0.00381	0.00355	0.00294	0.00212	0.00158	0.00108
7.22	0.0032	0.00374	0.00483	0.0055	0.00666	0.00735	0.00859	0.01059	0.01339	0.01624	0.01931	0.02203	0.02467	0.02675	0.02903	0.03213	0.03496	0.0363	0.03904	0.04237	0.04472	0.04694	0.04802	0.04809	0.05045	0.05493	0.05864	0.06167	0.06306	0.06476	0.06596	0.06706	0.06806	0.06879	0.06766	0.06464	0.05909	0.04909	0.03807	0.02845	0.01982	0.01475	0.0124	0.01151	0.01112	0.01046	0.00995	0.00947	0.00898	0.00826	0.00741	0.00616	0.00491	0.00443	0.00399	0.00356	0.00349	0.00297	0.00229	0.00162	0.00102
7.4	0.00305	0.00399	0.00438	0.00531	0.00616	0.00696	0.00803	0.00996	0.01239	0.01535	0.01799	0.02053	0.02316	0.02504	0.02739	0.03014	0.03267	0.03413	0.03676	0.03991	0.04186	0.04406	0.04514	0.04529	0.04747	0.05171	0.05557	0.05829	0.0598	0.06134	0.06264	0.06363	0.06456	0.06523	0.06425	0.06137	0.0559	0.04651	0.03603	0.02687	0.01878	0.01413	0.01182	0.01099	0.0104	0.00986	0.0093	0.00892	0.00859	0.00781	0.00697	0.00567	0.00473	0.00392	0.00379	0.00349	0.00334	0.00274	0.00225	0.00156	0.00122
7.56	0.00257	0.00328	0.00396	0.00435	0.0052	0.00591	0.00686	0.00887	0.01111	0.01339	0.01597	0.01853	0.02067	0.02245	0.02464	0.0271	0.02942	0.0309	0.03344	0.03608	0.03821	0.04005	0.04122	0.04123	0.04351	0.04737	0.05086	0.05343	0.05498	0.05639	0.05751	0.05857	0.0594	0.06011	0.05916	0.05649	0.05152	0.04269	0.03279	0.02432	0.01689	0.01258	0.01051	0.00966	0.00913	0.00879	0.00824	0.00794	0.00753	0.00691	0.00627	0.00506	0.00398	0.00342	0.00316	0.00304	0.00272	0.00213	0.00161	0.00121	0.00079
7.6	0.00218	0.00278	0.00341	0.00393	0.00449	0.00496	0.00604	0.00727	0.00929	0.01137	0.01372	0.01574	0.01809	0.01951	0.02124	0.02338	0.02599	0.02712	0.02922	0.03193	0.03361	0.03547	0.03657	0.03667	0.03861	0.04218	0.04531	0.04772	0.04909	0.0504	0.05151	0.0525	0.05342	0.05393	0.05301	0.05064	0.04578	0.03813	0.02906	0.02137	0.01475	0.01078	0.00893	0.00831	0.00793	0.00763	0.00721	0.00685	0.00652	0.00592	0.00515	0.0043	0.00344	0.0029	0.0026	0.00251	0.00227	0.00196	0.00147	0.00113	0.00066
8.18	0.00095	0.00124	0.00172	0.00202	0.0026	0.00272	0.00335	0.00445	0.00568	0.00704	0.00849	0.0101	0.01121	0.01244	0.01371	0.01524	0.01695	0.0179	0.01953	0.02156	0.02295	0.02432	0.02506	0.02533	0.02688	0.02962	0.03201	0.03395	0.03517	0.03623	0.03712	0.03793	0.03877	0.03924	0.03869	0.0368	0.03306	0.02711	0.02049	0.01458	0.00967	0.0069	0.00566	0.00518	0.00505	0.00464	0.00438	0.00415	0.00394	0.00354	0.00311	0.00248	0.00202	0.00173	0.00153	0.00142	0.00126	0.00117	0.00082	0.00051	0.00035
8.4	0.00103	0.0012	0.00142	0.00195	0.0022	0.00246	0.003	0.00382	0.0049	0.00605	0.00738	0.00874	0.00988	0.01112	0.01206	0.01362	0.01504	0.01591	0.0174	0.01928	0.02047	0.02168	0.02243	0.02264	0.02408	0.02662	0.02876	0.03053	0.03169	0.03267	0.03349	0.03429	0.0352	0.03564	0.03508	0.03338	0.02997	0.0245	0.01826	0.01308	0.00866	0.00632	0.00506	0.0046	0.00433	0.00412	0.00392	0.00365	0.00346	0.00318	0.00276	0.00227	0.00182	0.00156	0.00134	0.00122	0.00115	0.00089	0.00074	0.0004	0.00025
8.57	0.00097	0.00093	0.00134	0.00148	0.00194	0.00214	0.00244	0.00335	0.00428	0.00537	0.00649	0.00763	0.00873	0.00967	0.01074	0.01203	0.01339	0.01412	0.01544	0.01712	0.01832	0.01943	0.02014	0.02028	0.02177	0.02396	0.02601	0.02773	0.02872	0.02967	0.03051	0.03133	0.03202	0.03257	0.0321	0.03045	0.02733	0.02227	0.01661	0.01185	0.00782	0.00542	0.00435	0.00405	0.00404	0.00366	0.00356	0.00321	0.00308	0.00274	0.00236	0.002	0.00151	0.00126	0.00122	0.00099	0.00099	0.00092	0.00066	0.0004	0.00027
8.81	0.00068	0.00058	0.00108	0.00112	0.00133	0.00163	0.00197	0.00251	0.00329	0.00428	0.0052	0.00611	0.00698	0.00774	0.00863	0.00972	0.01072	0.01158	0.01265	0.01403	0.01504	0.01608	0.01667	0.01693	0.01814	0.02011	0.02186	0.0233	0.02431	0.02513	0.02582	0.02659	0.02728	0.02774	0.0274	0.02597	0.02332	0.01887	0.01386	0.00982	0.00642	0.00443	0.00346	0.00322	0.00304	0.0029	0.00278	0.00258	0.00242	0.00212	0.00197	0.00153	0.00119	0.001	0.0009	0.00082	0.00077	0.00064	0.00048	0.00031	0.00026
9.1	0.0005	0.00031	0.00066	0.00076	0.00111	0.00125	0.00139	0.00194	0.00249	0.00307	0.00395	0.00465	0.00534	0.00608	0.00667	0.00751	0.00847	0.00914	0.01002	0.01113	0.0119	0.01274	0.01329	0.01359	0.01456	0.01621	0.01774	0.01893	0.01974	0.02056	0.02117	0.02183	0.02243	0.02295	0.02263	0.02142	0.01915	0.01537	0.01126	0.0079	0.00503	0.00354	0.00279	0.00246	0.00239	0.0022	0.00209	0.00192	0.00181	0.00169	0.00142	0.00123	0.0009	0.0007	0.00066	0.00059	0.00057	0.00048	0.0003	0.0003	0.00015
